-89.1 17.8
 -89.1 17.5
 -89.1 17.1
 -89.2 16.8
 -89.2 16.5
 -89.2 16.1
 -89.2 15.9
 -89.0 15.9
 -88.9 15.9
 -88.9 16.0
 -88.7 16.1
 -88.7 16.2
 -88.6 16.3
 -88.4 16.4
 -88.4 16.5
 -88.3 16.6
 -88.3 16.8
 -88.2 16.8
 -88.3 16.9
 -88.2 17.0
 -88.3 17.1
 -88.3 17.2
 -88.2 17.5
 -88.3 17.6
 -88.2 17.7
 -88.2 17.9
 -88.1 18.0
 -88.1 18.2
 -88.1 18.3
 -88.1 18.4
 -88.2 18.3
 -88.2 18.4
 -88.4 18.3
 -88.3 18.4
 -88.4 18.4
 -88.3 18.4
 -88.3 18.5
 -88.4 18.5
 -88.5 18.5
 -88.6 18.2
 -88.7 18.2
 -88.7 18.1
 -88.8 18.0
 -88.8 17.9
 -89.0 18.0
 -89.1 18.0
 -89.1 17.8
 

-89.1 17.8
 -89.1 17.5
 -89.1 17.1
 -89.2 16.8
 -89.2 16.5
 -89.2 16.1
 -89.2 15.9
 -89.0 15.9
 -88.9 15.9
 -88.9 16.0
 -88.7 16.1
 -88.7 16.2
 -88.6 16.3
 -88.4 16.4
 -88.4 16.5
 -88.3 16.6
 -88.3 16.8
 -88.2 16.8
 -88.3 16.9
 -88.2 17.0
 -88.3 17.1
 -88.3 17.2
 -88.2 17.5
 -88.3 17.6
 -88.2 17.7
 -88.2 17.9
 -88.1 18.0
 -88.1 18.2
 -88.1 18.3
 -88.1 18.4
 -88.2 18.3
 -88.2 18.4
 -88.4 18.3
 -88.3 18.4
 -88.4 18.4
 -88.3 18.4
 -88.3 18.5
 -88.4 18.5
 -88.5 18.5
 -88.6 18.2
 -88.7 18.2
 -88.7 18.1
 -88.8 18.0
 -88.8 17.9
 -89.0 18.0
 -89.1 18.0
 -89.1 17.8
 

