-85.7 11.1
 -85.7 11.1
 -85.7 11.0
 -85.9 10.9
 -85.7 10.8
 -85.7 10.6
 -85.6 10.6
 -85.8 10.5
 -85.8 10.4
 -85.9 10.3
 -85.8 10.2
 -85.7 10.0
 -85.7 9.9
 -85.6 9.9
 -85.3 9.8
 -85.3 9.7
 -85.1 9.6
 -85.0 9.7
 -84.9 9.8
 -84.9 9.9
 -85.1 10.0
 -85.2 10.0
 -85.2 10.1
 -85.3 10.3
 -85.2 10.2
 -85.1 10.2
 -85.1 10.1
 -84.9 10.0
 -84.7 10.0
 -84.6 9.8
 -84.7 9.6
 -84.5 9.5
 -84.2 9.5
 -84.2 9.4
 -84.1 9.4
 -83.9 9.3
 -83.7 9.1
 -83.6 9.0
 -83.6 8.8
 -83.7 8.8
 -83.6 8.8
 -83.7 8.6
 -83.6 8.4
 -83.5 8.4
 -83.3 8.4
 -83.3 8.5
 -83.5 8.7
 -83.4 8.7
 -83.3 8.7
 -83.2 8.6
 -83.1 8.6
 -83.2 8.6
 -83.1 8.4
 -83.1 8.3
 -83.0 8.2
 -82.9 8.0
 -82.9 8.3
 -83.0 8.3
 -82.8 8.5
 -82.8 8.6
 -82.9 8.7
 -82.9 8.8
 -82.7 8.9
 -82.9 9.0
 -82.9 9.1
 -82.9 9.4
 -82.9 9.5
 -82.8 9.5
 -82.9 9.6
 -82.8 9.6
 -82.7 9.6
 -82.6 9.5
 -82.6 9.6
 -82.7 9.6
 -82.9 9.8
 -83.0 10.0
 -83.1 10.0
 -83.3 10.2
 -83.4 10.4
 -83.5 10.6
 -83.6 10.7
 -83.6 10.9
 -83.7 10.9
 -83.7 10.8
 -83.9 10.7
 -84.0 10.8
 -84.2 10.8
 -84.2 10.9
 -84.3 10.9
 -84.4 11.0
 -84.7 11.1
 -84.9 10.9
 -84.9 11.0
 -85.3 11.1
 -85.6 11.2
 -85.7 11.2
 -85.7 11.1
 

-85.7 11.1
 -85.7 11.1
 -85.7 11.0
 -85.9 10.9
 -85.7 10.8
 -85.7 10.6
 -85.6 10.6
 -85.8 10.5
 -85.8 10.4
 -85.9 10.3
 -85.8 10.2
 -85.7 10.0
 -85.7 9.9
 -85.6 9.9
 -85.3 9.8
 -85.3 9.7
 -85.1 9.6
 -85.0 9.7
 -84.9 9.8
 -84.9 9.9
 -85.1 10.0
 -85.2 10.0
 -85.2 10.1
 -85.3 10.3
 -85.2 10.2
 -85.1 10.2
 -85.1 10.1
 -84.9 10.0
 -84.7 10.0
 -84.6 9.8
 -84.7 9.6
 -84.5 9.5
 -84.2 9.5
 -84.2 9.4
 -84.1 9.4
 -83.9 9.3
 -83.7 9.1
 -83.6 9.0
 -83.6 8.8
 -83.7 8.8
 -83.6 8.8
 -83.7 8.6
 -83.6 8.4
 -83.5 8.4
 -83.3 8.4
 -83.3 8.5
 -83.5 8.7
 -83.4 8.7
 -83.3 8.7
 -83.2 8.6
 -83.1 8.6
 -83.2 8.6
 -83.1 8.4
 -83.1 8.3
 -83.0 8.2
 -82.9 8.0
 -82.9 8.3
 -83.0 8.3
 -82.8 8.5
 -82.8 8.6
 -82.9 8.7
 -82.9 8.8
 -82.7 8.9
 -82.9 9.0
 -82.9 9.1
 -82.9 9.4
 -82.9 9.5
 -82.8 9.5
 -82.9 9.6
 -82.8 9.6
 -82.7 9.6
 -82.6 9.5
 -82.6 9.6
 -82.7 9.6
 -82.9 9.8
 -83.0 10.0
 -83.1 10.0
 -83.3 10.2
 -83.4 10.4
 -83.5 10.6
 -83.6 10.7
 -83.6 10.9
 -83.7 10.9
 -83.7 10.8
 -83.9 10.7
 -84.0 10.8
 -84.2 10.8
 -84.2 10.9
 -84.3 10.9
 -84.4 11.0
 -84.7 11.1
 -84.9 10.9
 -84.9 11.0
 -85.3 11.1
 -85.6 11.2
 -85.7 11.2
 -85.7 11.1
 

