-92.2 14.5
 -92.1 14.4
 -91.9 14.3
 -91.7 14.1
 -91.5 14.0
 -91.2 13.9
 -90.9 13.9
 -90.6 13.9
 -90.3 13.8
 -90.1 13.7
 -90.1 13.8
 -90.0 13.9
 -89.9 14.1
 -89.7 14.0
 -89.7 14.1
 -89.6 14.2
 -89.5 14.2
 -89.6 14.3
 -89.6 14.4
 -89.5 14.4
 -89.4 14.5
 -89.4 14.4
 -89.3 14.5
 -89.2 14.6
 -89.1 14.6
 -89.2 14.9
 -89.2 15.0
 -89.2 15.1
 -89.0 15.1
 -88.7 15.3
 -88.3 15.6
 -88.3 15.7
 -88.2 15.7
 -88.4 15.8
 -88.6 16.0
 -88.6 15.9
 -88.5 15.8
 -88.6 15.9
 -88.6 15.8
 -88.6 15.7
 -88.8 15.9
 -88.9 15.9
 -89.0 15.9
 -89.2 15.9
 -89.2 16.1
 -89.2 16.5
 -89.2 16.8
 -89.1 17.1
 -89.1 17.5
 -89.1 17.8
 -89.2 17.8
 -89.6 17.8
 -89.9 17.8
 -90.3 17.8
 -90.6 17.8
 -91.0 17.8
 -91.0 17.6
 -91.0 17.3
 -91.1 17.3
 -91.4 17.3
 -91.3 17.2
 -91.2 17.1
 -91.0 16.9
 -90.9 16.9
 -90.8 16.8
 -90.7 16.7
 -90.6 16.5
 -90.4 16.4
 -90.4 16.2
 -90.4 16.1
 -90.7 16.1
 -91.0 16.1
 -91.4 16.1
 -91.7 16.1
 -91.8 15.9
 -92.0 15.6
 -92.2 15.3
 -92.1 15.1
 -92.2 15.0
 -92.2 14.8
 -92.2 14.6
 -92.2 14.5
 

-92.2 14.5
 -92.1 14.4
 -91.9 14.3
 -91.7 14.1
 -91.5 14.0
 -91.2 13.9
 -90.9 13.9
 -90.6 13.9
 -90.3 13.8
 -90.1 13.7
 -90.1 13.8
 -90.0 13.9
 -89.9 14.1
 -89.7 14.0
 -89.7 14.1
 -89.6 14.2
 -89.5 14.2
 -89.6 14.3
 -89.6 14.4
 -89.5 14.4
 -89.4 14.5
 -89.4 14.4
 -89.3 14.5
 -89.2 14.6
 -89.1 14.6
 -89.2 14.9
 -89.2 15.0
 -89.2 15.1
 -89.0 15.1
 -88.7 15.3
 -88.3 15.6
 -88.3 15.7
 -88.2 15.7
 -88.4 15.8
 -88.6 16.0
 -88.6 15.9
 -88.5 15.8
 -88.6 15.9
 -88.6 15.8
 -88.6 15.7
 -88.8 15.9
 -88.9 15.9
 -89.0 15.9
 -89.2 15.9
 -89.2 16.1
 -89.2 16.5
 -89.2 16.8
 -89.1 17.1
 -89.1 17.5
 -89.1 17.8
 -89.2 17.8
 -89.6 17.8
 -89.9 17.8
 -90.3 17.8
 -90.6 17.8
 -91.0 17.8
 -91.0 17.6
 -91.0 17.3
 -91.1 17.3
 -91.4 17.3
 -91.3 17.2
 -91.2 17.1
 -91.0 16.9
 -90.9 16.9
 -90.8 16.8
 -90.7 16.7
 -90.6 16.5
 -90.4 16.4
 -90.4 16.2
 -90.4 16.1
 -90.7 16.1
 -91.0 16.1
 -91.4 16.1
 -91.7 16.1
 -91.8 15.9
 -92.0 15.6
 -92.2 15.3
 -92.1 15.1
 -92.2 15.0
 -92.2 14.8
 -92.2 14.6
 -92.2 14.5
 

