-89.4 14.4
 -89.1 14.3
 -89.0 14.3
 -89.0 14.2
 -88.9 14.2
 -88.8 14.1
 -88.7 14.1
 -88.7 14.0
 -88.5 14.0
 -88.5 13.9
 -88.4 13.9
 -88.2 14.0
 -88.1 14.0
 -88.0 13.9
 -87.9 13.9
 -87.8 13.9
 -87.7 13.8
 -87.8 13.5
 -87.7 13.5
 -87.8 13.4
 -87.7 13.4
 -87.6 13.5
 -87.6 13.4
 -87.5 13.3
 -87.5 13.4
 -87.4 13.4
 -87.5 13.3
 -87.4 13.1
 -87.3 13.1
 -87.4 13.1
 -87.3 13.0
 -87.1 13.0
 -87.0 13.0
 -86.9 13.2
 -86.8 13.3
 -86.7 13.3
 -86.7 13.4
 -86.7 13.5
 -86.8 13.7
 -86.8 13.8
 -86.5 13.8
 -86.4 13.8
 -86.3 13.8
 -86.2 14.0
 -86.1 14.0
 -86.0 14.1
 -86.0 14.0
 -85.9 13.9
 -85.8 13.8
 -85.7 13.8
 -85.7 14.0
 -85.5 14.1
 -85.4 14.2
 -85.3 14.3
 -85.2 14.3
 -85.2 14.4
 -85.1 14.6
 -85.1 14.5
 -85.0 14.6
 -85.0 14.7
 -84.8 14.8
 -84.7 14.7
 -84.4 14.6
 -84.3 14.7
 -84.2 14.8
 -84.2 14.7
 -84.1 14.7
 -84.1 14.8
 -83.9 14.8
 -83.8 14.8
 -83.7 14.9
 -83.5 14.9
 -83.5 15.0
 -83.4 15.0
 -83.2 15.0
 -83.1 15.0
 -83.2 15.0
 -83.3 15.1
 -83.4 15.2
 -83.5 15.3
 -83.7 15.4
 -83.5 15.3
 -83.5 15.2
 -83.6 15.2
 -83.5 15.2
 -83.5 15.3
 -83.6 15.3
 -83.7 15.2
 -83.8 15.2
 -83.9 15.4
 -84.0 15.4
 -83.9 15.3
 -83.8 15.3
 -83.9 15.2
 -84.0 15.3
 -83.9 15.3
 -84.0 15.3
 -84.1 15.4
 -84.1 15.5
 -84.2 15.5
 -84.1 15.5
 -84.0 15.5
 -83.9 15.5
 -84.1 15.6
 -84.2 15.8
 -84.5 15.9
 -84.4 15.8
 -84.6 15.8
 -84.6 15.9
 -84.7 15.9
 -84.9 16.0
 -85.0 16.0
 -85.1 15.9
 -85.4 15.9
 -85.7 15.9
 -85.7 16.0
 -85.9 16.0
 -86.0 16.0
 -85.9 16.0
 -85.9 15.9
 -86.0 15.9
 -86.1 15.9
 -86.4 15.8
 -86.6 15.8
 -86.9 15.8
 -87.1 15.8
 -87.4 15.9
 -87.5 15.8
 -87.6 15.9
 -87.7 15.9
 -88.0 15.9
 -87.9 15.8
 -88.0 15.8
 -88.1 15.7
 -88.2 15.7
 -88.3 15.7
 -88.3 15.6
 -88.7 15.3
 -89.0 15.1
 -89.2 15.1
 -89.2 15.0
 -89.2 14.9
 -89.1 14.6
 -89.2 14.6
 -89.3 14.5
 -89.4 14.4
 

-89.4 14.4
 -89.1 14.3
 -89.0 14.3
 -89.0 14.2
 -88.9 14.2
 -88.8 14.1
 -88.7 14.1
 -88.7 14.0
 -88.5 14.0
 -88.5 13.9
 -88.4 13.9
 -88.2 14.0
 -88.1 14.0
 -88.0 13.9
 -87.9 13.9
 -87.8 13.9
 -87.7 13.8
 -87.8 13.5
 -87.7 13.5
 -87.8 13.4
 -87.7 13.4
 -87.6 13.5
 -87.6 13.4
 -87.5 13.3
 -87.5 13.4
 -87.4 13.4
 -87.5 13.3
 -87.4 13.1
 -87.3 13.1
 -87.4 13.1
 -87.3 13.0
 -87.1 13.0
 -87.0 13.0
 -86.9 13.2
 -86.8 13.3
 -86.7 13.3
 -86.7 13.4
 -86.7 13.5
 -86.8 13.7
 -86.8 13.8
 -86.5 13.8
 -86.4 13.8
 -86.3 13.8
 -86.2 14.0
 -86.1 14.0
 -86.0 14.1
 -86.0 14.0
 -85.9 13.9
 -85.8 13.8
 -85.7 13.8
 -85.7 14.0
 -85.5 14.1
 -85.4 14.2
 -85.3 14.3
 -85.2 14.3
 -85.2 14.4
 -85.1 14.6
 -85.1 14.5
 -85.0 14.6
 -85.0 14.7
 -84.8 14.8
 -84.7 14.7
 -84.4 14.6
 -84.3 14.7
 -84.2 14.8
 -84.2 14.7
 -84.1 14.7
 -84.1 14.8
 -83.9 14.8
 -83.8 14.8
 -83.7 14.9
 -83.5 14.9
 -83.5 15.0
 -83.4 15.0
 -83.2 15.0
 -83.1 15.0
 -83.2 15.0
 -83.3 15.1
 -83.4 15.2
 -83.5 15.3
 -83.7 15.4
 -83.5 15.3
 -83.5 15.2
 -83.6 15.2
 -83.5 15.2
 -83.5 15.3
 -83.6 15.3
 -83.7 15.2
 -83.8 15.2
 -83.9 15.4
 -84.0 15.4
 -83.9 15.3
 -83.8 15.3
 -83.9 15.2
 -84.0 15.3
 -83.9 15.3
 -84.0 15.3
 -84.1 15.4
 -84.1 15.5
 -84.2 15.5
 -84.1 15.5
 -84.0 15.5
 -83.9 15.5
 -84.1 15.6
 -84.2 15.8
 -84.5 15.9
 -84.4 15.8
 -84.6 15.8
 -84.6 15.9
 -84.7 15.9
 -84.9 16.0
 -85.0 16.0
 -85.1 15.9
 -85.4 15.9
 -85.7 15.9
 -85.7 16.0
 -85.9 16.0
 -86.0 16.0
 -85.9 16.0
 -85.9 15.9
 -86.0 15.9
 -86.1 15.9
 -86.4 15.8
 -86.6 15.8
 -86.9 15.8
 -87.1 15.8
 -87.4 15.9
 -87.5 15.8
 -87.6 15.9
 -87.7 15.9
 -88.0 15.9
 -87.9 15.8
 -88.0 15.8
 -88.1 15.7
 -88.2 15.7
 -88.3 15.7
 -88.3 15.6
 -88.7 15.3
 -89.0 15.1
 -89.2 15.1
 -89.2 15.0
 -89.2 14.9
 -89.1 14.6
 -89.2 14.6
 -89.3 14.5
 -89.4 14.4
 

