-87.3 13.0
 -87.4 12.9
 -87.6 13.1
 -87.7 13.0
 -87.7 12.9
 -87.5 12.8
 -87.4 12.7
 -87.2 12.5
 -87.1 12.4
 -87.0 12.4
 -86.8 12.2
 -86.6 12.0
 -86.5 11.8
 -86.3 11.6
 -86.1 11.5
 -85.9 11.3
 -85.8 11.1
 -85.7 11.1
 -85.7 11.2
 -85.6 11.2
 -85.3 11.1
 -84.9 11.0
 -84.9 10.9
 -84.7 11.1
 -84.4 11.0
 -84.3 10.9
 -84.2 10.9
 -84.2 10.8
 -84.0 10.8
 -83.9 10.7
 -83.7 10.8
 -83.7 10.9
 -83.6 10.9
 -83.7 10.9
 -83.8 11.1
 -83.9 11.3
 -83.8 11.6
 -83.7 11.6
 -83.7 11.8
 -83.7 11.9
 -83.7 11.8
 -83.8 11.8
 -83.8 11.9
 -83.8 12.0
 -83.8 12.1
 -83.7 12.1
 -83.7 12.2
 -83.8 12.2
 -83.7 12.2
 -83.7 12.1
 -83.7 12.0
 -83.7 12.3
 -83.6 12.3
 -83.6 12.4
 -83.7 12.3
 -83.7 12.5
 -83.8 12.5
 -83.6 12.6
 -83.6 12.8
 -83.5 12.8
 -83.6 12.6
 -83.6 12.5
 -83.6 12.4
 -83.5 12.4
 -83.5 12.6
 -83.5 12.8
 -83.5 13.0
 -83.6 13.3
 -83.5 13.5
 -83.5 13.7
 -83.4 14.0
 -83.3 14.1
 -83.2 14.3
 -83.2 14.4
 -83.2 14.5
 -83.3 14.8
 -83.4 14.8
 -83.3 14.9
 -83.3 14.8
 -83.3 14.9
 -83.1 15.0
 -83.2 15.0
 -83.4 15.0
 -83.5 15.0
 -83.5 14.9
 -83.7 14.9
 -83.8 14.8
 -83.9 14.8
 -84.1 14.8
 -84.1 14.7
 -84.2 14.7
 -84.2 14.8
 -84.3 14.7
 -84.4 14.6
 -84.7 14.7
 -84.8 14.8
 -85.0 14.7
 -85.0 14.6
 -85.1 14.5
 -85.1 14.6
 -85.2 14.4
 -85.2 14.3
 -85.3 14.3
 -85.4 14.2
 -85.5 14.1
 -85.7 14.0
 -85.7 13.8
 -85.8 13.8
 -85.9 13.9
 -86.0 14.0
 -86.0 14.1
 -86.1 14.0
 -86.2 14.0
 -86.3 13.8
 -86.4 13.8
 -86.5 13.8
 -86.8 13.8
 -86.8 13.7
 -86.7 13.5
 -86.7 13.4
 -86.7 13.3
 -86.8 13.3
 -86.9 13.2
 -87.0 13.0
 -87.1 13.0
 -87.3 13.0
 

-87.3 13.0
 -87.4 12.9
 -87.6 13.1
 -87.7 13.0
 -87.7 12.9
 -87.5 12.8
 -87.4 12.7
 -87.2 12.5
 -87.1 12.4
 -87.0 12.4
 -86.8 12.2
 -86.6 12.0
 -86.5 11.8
 -86.3 11.6
 -86.1 11.5
 -85.9 11.3
 -85.8 11.1
 -85.7 11.1
 -85.7 11.2
 -85.6 11.2
 -85.3 11.1
 -84.9 11.0
 -84.9 10.9
 -84.7 11.1
 -84.4 11.0
 -84.3 10.9
 -84.2 10.9
 -84.2 10.8
 -84.0 10.8
 -83.9 10.7
 -83.7 10.8
 -83.7 10.9
 -83.6 10.9
 -83.7 10.9
 -83.8 11.1
 -83.9 11.3
 -83.8 11.6
 -83.7 11.6
 -83.7 11.8
 -83.7 11.9
 -83.7 11.8
 -83.8 11.8
 -83.8 11.9
 -83.8 12.0
 -83.8 12.1
 -83.7 12.1
 -83.7 12.2
 -83.8 12.2
 -83.7 12.2
 -83.7 12.1
 -83.7 12.0
 -83.7 12.3
 -83.6 12.3
 -83.6 12.4
 -83.7 12.3
 -83.7 12.5
 -83.8 12.5
 -83.6 12.6
 -83.6 12.8
 -83.5 12.8
 -83.6 12.6
 -83.6 12.5
 -83.6 12.4
 -83.5 12.4
 -83.5 12.6
 -83.5 12.8
 -83.5 13.0
 -83.6 13.3
 -83.5 13.5
 -83.5 13.7
 -83.4 14.0
 -83.3 14.1
 -83.2 14.3
 -83.2 14.4
 -83.2 14.5
 -83.3 14.8
 -83.4 14.8
 -83.3 14.9
 -83.3 14.8
 -83.3 14.9
 -83.1 15.0
 -83.2 15.0
 -83.4 15.0
 -83.5 15.0
 -83.5 14.9
 -83.7 14.9
 -83.8 14.8
 -83.9 14.8
 -84.1 14.8
 -84.1 14.7
 -84.2 14.7
 -84.2 14.8
 -84.3 14.7
 -84.4 14.6
 -84.7 14.7
 -84.8 14.8
 -85.0 14.7
 -85.0 14.6
 -85.1 14.5
 -85.1 14.6
 -85.2 14.4
 -85.2 14.3
 -85.3 14.3
 -85.4 14.2
 -85.5 14.1
 -85.7 14.0
 -85.7 13.8
 -85.8 13.8
 -85.9 13.9
 -86.0 14.0
 -86.0 14.1
 -86.1 14.0
 -86.2 14.0
 -86.3 13.8
 -86.4 13.8
 -86.5 13.8
 -86.8 13.8
 -86.8 13.7
 -86.7 13.5
 -86.7 13.4
 -86.7 13.3
 -86.8 13.3
 -86.9 13.2
 -87.0 13.0
 -87.1 13.0
 -87.3 13.0
 

