-82.9 8.0
 -82.9 8.0
 -82.9 8.1
 -82.9 8.2
 -82.7 8.3
 -82.6 8.3
 -82.5 8.3
 -82.4 8.4
 -82.4 8.3
 -82.3 8.3
 -82.2 8.3
 -82.2 8.2
 -82.1 8.2
 -81.9 8.2
 -81.8 8.1
 -81.7 8.2
 -81.7 8.1
 -81.6 8.0
 -81.6 7.9
 -81.6 7.8
 -81.5 7.8
 -81.5 7.7
 -81.4 7.7
 -81.2 7.6
 -81.2 7.7
 -81.2 7.8
 -81.2 7.9
 -81.1 7.8
 -81.1 7.9
 -81.1 7.8
 -81.0 7.7
 -80.9 7.5
 -80.9 7.3
 -80.9 7.2
 -80.7 7.2
 -80.5 7.3
 -80.4 7.3
 -80.4 7.4
 -80.3 7.4
 -80.2 7.4
 -80.0 7.5
 -80.1 7.7
 -80.3 7.9
 -80.3 8.0
 -80.4 8.0
 -80.5 8.1
 -80.5 8.2
 -80.4 8.3
 -80.2 8.3
 -79.9 8.5
 -79.7 8.6
 -79.8 8.6
 -79.7 8.7
 -79.8 8.8
 -79.7 8.8
 -79.6 8.9
 -79.5 8.9
 -79.5 9.0
 -79.4 9.0
 -79.1 9.0
 -79.1 9.1
 -79.1 9.0
 -78.9 8.9
 -78.9 8.8
 -78.8 8.8
 -78.8 8.9
 -78.7 8.7
 -78.6 8.8
 -78.6 8.7
 -78.5 8.6
 -78.5 8.5
 -78.4 8.3
 -78.4 8.4
 -78.3 8.4
 -78.3 8.5
 -78.2 8.5
 -78.3 8.4
 -78.2 8.4
 -78.2 8.5
 -78.1 8.4
 -78.1 8.5
 -78.0 8.3
 -77.9 8.2
 -77.8 8.2
 -77.7 8.1
 -77.8 8.2
 -77.9 8.2
 -78.0 8.2
 -78.1 8.4
 -78.2 8.3
 -78.3 8.3
 -78.2 8.2
 -78.3 8.1
 -78.4 8.1
 -78.4 7.9
 -78.3 7.7
 -78.2 7.6
 -78.2 7.5
 -78.1 7.4
 -78.0 7.3
 -77.9 7.2
 -77.8 7.5
 -77.7 7.5
 -77.8 7.6
 -77.8 7.7
 -77.7 7.7
 -77.6 7.5
 -77.4 7.6
 -77.3 7.7
 -77.4 7.8
 -77.3 7.9
 -77.1 7.9
 -77.2 8.1
 -77.4 8.3
 -77.4 8.4
 -77.4 8.5
 -77.5 8.5
 -77.4 8.7
 -77.5 8.7
 -77.5 8.8
 -77.6 8.8
 -77.7 8.9
 -77.9 9.1
 -78.0 9.2
 -78.3 9.3
 -78.5 9.4
 -78.6 9.4
 -78.8 9.4
 -79.1 9.4
 -79.1 9.5
 -79.0 9.5
 -79.1 9.5
 -79.3 9.5
 -79.5 9.6
 -79.6 9.6
 -79.7 9.5
 -79.8 9.4
 -79.9 9.3
 -79.9 9.4
 -80.0 9.4
 -80.0 9.3
 -80.1 9.2
 -80.4 9.1
 -80.6 9.0
 -80.8 8.9
 -80.9 8.9
 -81.2 8.8
 -81.4 8.8
 -81.6 8.8
 -81.7 9.0
 -81.8 9.1
 -81.9 9.1
 -81.8 9.0
 -81.8 8.9
 -81.8 9.0
 -82.1 8.9
 -82.3 9.0
 -82.2 9.1
 -82.3 9.1
 -82.2 9.2
 -82.2 9.1
 -82.2 9.2
 -82.3 9.2
 -82.4 9.3
 -82.3 9.3
 -82.4 9.3
 -82.3 9.4
 -82.4 9.4
 -82.6 9.6
 -82.6 9.5
 -82.7 9.6
 -82.8 9.6
 -82.9 9.6
 -82.8 9.5
 -82.9 9.5
 -82.9 9.4
 -82.9 9.1
 -82.9 9.0
 -82.7 8.9
 -82.9 8.8
 -82.9 8.7
 -82.8 8.6
 -82.8 8.5
 -83.0 8.3
 -82.9 8.3
 -82.9 8.0
 

-82.9 8.0
 -82.9 8.0
 -82.9 8.1
 -82.9 8.2
 -82.7 8.3
 -82.6 8.3
 -82.5 8.3
 -82.4 8.4
 -82.4 8.3
 -82.3 8.3
 -82.2 8.3
 -82.2 8.2
 -82.1 8.2
 -81.9 8.2
 -81.8 8.1
 -81.7 8.2
 -81.7 8.1
 -81.6 8.0
 -81.6 7.9
 -81.6 7.8
 -81.5 7.8
 -81.5 7.7
 -81.4 7.7
 -81.2 7.6
 -81.2 7.7
 -81.2 7.8
 -81.2 7.9
 -81.1 7.8
 -81.1 7.9
 -81.1 7.8
 -81.0 7.7
 -80.9 7.5
 -80.9 7.3
 -80.9 7.2
 -80.7 7.2
 -80.5 7.3
 -80.4 7.3
 -80.4 7.4
 -80.3 7.4
 -80.2 7.4
 -80.0 7.5
 -80.1 7.7
 -80.3 7.9
 -80.3 8.0
 -80.4 8.0
 -80.5 8.1
 -80.5 8.2
 -80.4 8.3
 -80.2 8.3
 -79.9 8.5
 -79.7 8.6
 -79.8 8.6
 -79.7 8.7
 -79.8 8.8
 -79.7 8.8
 -79.6 8.9
 -79.5 8.9
 -79.5 9.0
 -79.4 9.0
 -79.1 9.0
 -79.1 9.1
 -79.1 9.0
 -78.9 8.9
 -78.9 8.8
 -78.8 8.8
 -78.8 8.9
 -78.7 8.7
 -78.6 8.8
 -78.6 8.7
 -78.5 8.6
 -78.5 8.5
 -78.4 8.3
 -78.4 8.4
 -78.3 8.4
 -78.3 8.5
 -78.2 8.5
 -78.3 8.4
 -78.2 8.4
 -78.2 8.5
 -78.1 8.4
 -78.1 8.5
 -78.0 8.3
 -77.9 8.2
 -77.8 8.2
 -77.7 8.1
 -77.8 8.2
 -77.9 8.2
 -78.0 8.2
 -78.1 8.4
 -78.2 8.3
 -78.3 8.3
 -78.2 8.2
 -78.3 8.1
 -78.4 8.1
 -78.4 7.9
 -78.3 7.7
 -78.2 7.6
 -78.2 7.5
 -78.1 7.4
 -78.0 7.3
 -77.9 7.2
 -77.8 7.5
 -77.7 7.5
 -77.8 7.6
 -77.8 7.7
 -77.7 7.7
 -77.6 7.5
 -77.4 7.6
 -77.3 7.7
 -77.4 7.8
 -77.3 7.9
 -77.1 7.9
 -77.2 8.1
 -77.4 8.3
 -77.4 8.4
 -77.4 8.5
 -77.5 8.5
 -77.4 8.7
 -77.5 8.7
 -77.5 8.8
 -77.6 8.8
 -77.7 8.9
 -77.9 9.1
 -78.0 9.2
 -78.3 9.3
 -78.5 9.4
 -78.6 9.4
 -78.8 9.4
 -79.1 9.4
 -79.1 9.5
 -79.0 9.5
 -79.1 9.5
 -79.3 9.5
 -79.5 9.6
 -79.6 9.6
 -79.7 9.5
 -79.8 9.4
 -79.9 9.3
 -79.9 9.4
 -80.0 9.4
 -80.0 9.3
 -80.1 9.2
 -80.4 9.1
 -80.6 9.0
 -80.8 8.9
 -80.9 8.9
 -81.2 8.8
 -81.4 8.8
 -81.6 8.8
 -81.7 9.0
 -81.8 9.1
 -81.9 9.1
 -81.8 9.0
 -81.8 8.9
 -81.8 9.0
 -82.1 8.9
 -82.3 9.0
 -82.2 9.1
 -82.3 9.1
 -82.2 9.2
 -82.2 9.1
 -82.2 9.2
 -82.3 9.2
 -82.4 9.3
 -82.3 9.3
 -82.4 9.3
 -82.3 9.4
 -82.4 9.4
 -82.6 9.6
 -82.6 9.5
 -82.7 9.6
 -82.8 9.6
 -82.9 9.6
 -82.8 9.5
 -82.9 9.5
 -82.9 9.4
 -82.9 9.1
 -82.9 9.0
 -82.7 8.9
 -82.9 8.8
 -82.9 8.7
 -82.8 8.6
 -82.8 8.5
 -83.0 8.3
 -82.9 8.3
 -82.9 8.0
 

