-90.1 13.7
 -90.1 13.7
 -89.8 13.6
 -89.8 13.5
 -89.6 13.5
 -89.3 13.5
 -89.1 13.4
 -89.0 13.3
 -88.7 13.2
 -88.5 13.2
 -88.6 13.2
 -88.6 13.3
 -88.7 13.3
 -88.6 13.3
 -88.5 13.2
 -88.4 13.2
 -88.3 13.2
 -88.2 13.2
 -87.9 13.2
 -87.8 13.2
 -87.8 13.3
 -87.9 13.4
 -87.8 13.4
 -87.7 13.5
 -87.8 13.5
 -87.7 13.8
 -87.8 13.9
 -87.9 13.9
 -88.0 13.9
 -88.1 14.0
 -88.2 14.0
 -88.4 13.9
 -88.5 13.9
 -88.5 14.0
 -88.7 14.0
 -88.7 14.1
 -88.8 14.1
 -88.9 14.2
 -89.0 14.2
 -89.0 14.3
 -89.1 14.3
 -89.4 14.4
 -89.4 14.5
 -89.5 14.4
 -89.6 14.4
 -89.6 14.3
 -89.5 14.2
 -89.6 14.2
 -89.7 14.1
 -89.7 14.0
 -89.9 14.1
 -90.0 13.9
 -90.1 13.8
 -90.1 13.7
 

-90.1 13.7
 -90.1 13.7
 -89.8 13.6
 -89.8 13.5
 -89.6 13.5
 -89.3 13.5
 -89.1 13.4
 -89.0 13.3
 -88.7 13.2
 -88.5 13.2
 -88.6 13.2
 -88.6 13.3
 -88.7 13.3
 -88.6 13.3
 -88.5 13.2
 -88.4 13.2
 -88.3 13.2
 -88.2 13.2
 -87.9 13.2
 -87.8 13.2
 -87.8 13.3
 -87.9 13.4
 -87.8 13.4
 -87.7 13.5
 -87.8 13.5
 -87.7 13.8
 -87.8 13.9
 -87.9 13.9
 -88.0 13.9
 -88.1 14.0
 -88.2 14.0
 -88.4 13.9
 -88.5 13.9
 -88.5 14.0
 -88.7 14.0
 -88.7 14.1
 -88.8 14.1
 -88.9 14.2
 -89.0 14.2
 -89.0 14.3
 -89.1 14.3
 -89.4 14.4
 -89.4 14.5
 -89.5 14.4
 -89.6 14.4
 -89.6 14.3
 -89.5 14.2
 -89.6 14.2
 -89.7 14.1
 -89.7 14.0
 -89.9 14.1
 -90.0 13.9
 -90.1 13.8
 -90.1 13.7
 

