-61.9 10.0
 -61.8 10.1
 -61.3 10.1
 -61.0 10.1
 -61.0 10.3
 -61.0 10.4
 -61.0 10.7
 -60.9 10.8
 -61.1 10.8
 -61.2 10.8
 -61.6 10.7
 -61.7 10.7
 -61.5 10.6
 -61.5 10.4
 -61.5 10.3
 -61.5 10.2
 -61.6 10.2
 -61.7 10.2
 -61.8 10.1
 -61.9 10.1
 -61.9 10.0
 

-61.9 10.0
 -61.8 10.1
 -61.3 10.1
 -61.0 10.1
 -61.0 10.3
 -61.0 10.4
 -61.0 10.7
 -60.9 10.8
 -61.1 10.8
 -61.2 10.8
 -61.6 10.7
 -61.7 10.7
 -61.5 10.6
 -61.5 10.4
 -61.5 10.3
 -61.5 10.2
 -61.6 10.2
 -61.7 10.2
 -61.8 10.1
 -61.9 10.1
 -61.9 10.0
 

