114.6 -28.8
 114.8 -29.1
 115.0 -29.5
 114.9 -29.7
 115.0 -29.9
 114.9 -30.1
 115.0 -30.3
 115.1 -30.6
 115.2 -30.9
 115.4 -31.2
 115.7 -31.7
 115.8 -32.2
 115.7 -32.3
 115.7 -32.4
 115.7 -32.5
 115.8 -32.6
 115.7 -32.6
 115.7 -32.7
 115.7 -32.8
 115.6 -32.6
 115.7 -32.5
 115.6 -32.7
 115.7 -33.0
 115.7 -33.3
 115.7 -33.2
 115.7 -33.3
 115.6 -33.3
 115.6 -33.4
 115.4 -33.6
 115.2 -33.7
 115.1 -33.6
 115.0 -33.5
 115.0 -33.6
 115.0 -33.7
 115.0 -34.3
 115.1 -34.4
 115.2 -34.3
 115.3 -34.3
 115.6 -34.5
 115.9 -34.7
 116.0 -34.8
 116.3 -34.9
 116.4 -34.9
 116.5 -34.9
 116.4 -34.9
 116.5 -35.0
 116.9 -35.1
 117.0 -35.0
 117.1 -35.1
 117.2 -35.0
 117.3 -35.0
 117.6 -35.1
 117.7 -35.1
 117.7 -35.0
 117.9 -35.1
 118.0 -35.1
 117.9 -35.0
 117.9 -35.1
 117.8 -35.0
 118.1 -35.0
 118.2 -35.0
 118.2 -34.9
 118.4 -34.9
 118.4 -34.8
 118.5 -34.7
 118.6 -34.7
 118.8 -34.6
 118.7 -34.6
 118.8 -34.5
 118.9 -34.5
 118.8 -34.5
 119.2 -34.5
 119.3 -34.5
 119.3 -34.4
 119.4 -34.5
 119.4 -34.4
 119.6 -34.4
 119.5 -34.4
 119.5 -34.3
 119.5 -34.2
 119.8 -34.0
 120.0 -33.9
 120.4 -34.0
 120.6 -33.9
 121.1 -33.9
 121.2 -33.9
 121.2 -33.8
 121.4 -33.8
 121.8 -33.9
 121.9 -33.8
 122.0 -33.8
 122.1 -34.0
 122.3 -34.0
 122.3 -33.9
 122.4 -33.9
 122.5 -34.0
 122.6 -33.9
 122.8 -33.9
 123.0 -33.9
 123.1 -33.9
 123.1 -34.0
 123.2 -34.0
 123.4 -33.9
 123.5 -33.9
 123.7 -33.8
 123.8 -33.7
 124.0 -33.6
 124.1 -33.2
 124.2 -33.0
 124.3 -33.0
 124.7 -32.9
 125.2 -32.6
 125.5 -32.6
 126.0 -32.3
 126.2 -32.2
 126.4 -32.3
 126.7 -32.3
 127.3 -32.3
 127.6 -32.2
 127.9 -32.1
 128.5 -31.9
 129.0 -31.7
 129.3 -31.7
 129.9 -31.6
 130.3 -31.6
 130.9 -31.6
 131.1 -31.5
 131.2 -31.5
 131.8 -31.7
 132.2 -32.0
 132.5 -32.0
 132.4 -32.0
 132.5 -32.0
 132.6 -31.9
 132.8 -32.0
 132.9 -32.0
 133.1 -32.1
 133.1 -32.2
 133.5 -32.2
 133.4 -32.2
 133.4 -32.1
 133.5 -32.1
 133.5 -32.2
 133.6 -32.2
 133.6 -32.1
 133.7 -32.1
 133.7 -32.2
 133.8 -32.3
 134.0 -32.4
 133.9 -32.4
 133.9 -32.5
 134.0 -32.5
 134.1 -32.5
 134.3 -32.6
 134.3 -32.7
 134.2 -32.8
 134.2 -32.7
 134.1 -32.7
 134.1 -32.8
 134.1 -32.9
 134.2 -32.9
 134.2 -33.0
 134.2 -33.1
 134.3 -33.2
 134.4 -33.2
 134.5 -33.2
 134.6 -33.2
 134.7 -33.2
 134.6 -33.2
 134.6 -33.1
 134.7 -33.2
 134.8 -33.4
 134.9 -33.5
 134.8 -33.6
 135.0 -33.8
 135.3 -34.0
 135.3 -34.1
 135.2 -34.1
 135.3 -34.2
 135.3 -34.3
 135.4 -34.6
 135.5 -34.6
 135.4 -34.6
 135.3 -34.6
 135.2 -34.5
 135.2 -34.4
 135.1 -34.6
 135.2 -34.6
 135.3 -34.6
 135.3 -34.7
 135.4 -34.7
 135.6 -34.9
 135.6 -35.0
 135.7 -35.0
 135.7 -34.9
 135.8 -34.9
 136.0 -35.0
 136.0 -34.9
 136.0 -34.8
 136.0 -34.7
 135.9 -34.8
 135.8 -34.8
 135.9 -34.8
 135.9 -34.7
 135.9 -34.6
 136.0 -34.5
 136.1 -34.5
 136.1 -34.4
 136.2 -34.3
 136.3 -34.1
 136.6 -34.0
 137.0 -33.8
 136.9 -33.8
 136.9 -33.7
 137.0 -33.7
 137.2 -33.7
 137.4 -33.4
 137.4 -33.1
 137.6 -33.0
 137.7 -33.0
 137.8 -33.0
 137.8 -32.8
 137.8 -32.6
 137.8 -32.5
 137.8 -32.6
 137.9 -32.8
 138.0 -33.0
 138.0 -33.1
 137.8 -33.2
 137.8 -33.3
 137.9 -33.5
 137.9 -33.6
 137.6 -33.9
 137.5 -34.0
 137.6 -34.1
 137.5 -34.1
 137.4 -34.2
 137.5 -34.2
 137.5 -34.4
 137.4 -34.5
 137.5 -34.4
 137.5 -34.5
 137.5 -34.6
 137.4 -34.9
 137.4 -35.0
 137.3 -34.9
 137.2 -34.9
 137.0 -34.9
 137.0 -35.0
 137.0 -35.1
 136.8 -35.3
 136.9 -35.3
 137.0 -35.2
 137.2 -35.2
 137.3 -35.2
 137.4 -35.1
 137.5 -35.1
 137.7 -35.2
 137.8 -35.1
 137.9 -34.7
 137.9 -34.6
 137.9 -34.4
 138.0 -34.3
 138.0 -34.2
 138.1 -34.1
 138.1 -34.2
 138.4 -34.6
 138.5 -34.7
 138.5 -34.8
 138.5 -35.0
 138.5 -35.1
 138.5 -35.2
 138.4 -35.4
 138.1 -35.5
 138.1 -35.6
 138.2 -35.7
 138.3 -35.6
 138.5 -35.7
 138.7 -35.5
 139.0 -35.6
 139.0 -35.5
 138.8 -35.5
 139.0 -35.5
 139.0 -35.4
 139.2 -35.3
 139.3 -35.4
 139.4 -35.5
 139.3 -35.5
 139.2 -35.5
 139.4 -35.6
 139.3 -35.7
 139.2 -35.7
 139.2 -35.6
 139.2 -35.5
 139.1 -35.5
 139.0 -35.6
 139.3 -35.8
 139.6 -36.0
 139.7 -36.2
 139.6 -36.1
 139.4 -35.9
 139.0 -35.6
 138.9 -35.6
 139.0 -35.6
 139.4 -35.9
 139.6 -36.2
 139.9 -36.7
 139.8 -36.8
 139.8 -36.9
 139.7 -37.0
 139.8 -37.2
 139.7 -37.2
 140.0 -37.5
 140.1 -37.5
 140.1 -37.6
 140.2 -37.7
 140.4 -37.9
 140.5 -38.0
 140.7 -38.1
 140.8 -38.1
 141.0 -38.1
 141.3 -38.2
 141.4 -38.3
 141.4 -38.4
 141.5 -38.4
 141.6 -38.4
 141.7 -38.4
 141.6 -38.3
 141.7 -38.3
 141.9 -38.3
 142.2 -38.4
 142.4 -38.4
 142.5 -38.4
 142.8 -38.6
 143.1 -38.7
 143.2 -38.8
 143.4 -38.8
 143.5 -38.9
 143.7 -38.7
 143.8 -38.7
 144.1 -38.5
 144.4 -38.3
 144.6 -38.3
 144.7 -38.2
 144.7 -38.1
 144.6 -38.1
 144.5 -38.2
 144.4 -38.1
 144.5 -38.1
 144.9 -37.9
 145.0 -37.9
 145.1 -38.0
 145.1 -38.1
 145.1 -38.2
 144.9 -38.4
 144.8 -38.4
 144.7 -38.3
 144.8 -38.4
 144.9 -38.5
 145.1 -38.4
 145.2 -38.4
 145.3 -38.2
 145.5 -38.2
 145.6 -38.4
 145.5 -38.4
 145.4 -38.4
 145.4 -38.5
 145.5 -38.6
 145.6 -38.7
 145.8 -38.6
 145.8 -38.7
 145.9 -38.9
 146.0 -38.9
 146.0 -38.8
 146.1 -38.8
 146.2 -38.9
 146.3 -39.1
 146.4 -39.1
 146.5 -39.1
 146.4 -39.0
 146.5 -38.9
 146.5 -38.8
 146.4 -38.8
 146.3 -38.9
 146.2 -38.7
 146.3 -38.7
 146.4 -38.7
 146.8 -38.7
 146.9 -38.6
 147.3 -38.3
 147.8 -38.0
 148.2 -37.8
 148.5 -37.8
 149.2 -37.8
 149.3 -37.8
 149.6 -37.7
 149.8 -37.6
 149.7 -37.5
 149.8 -37.5
 149.8 -37.6
 149.9 -37.6
 150.0 -37.5
 149.9 -37.3
 150.0 -37.3
 149.9 -37.1
 149.9 -36.9
 150.0 -36.8
 150.0 -36.7
 150.1 -36.6
 150.1 -36.5
 150.1 -36.3
 150.1 -36.1
 150.2 -36.1
 150.2 -35.9
 150.2 -35.8
 150.2 -35.7
 150.3 -35.7
 150.3 -35.6
 150.5 -35.3
 150.6 -35.2
 150.8 -35.2
 150.8 -35.1
 150.7 -35.1
 150.7 -35.0
 150.8 -35.0
 150.8 -35.1
 150.9 -35.0
 150.8 -35.0
 150.8 -34.9
 150.7 -34.9
 150.8 -34.8
 150.9 -34.6
 150.8 -34.6
 150.8 -34.5
 150.9 -34.5
 150.9 -34.4
 151.0 -34.3
 151.2 -34.1
 151.1 -34.1
 151.2 -34.0
 151.3 -34.0
 151.3 -33.9
 151.2 -33.9
 151.3 -33.8
 151.3 -33.6
 151.3 -33.7
 151.3 -33.6
 151.2 -33.6
 151.2 -33.5
 151.3 -33.6
 151.4 -33.5
 151.5 -33.4
 151.4 -33.4
 151.5 -33.3
 151.6 -33.3
 151.6 -33.2
 151.8 -32.9
 152.2 -32.8
 152.2 -32.7
 152.1 -32.7
 152.2 -32.7
 152.2 -32.6
 152.4 -32.5
 152.5 -32.4
 152.5 -32.3
 152.6 -32.2
 152.5 -32.2
 152.5 -32.1
 152.6 -31.9
 152.8 -31.8
 152.9 -31.6
 152.9 -31.5
 153.0 -31.3
 153.0 -31.1
 153.1 -30.9
 153.0 -30.9
 153.0 -30.6
 153.2 -30.1
 153.3 -29.9
 153.4 -29.4
 153.5 -29.0
 153.6 -28.9
 153.6 -28.7
 153.6 -28.5
 153.6 -28.3
 153.5 -28.1
 153.4 -28.0
 153.4 -27.8
 153.4 -27.7
 153.3 -27.6
 153.2 -27.5
 153.2 -27.4
 153.1 -27.3
 153.1 -27.2
 153.0 -27.2
 153.1 -27.1
 153.2 -27.1
 153.1 -26.9
 153.1 -26.7
 153.1 -26.4
 153.1 -26.3
 153.2 -25.9
 153.1 -25.9
 153.1 -25.8
 153.1 -25.9
 153.0 -26.0
 153.0 -25.8
 152.9 -25.8
 152.9 -25.6
 153.0 -25.5
 152.9 -25.5
 152.9 -25.4
 152.9 -25.3
 152.8 -25.2
 152.8 -25.3
 152.6 -25.2
 152.5 -25.0
 152.5 -24.8
 152.4 -24.8
 152.3 -24.7
 152.1 -24.6
 151.9 -24.2
 151.8 -24.2
 151.8 -24.0
 151.7 -24.1
 151.7 -24.0
 151.6 -24.0
 151.7 -24.0
 151.7 -24.1
 151.6 -24.0
 151.6 -24.1
 151.5 -24.1
 151.5 -24.0
 151.4 -24.0
 151.4 -23.9
 151.2 -23.8
 151.1 -23.7
 151.0 -23.6
 150.9 -23.6
 150.9 -23.5
 150.8 -23.3
 150.8 -23.2
 150.8 -23.0
 150.8 -22.8
 150.8 -22.5
 150.8 -22.6
 150.7 -22.6
 150.7 -22.5
 150.8 -22.5
 150.7 -22.4
 150.6 -22.3
 150.5 -22.4
 150.6 -22.6
 150.4 -22.5
 150.2 -22.4
 150.2 -22.3
 150.0 -22.1
 150.0 -22.2
 149.9 -22.3
 150.0 -22.5
 150.0 -22.6
 149.8 -22.4
 149.7 -22.5
 149.7 -22.3
 149.6 -22.3
 149.6 -22.2
 149.4 -21.8
 149.5 -21.7
 149.4 -21.6
 149.5 -21.6
 149.5 -21.5
 149.4 -21.6
 149.4 -21.5
 149.3 -21.5
 149.3 -21.3
 149.2 -21.3
 149.2 -21.1
 149.2 -21.0
 149.0 -21.0
 149.0 -20.9
 149.1 -20.9
 149.0 -20.9
 148.8 -20.9
 148.8 -20.8
 148.7 -20.6
 148.7 -20.5
 148.7 -20.4
 148.7 -20.5
 148.8 -20.5
 148.8 -20.4
 148.8 -20.5
 148.9 -20.5
 148.8 -20.4
 148.8 -20.2
 148.7 -20.3
 148.7 -20.2
 148.6 -20.2
 148.6 -20.1
 148.4 -20.1
 148.5 -20.1
 148.4 -20.2
 148.5 -20.2
 148.4 -20.2
 148.3 -20.1
 148.3 -20.0
 148.1 -19.9
 148.0 -19.9
 147.9 -19.9
 147.9 -19.8
 147.9 -19.7
 147.8 -19.7
 147.7 -19.7
 147.8 -19.8
 147.7 -19.8
 147.6 -19.7
 147.4 -19.3
 147.4 -19.4
 147.1 -19.4
 147.1 -19.3
 147.0 -19.2
 146.9 -19.3
 146.8 -19.3
 146.6 -19.2
 146.3 -19.0
 146.3 -18.8
 146.3 -18.6
 146.3 -18.5
 146.2 -18.5
 146.2 -18.4
 146.1 -18.3
 146.0 -18.2
 146.0 -18.1
 146.1 -18.0
 146.1 -17.8
 146.1 -17.6
 146.1 -17.5
 146.1 -17.4
 146.0 -17.4
 145.9 -17.0
 146.0 -16.9
 145.9 -16.9
 145.8 -16.9
 145.8 -17.0
 145.8 -16.9
 145.6 -16.7
 145.5 -16.6
 145.4 -16.5
 145.4 -16.3
 145.5 -16.3
 145.5 -16.2
 145.5 -16.1
 145.5 -16.0
 145.4 -15.9
 145.3 -15.6
 145.2 -15.4
 145.3 -15.3
 145.4 -15.3
 145.3 -15.2
 145.3 -15.3
 145.3 -15.2
 145.2 -15.1
 145.3 -14.9
 145.3 -15.0
 145.2 -14.9
 145.2 -14.8
 145.0 -14.8
 144.9 -14.6
 144.7 -14.6
 144.6 -14.5
 144.6 -14.3
 144.6 -14.4
 144.6 -14.3
 144.5 -14.2
 144.4 -14.3
 144.3 -14.3
 144.2 -14.3
 144.1 -14.4
 143.9 -14.5
 143.8 -14.4
 143.7 -14.0
 143.6 -13.9
 143.5 -13.8
 143.6 -13.4
 143.5 -13.3
 143.5 -12.9
 143.5 -12.8
 143.4 -12.9
 143.4 -12.6
 143.3 -12.5
 143.3 -12.4
 143.2 -12.4
 143.1 -12.3
 143.1 -12.2
 143.2 -12.0
 143.1 -11.9
 143.0 -11.9
 142.9 -11.8
 142.9 -11.7
 142.8 -11.5
 142.9 -11.4
 142.8 -11.3
 142.8 -11.2
 142.7 -11.0
 142.6 -10.9
 142.5 -10.9
 142.6 -10.8
 142.6 -10.7
 142.4 -10.7
 142.3 -10.9
 142.2 -10.9
 142.1 -11.0
 142.1 -11.3
 142.0 -11.8
 141.9 -12.0
 142.0 -12.0
 142.0 -12.1
 142.0 -12.0
 141.9 -12.1
 141.9 -12.0
 141.8 -12.1
 141.8 -12.2
 141.7 -12.2
 141.6 -12.6
 141.7 -12.5
 141.7 -12.4
 141.8 -12.5
 141.7 -12.5
 141.8 -12.6
 141.9 -12.6
 142.0 -12.6
 141.9 -12.6
 141.8 -12.7
 142.0 -12.7
 141.9 -12.8
 141.9 -12.7
 141.8 -12.7
 141.8 -12.8
 141.7 -12.9
 141.6 -12.9
 141.6 -13.0
 141.6 -13.2
 141.7 -13.2
 141.7 -13.3
 141.6 -13.4
 141.5 -13.5
 141.5 -13.8
 141.5 -13.9
 141.6 -14.1
 141.6 -14.2
 141.5 -14.5
 141.6 -14.8
 141.6 -14.9
 141.7 -15.1
 141.5 -15.5
 141.4 -15.8
 141.4 -15.9
 141.4 -16.1
 141.2 -16.6
 140.9 -17.0
 140.9 -17.4
 140.8 -17.5
 140.5 -17.6
 140.1 -17.7
 140.0 -17.7
 139.9 -17.6
 139.8 -17.6
 139.6 -17.5
 139.3 -17.3
 139.2 -17.3
 139.1 -17.1
 139.2 -17.0
 139.0 -16.9
 138.8 -16.9
 138.3 -16.7
 138.0 -16.6
 137.7 -16.2
 137.4 -16.1
 137.0 -15.9
 136.9 -15.9
 136.8 -15.9
 136.7 -15.9
 136.6 -15.8
 136.6 -15.7
 136.5 -15.7
 136.4 -15.6
 136.3 -15.6
 136.3 -15.5
 136.2 -15.4
 135.9 -15.2
 135.5 -15.0
 135.5 -14.9
 135.4 -14.7
 135.7 -14.4
 135.8 -14.2
 135.9 -14.2
 135.9 -14.0
 136.0 -13.9
 136.0 -13.8
 136.1 -13.7
 136.0 -13.6
 136.0 -13.7
 135.9 -13.8
 135.9 -13.7
 135.9 -13.4
 135.9 -13.5
 136.0 -13.4
 135.9 -13.4
 135.9 -13.3
 136.0 -13.3
 136.0 -13.2
 136.1 -13.3
 136.1 -13.2
 136.2 -13.1
 136.2 -13.2
 136.3 -13.1
 136.3 -13.2
 136.3 -13.1
 136.4 -13.1
 136.4 -13.2
 136.3 -13.3
 136.4 -13.2
 136.5 -13.2
 136.6 -13.1
 136.5 -13.0
 136.6 -13.0
 136.7 -13.0
 136.6 -12.9
 136.5 -12.9
 136.5 -12.8
 136.6 -12.8
 136.5 -12.7
 136.6 -12.8
 136.6 -12.7
 136.7 -12.7
 136.7 -12.5
 136.8 -12.5
 137.0 -12.3
 136.9 -12.3
 136.8 -12.2
 136.7 -12.2
 136.8 -12.3
 136.7 -12.3
 136.6 -12.2
 136.6 -12.1
 136.5 -12.0
 136.6 -11.9
 136.5 -11.9
 136.2 -12.1
 136.2 -12.2
 136.3 -12.2
 136.4 -12.2
 136.3 -12.4
 136.2 -12.5
 136.1 -12.4
 136.0 -12.5
 136.0 -12.4
 136.0 -12.3
 136.0 -12.2
 136.0 -12.3
 135.9 -12.2
 136.0 -12.1
 135.9 -12.2
 135.7 -12.3
 135.7 -12.2
 135.7 -12.1
 135.9 -12.0
 135.8 -12.0
 135.7 -12.0
 135.8 -12.0
 135.9 -11.8
 135.7 -11.9
 135.6 -12.0
 135.6 -12.1
 135.7 -12.0
 135.6 -12.1
 135.5 -12.1
 135.4 -12.1
 135.3 -12.2
 135.2 -12.2
 135.2 -12.3
 135.2 -12.2
 135.1 -12.3
 135.0 -12.2
 134.9 -12.1
 134.8 -12.0
 134.6 -12.1
 134.4 -12.1
 134.3 -12.0
 134.2 -12.1
 134.1 -11.9
 134.0 -11.8
 133.9 -11.9
 133.8 -11.8
 133.9 -11.8
 133.9 -11.7
 133.8 -11.7
 133.6 -11.8
 133.5 -11.9
 133.5 -11.8
 133.4 -11.8
 133.4 -11.7
 133.4 -11.8
 133.3 -11.7
 133.2 -11.7
 133.0 -11.5
 132.9 -11.4
 132.9 -11.3
 132.9 -11.4
 132.7 -11.5
 132.5 -11.2
 132.4 -11.2
 132.4 -11.3
 132.4 -11.2
 132.3 -11.1
 132.3 -11.2
 132.3 -11.3
 132.2 -11.1
 132.1 -11.1
 132.2 -11.3
 132.2 -11.4
 132.1 -11.3
 132.0 -11.1
 132.0 -11.2
 131.9 -11.3
 131.9 -11.2
 131.8 -11.2
 131.8 -11.3
 131.9 -11.3
 132.0 -11.4
 131.9 -11.4
 132.0 -11.4
 132.1 -11.5
 132.4 -11.4
 132.5 -11.5
 132.7 -11.7
 132.6 -11.8
 132.7 -11.9
 132.6 -12.0
 132.6 -12.1
 132.8 -12.1
 132.7 -12.1
 132.6 -12.1
 132.4 -12.2
 132.4 -12.3
 132.4 -12.4
 132.4 -12.3
 132.4 -12.2
 132.3 -12.2
 132.2 -12.2
 132.1 -12.3
 131.9 -12.3
 131.9 -12.2
 131.7 -12.3
 131.4 -12.3
 131.4 -12.2
 131.3 -12.1
 131.2 -12.2
 131.0 -12.1
 131.0 -12.2
 131.0 -12.4
 130.9 -12.3
 130.8 -12.4
 130.8 -12.5
 130.9 -12.5
 130.9 -12.6
 131.0 -12.6
 130.8 -12.5
 130.8 -12.6
 130.8 -12.4
 130.6 -12.4
 130.6 -12.6
 130.6 -12.7
 130.7 -12.7
 130.6 -12.7
 130.5 -12.7
 130.5 -12.6
 130.5 -12.7
 130.4 -12.7
 130.4 -12.8
 130.3 -12.9
 130.2 -12.9
 130.1 -12.9
 130.1 -13.0
 130.1 -13.2
 130.3 -13.3
 130.3 -13.4
 130.3 -13.3
 130.2 -13.3
 130.1 -13.5
 130.0 -13.5
 129.9 -13.5
 129.9 -13.4
 129.8 -13.7
 129.8 -13.8
 129.7 -13.9
 129.8 -13.9
 129.7 -14.0
 129.6 -14.1
 129.5 -14.0
 129.5 -14.1
 129.5 -14.2
 129.4 -14.2
 129.4 -14.4
 129.5 -14.5
 129.7 -14.6
 129.8 -14.5
 129.8 -14.6
 129.6 -14.6
 129.6 -14.7
 129.7 -14.8
 129.8 -14.8
 130.0 -14.7
 130.0 -14.8
 129.9 -14.8
 129.6 -14.8
 129.6 -15.0
 129.7 -15.2
 129.7 -15.1
 129.6 -15.1
 129.6 -15.2
 129.6 -15.1
 129.5 -15.0
 129.2 -14.8
 129.2 -14.9
 129.3 -15.0
 129.2 -15.2
 129.2 -15.0
 129.1 -14.9
 128.5 -14.8
 128.4 -14.8
 128.4 -14.9
 128.5 -15.0
 128.4 -15.0
 128.3 -15.0
 128.3 -14.9
 128.2 -15.0
 128.2 -15.1
 128.3 -15.3
 128.3 -15.4
 128.2 -15.3
 128.1 -15.2
 128.1 -15.3
 128.1 -15.4
 128.0 -15.5
 128.1 -15.4
 128.0 -15.3
 128.1 -15.3
 128.1 -15.1
 128.1 -14.9
 128.1 -14.8
 128.2 -14.8
 128.2 -14.7
 128.0 -14.6
 127.9 -14.6
 127.9 -14.5
 127.7 -14.2
 127.4 -14.1
 127.4 -14.0
 127.3 -13.9
 127.3 -14.0
 127.2 -13.9
 127.2 -14.0
 127.2 -13.9
 127.1 -14.0
 127.0 -13.7
 126.9 -13.7
 126.8 -13.8
 126.9 -13.8
 126.8 -13.8
 126.7 -13.8
 126.9 -14.0
 126.8 -14.0
 126.7 -14.0
 126.7 -14.1
 126.6 -14.1
 126.6 -14.2
 126.6 -14.1
 126.5 -14.1
 126.5 -14.0
 126.5 -13.9
 126.5 -14.0
 126.4 -14.0
 126.3 -14.1
 126.3 -14.2
 126.2 -14.2
 126.2 -14.0
 126.1 -14.0
 126.1 -13.9
 126.0 -13.9
 126.1 -14.0
 126.0 -14.0
 126.0 -14.1
 126.1 -14.1
 126.1 -14.2
 126.1 -14.3
 126.0 -14.4
 126.0 -14.5
 125.9 -14.5
 125.9 -14.6
 125.8 -14.6
 125.8 -14.5
 125.7 -14.5
 125.7 -14.4
 125.7 -14.6
 125.6 -14.6
 125.7 -14.5
 125.7 -14.4
 125.7 -14.3
 125.6 -14.2
 125.6 -14.5
 125.5 -14.6
 125.5 -14.5
 125.4 -14.6
 125.4 -14.5
 125.3 -14.6
 125.3 -14.5
 125.3 -14.6
 125.2 -14.6
 125.3 -14.6
 125.2 -14.7
 125.1 -14.8
 125.2 -14.9
 125.3 -14.9
 125.2 -14.9
 125.2 -15.0
 125.4 -15.0
 125.4 -15.1
 125.4 -15.2
 125.3 -15.1
 125.2 -15.1
 125.1 -15.0
 125.2 -15.2
 125.1 -15.2
 125.1 -15.0
 125.1 -15.1
 125.1 -15.0
 125.0 -15.0
 125.0 -15.1
 124.9 -15.1
 124.8 -15.2
 124.9 -15.2
 124.9 -15.3
 124.9 -15.2
 125.0 -15.2
 124.9 -15.3
 125.0 -15.3
 125.1 -15.3
 125.1 -15.4
 125.2 -15.5
 125.1 -15.5
 125.0 -15.5
 125.0 -15.4
 124.8 -15.3
 124.7 -15.3
 124.7 -15.4
 124.7 -15.5
 124.6 -15.4
 124.6 -15.5
 124.5 -15.5
 124.4 -15.5
 124.4 -15.6
 124.4 -15.7
 124.4 -15.9
 124.4 -15.8
 124.5 -16.0
 124.6 -15.8
 124.7 -15.8
 124.6 -15.9
 124.6 -16.0
 124.6 -16.1
 124.5 -16.2
 124.5 -16.1
 124.4 -16.1
 124.4 -16.3
 124.6 -16.3
 124.9 -16.4
 124.8 -16.4
 124.7 -16.4
 124.6 -16.4
 124.4 -16.4
 124.3 -16.4
 124.2 -16.4
 124.1 -16.3
 123.9 -16.2
 124.0 -16.3
 124.0 -16.4
 123.9 -16.3
 123.9 -16.4
 123.8 -16.4
 123.9 -16.3
 123.7 -16.3
 123.8 -16.2
 123.6 -16.2
 123.6 -16.3
 123.7 -16.3
 123.7 -16.4
 123.6 -16.4
 123.7 -16.4
 123.6 -16.4
 123.5 -16.4
 123.7 -16.5
 123.6 -16.5
 123.5 -16.5
 123.4 -16.5
 123.5 -16.5
 123.6 -16.5
 123.6 -16.6
 123.5 -16.7
 123.7 -16.7
 123.8 -16.9
 123.9 -16.8
 123.9 -16.9
 123.8 -17.0
 123.9 -17.0
 123.8 -17.0
 123.8 -17.1
 123.9 -17.2
 123.8 -17.1
 123.7 -17.0
 123.6 -17.0
 123.6 -17.1
 123.6 -17.2
 123.6 -17.3
 123.6 -17.6
 123.5 -17.4
 123.4 -17.3
 123.2 -17.0
 123.1 -16.9
 123.1 -16.7
 123.0 -16.7
 123.0 -16.6
 123.0 -16.5
 123.1 -16.5
 123.0 -16.4
 122.9 -16.4
 122.8 -16.6
 122.7 -16.7
 122.8 -16.8
 122.6 -16.8
 122.6 -17.0
 122.5 -16.9
 122.5 -17.0
 122.4 -17.0
 122.2 -17.1
 122.3 -17.1
 122.2 -17.2
 122.1 -17.6
 122.2 -17.6
 122.2 -17.9
 122.2 -18.0
 122.3 -18.0
 122.4 -18.0
 122.4 -18.1
 122.3 -18.2
 122.2 -18.2
 122.0 -18.4
 121.9 -18.5
 121.8 -18.5
 121.7 -18.6
 121.8 -18.6
 121.8 -18.7
 121.6 -18.7
 121.6 -18.8
 121.6 -19.0
 121.3 -19.3
 121.0 -19.6
 120.8 -19.7
 120.3 -19.9
 119.7 -20.0
 119.6 -20.1
 119.5 -20.1
 119.5 -20.0
 119.1 -20.0
 118.8 -20.3
 118.7 -20.3
 118.6 -20.3
 118.2 -20.4
 118.2 -20.3
 118.1 -20.4
 117.8 -20.6
 117.7 -20.7
 117.6 -20.7
 117.5 -20.7
 117.3 -20.7
 117.2 -20.7
 117.2 -20.6
 116.9 -20.7
 116.8 -20.7
 116.8 -20.6
 116.8 -20.5
 116.7 -20.6
 116.3 -20.9
 116.2 -20.8
 116.2 -21.0
 116.1 -21.0
 115.9 -21.1
 115.8 -21.2
 115.7 -21.3
 115.4 -21.5
 115.1 -21.6
 114.7 -21.8
 114.5 -22.0
 114.5 -22.1
 114.4 -22.2
 114.4 -22.4
 114.4 -22.5
 114.3 -22.5
 114.2 -22.5
 114.1 -22.5
 114.2 -22.4
 114.2 -22.3
 114.1 -22.3
 114.1 -22.1
 114.2 -21.8
 114.1 -21.8
 114.0 -21.9
 113.9 -22.1
 113.7 -22.5
 113.7 -22.7
 113.8 -22.8
 113.8 -23.1
 113.8 -23.3
 113.7 -23.5
 113.6 -23.6
 113.4 -24.1
 113.4 -24.2
 113.4 -24.5
 113.6 -24.7
 113.6 -24.9
 113.7 -24.9
 113.6 -25.0
 113.7 -25.1
 113.8 -25.2
 114.0 -25.6
 114.3 -25.9
 114.2 -26.0
 114.3 -26.0
 114.2 -26.0
 114.2 -26.2
 114.2 -26.3
 114.1 -26.5
 114.0 -26.3
 113.9 -26.1
 113.9 -26.0
 113.9 -25.9
 113.9 -26.1
 113.8 -26.2
 113.7 -26.2
 113.7 -26.1
 113.7 -25.9
 113.5 -25.6
 113.5 -25.5
 113.4 -25.7
 113.5 -25.8
 113.4 -25.8
 113.7 -26.2
 113.8 -26.3
 113.9 -26.3
 113.9 -26.5
 113.8 -26.6
 113.7 -26.6
 113.6 -26.7
 113.6 -26.6
 113.6 -26.5
 113.6 -26.6
 113.5 -26.6
 113.5 -26.3
 113.5 -26.4
 113.4 -26.2
 113.3 -26.4
 113.3 -26.0
 113.3 -26.2
 113.2 -26.2
 113.1 -26.2
 113.2 -26.3
 113.3 -26.4
 113.5 -26.6
 113.7 -26.9
 114.0 -27.3
 114.1 -27.7
 114.1 -27.9
 114.2 -28.1
 114.3 -28.2
 114.5 -28.6
 114.6 -28.7
 114.6 -28.8
 

114.6 -28.8
 114.8 -29.1
 115.0 -29.5
 114.9 -29.7
 115.0 -29.9
 114.9 -30.1
 115.0 -30.3
 115.1 -30.6
 115.2 -30.9
 115.4 -31.2
 115.7 -31.7
 115.8 -32.2
 115.7 -32.3
 115.7 -32.4
 115.7 -32.5
 115.8 -32.6
 115.7 -32.6
 115.7 -32.7
 115.7 -32.8
 115.6 -32.6
 115.7 -32.5
 115.6 -32.7
 115.7 -33.0
 115.7 -33.3
 115.7 -33.2
 115.7 -33.3
 115.6 -33.3
 115.6 -33.4
 115.4 -33.6
 115.2 -33.7
 115.1 -33.6
 115.0 -33.5
 115.0 -33.6
 115.0 -33.7
 115.0 -34.3
 115.1 -34.4
 115.2 -34.3
 115.3 -34.3
 115.6 -34.5
 115.9 -34.7
 116.0 -34.8
 116.3 -34.9
 116.4 -34.9
 116.5 -34.9
 116.4 -34.9
 116.5 -35.0
 116.9 -35.1
 117.0 -35.0
 117.1 -35.1
 117.2 -35.0
 117.3 -35.0
 117.6 -35.1
 117.7 -35.1
 117.7 -35.0
 117.9 -35.1
 118.0 -35.1
 117.9 -35.0
 117.9 -35.1
 117.8 -35.0
 118.1 -35.0
 118.2 -35.0
 118.2 -34.9
 118.4 -34.9
 118.4 -34.8
 118.5 -34.7
 118.6 -34.7
 118.8 -34.6
 118.7 -34.6
 118.8 -34.5
 118.9 -34.5
 118.8 -34.5
 119.2 -34.5
 119.3 -34.5
 119.3 -34.4
 119.4 -34.5
 119.4 -34.4
 119.6 -34.4
 119.5 -34.4
 119.5 -34.3
 119.5 -34.2
 119.8 -34.0
 120.0 -33.9
 120.4 -34.0
 120.6 -33.9
 121.1 -33.9
 121.2 -33.9
 121.2 -33.8
 121.4 -33.8
 121.8 -33.9
 121.9 -33.8
 122.0 -33.8
 122.1 -34.0
 122.3 -34.0
 122.3 -33.9
 122.4 -33.9
 122.5 -34.0
 122.6 -33.9
 122.8 -33.9
 123.0 -33.9
 123.1 -33.9
 123.1 -34.0
 123.2 -34.0
 123.4 -33.9
 123.5 -33.9
 123.7 -33.8
 123.8 -33.7
 124.0 -33.6
 124.1 -33.2
 124.2 -33.0
 124.3 -33.0
 124.7 -32.9
 125.2 -32.6
 125.5 -32.6
 126.0 -32.3
 126.2 -32.2
 126.4 -32.3
 126.7 -32.3
 127.3 -32.3
 127.6 -32.2
 127.9 -32.1
 128.5 -31.9
 129.0 -31.7
 129.3 -31.7
 129.9 -31.6
 130.3 -31.6
 130.9 -31.6
 131.1 -31.5
 131.2 -31.5
 131.8 -31.7
 132.2 -32.0
 132.5 -32.0
 132.4 -32.0
 132.5 -32.0
 132.6 -31.9
 132.8 -32.0
 132.9 -32.0
 133.1 -32.1
 133.1 -32.2
 133.5 -32.2
 133.4 -32.2
 133.4 -32.1
 133.5 -32.1
 133.5 -32.2
 133.6 -32.2
 133.6 -32.1
 133.7 -32.1
 133.7 -32.2
 133.8 -32.3
 134.0 -32.4
 133.9 -32.4
 133.9 -32.5
 134.0 -32.5
 134.1 -32.5
 134.3 -32.6
 134.3 -32.7
 134.2 -32.8
 134.2 -32.7
 134.1 -32.7
 134.1 -32.8
 134.1 -32.9
 134.2 -32.9
 134.2 -33.0
 134.2 -33.1
 134.3 -33.2
 134.4 -33.2
 134.5 -33.2
 134.6 -33.2
 134.7 -33.2
 134.6 -33.2
 134.6 -33.1
 134.7 -33.2
 134.8 -33.4
 134.9 -33.5
 134.8 -33.6
 135.0 -33.8
 135.3 -34.0
 135.3 -34.1
 135.2 -34.1
 135.3 -34.2
 135.3 -34.3
 135.4 -34.6
 135.5 -34.6
 135.4 -34.6
 135.3 -34.6
 135.2 -34.5
 135.2 -34.4
 135.1 -34.6
 135.2 -34.6
 135.3 -34.6
 135.3 -34.7
 135.4 -34.7
 135.6 -34.9
 135.6 -35.0
 135.7 -35.0
 135.7 -34.9
 135.8 -34.9
 136.0 -35.0
 136.0 -34.9
 136.0 -34.8
 136.0 -34.7
 135.9 -34.8
 135.8 -34.8
 135.9 -34.8
 135.9 -34.7
 135.9 -34.6
 136.0 -34.5
 136.1 -34.5
 136.1 -34.4
 136.2 -34.3
 136.3 -34.1
 136.6 -34.0
 137.0 -33.8
 136.9 -33.8
 136.9 -33.7
 137.0 -33.7
 137.2 -33.7
 137.4 -33.4
 137.4 -33.1
 137.6 -33.0
 137.7 -33.0
 137.8 -33.0
 137.8 -32.8
 137.8 -32.6
 137.8 -32.5
 137.8 -32.6
 137.9 -32.8
 138.0 -33.0
 138.0 -33.1
 137.8 -33.2
 137.8 -33.3
 137.9 -33.5
 137.9 -33.6
 137.6 -33.9
 137.5 -34.0
 137.6 -34.1
 137.5 -34.1
 137.4 -34.2
 137.5 -34.2
 137.5 -34.4
 137.4 -34.5
 137.5 -34.4
 137.5 -34.5
 137.5 -34.6
 137.4 -34.9
 137.4 -35.0
 137.3 -34.9
 137.2 -34.9
 137.0 -34.9
 137.0 -35.0
 137.0 -35.1
 136.8 -35.3
 136.9 -35.3
 137.0 -35.2
 137.2 -35.2
 137.3 -35.2
 137.4 -35.1
 137.5 -35.1
 137.7 -35.2
 137.8 -35.1
 137.9 -34.7
 137.9 -34.6
 137.9 -34.4
 138.0 -34.3
 138.0 -34.2
 138.1 -34.1
 138.1 -34.2
 138.4 -34.6
 138.5 -34.7
 138.5 -34.8
 138.5 -35.0
 138.5 -35.1
 138.5 -35.2
 138.4 -35.4
 138.1 -35.5
 138.1 -35.6
 138.2 -35.7
 138.3 -35.6
 138.5 -35.7
 138.7 -35.5
 139.0 -35.6
 139.0 -35.5
 138.8 -35.5
 139.0 -35.5
 139.0 -35.4
 139.2 -35.3
 139.3 -35.4
 139.4 -35.5
 139.3 -35.5
 139.2 -35.5
 139.4 -35.6
 139.3 -35.7
 139.2 -35.7
 139.2 -35.6
 139.2 -35.5
 139.1 -35.5
 139.0 -35.6
 139.3 -35.8
 139.6 -36.0
 139.7 -36.2
 139.6 -36.1
 139.4 -35.9
 139.0 -35.6
 138.9 -35.6
 139.0 -35.6
 139.4 -35.9
 139.6 -36.2
 139.9 -36.7
 139.8 -36.8
 139.8 -36.9
 139.7 -37.0
 139.8 -37.2
 139.7 -37.2
 140.0 -37.5
 140.1 -37.5
 140.1 -37.6
 140.2 -37.7
 140.4 -37.9
 140.5 -38.0
 140.7 -38.1
 140.8 -38.1
 141.0 -38.1
 141.3 -38.2
 141.4 -38.3
 141.4 -38.4
 141.5 -38.4
 141.6 -38.4
 141.7 -38.4
 141.6 -38.3
 141.7 -38.3
 141.9 -38.3
 142.2 -38.4
 142.4 -38.4
 142.5 -38.4
 142.8 -38.6
 143.1 -38.7
 143.2 -38.8
 143.4 -38.8
 143.5 -38.9
 143.7 -38.7
 143.8 -38.7
 144.1 -38.5
 144.4 -38.3
 144.6 -38.3
 144.7 -38.2
 144.7 -38.1
 144.6 -38.1
 144.5 -38.2
 144.4 -38.1
 144.5 -38.1
 144.9 -37.9
 145.0 -37.9
 145.1 -38.0
 145.1 -38.1
 145.1 -38.2
 144.9 -38.4
 144.8 -38.4
 144.7 -38.3
 144.8 -38.4
 144.9 -38.5
 145.1 -38.4
 145.2 -38.4
 145.3 -38.2
 145.5 -38.2
 145.6 -38.4
 145.5 -38.4
 145.4 -38.4
 145.4 -38.5
 145.5 -38.6
 145.6 -38.7
 145.8 -38.6
 145.8 -38.7
 145.9 -38.9
 146.0 -38.9
 146.0 -38.8
 146.1 -38.8
 146.2 -38.9
 146.3 -39.1
 146.4 -39.1
 146.5 -39.1
 146.4 -39.0
 146.5 -38.9
 146.5 -38.8
 146.4 -38.8
 146.3 -38.9
 146.2 -38.7
 146.3 -38.7
 146.4 -38.7
 146.8 -38.7
 146.9 -38.6
 147.3 -38.3
 147.8 -38.0
 148.2 -37.8
 148.5 -37.8
 149.2 -37.8
 149.3 -37.8
 149.6 -37.7
 149.8 -37.6
 149.7 -37.5
 149.8 -37.5
 149.8 -37.6
 149.9 -37.6
 150.0 -37.5
 149.9 -37.3
 150.0 -37.3
 149.9 -37.1
 149.9 -36.9
 150.0 -36.8
 150.0 -36.7
 150.1 -36.6
 150.1 -36.5
 150.1 -36.3
 150.1 -36.1
 150.2 -36.1
 150.2 -35.9
 150.2 -35.8
 150.2 -35.7
 150.3 -35.7
 150.3 -35.6
 150.5 -35.3
 150.6 -35.2
 150.8 -35.2
 150.8 -35.1
 150.7 -35.1
 150.7 -35.0
 150.8 -35.0
 150.8 -35.1
 150.9 -35.0
 150.8 -35.0
 150.8 -34.9
 150.7 -34.9
 150.8 -34.8
 150.9 -34.6
 150.8 -34.6
 150.8 -34.5
 150.9 -34.5
 150.9 -34.4
 151.0 -34.3
 151.2 -34.1
 151.1 -34.1
 151.2 -34.0
 151.3 -34.0
 151.3 -33.9
 151.2 -33.9
 151.3 -33.8
 151.3 -33.6
 151.3 -33.7
 151.3 -33.6
 151.2 -33.6
 151.2 -33.5
 151.3 -33.6
 151.4 -33.5
 151.5 -33.4
 151.4 -33.4
 151.5 -33.3
 151.6 -33.3
 151.6 -33.2
 151.8 -32.9
 152.2 -32.8
 152.2 -32.7
 152.1 -32.7
 152.2 -32.7
 152.2 -32.6
 152.4 -32.5
 152.5 -32.4
 152.5 -32.3
 152.6 -32.2
 152.5 -32.2
 152.5 -32.1
 152.6 -31.9
 152.8 -31.8
 152.9 -31.6
 152.9 -31.5
 153.0 -31.3
 153.0 -31.1
 153.1 -30.9
 153.0 -30.9
 153.0 -30.6
 153.2 -30.1
 153.3 -29.9
 153.4 -29.4
 153.5 -29.0
 153.6 -28.9
 153.6 -28.7
 153.6 -28.5
 153.6 -28.3
 153.5 -28.1
 153.4 -28.0
 153.4 -27.8
 153.4 -27.7
 153.3 -27.6
 153.2 -27.5
 153.2 -27.4
 153.1 -27.3
 153.1 -27.2
 153.0 -27.2
 153.1 -27.1
 153.2 -27.1
 153.1 -26.9
 153.1 -26.7
 153.1 -26.4
 153.1 -26.3
 153.2 -25.9
 153.1 -25.9
 153.1 -25.8
 153.1 -25.9
 153.0 -26.0
 153.0 -25.8
 152.9 -25.8
 152.9 -25.6
 153.0 -25.5
 152.9 -25.5
 152.9 -25.4
 152.9 -25.3
 152.8 -25.2
 152.8 -25.3
 152.6 -25.2
 152.5 -25.0
 152.5 -24.8
 152.4 -24.8
 152.3 -24.7
 152.1 -24.6
 151.9 -24.2
 151.8 -24.2
 151.8 -24.0
 151.7 -24.1
 151.7 -24.0
 151.6 -24.0
 151.7 -24.0
 151.7 -24.1
 151.6 -24.0
 151.6 -24.1
 151.5 -24.1
 151.5 -24.0
 151.4 -24.0
 151.4 -23.9
 151.2 -23.8
 151.1 -23.7
 151.0 -23.6
 150.9 -23.6
 150.9 -23.5
 150.8 -23.3
 150.8 -23.2
 150.8 -23.0
 150.8 -22.8
 150.8 -22.5
 150.8 -22.6
 150.7 -22.6
 150.7 -22.5
 150.8 -22.5
 150.7 -22.4
 150.6 -22.3
 150.5 -22.4
 150.6 -22.6
 150.4 -22.5
 150.2 -22.4
 150.2 -22.3
 150.0 -22.1
 150.0 -22.2
 149.9 -22.3
 150.0 -22.5
 150.0 -22.6
 149.8 -22.4
 149.7 -22.5
 149.7 -22.3
 149.6 -22.3
 149.6 -22.2
 149.4 -21.8
 149.5 -21.7
 149.4 -21.6
 149.5 -21.6
 149.5 -21.5
 149.4 -21.6
 149.4 -21.5
 149.3 -21.5
 149.3 -21.3
 149.2 -21.3
 149.2 -21.1
 149.2 -21.0
 149.0 -21.0
 149.0 -20.9
 149.1 -20.9
 149.0 -20.9
 148.8 -20.9
 148.8 -20.8
 148.7 -20.6
 148.7 -20.5
 148.7 -20.4
 148.7 -20.5
 148.8 -20.5
 148.8 -20.4
 148.8 -20.5
 148.9 -20.5
 148.8 -20.4
 148.8 -20.2
 148.7 -20.3
 148.7 -20.2
 148.6 -20.2
 148.6 -20.1
 148.4 -20.1
 148.5 -20.1
 148.4 -20.2
 148.5 -20.2
 148.4 -20.2
 148.3 -20.1
 148.3 -20.0
 148.1 -19.9
 148.0 -19.9
 147.9 -19.9
 147.9 -19.8
 147.9 -19.7
 147.8 -19.7
 147.7 -19.7
 147.8 -19.8
 147.7 -19.8
 147.6 -19.7
 147.4 -19.3
 147.4 -19.4
 147.1 -19.4
 147.1 -19.3
 147.0 -19.2
 146.9 -19.3
 146.8 -19.3
 146.6 -19.2
 146.3 -19.0
 146.3 -18.8
 146.3 -18.6
 146.3 -18.5
 146.2 -18.5
 146.2 -18.4
 146.1 -18.3
 146.0 -18.2
 146.0 -18.1
 146.1 -18.0
 146.1 -17.8
 146.1 -17.6
 146.1 -17.5
 146.1 -17.4
 146.0 -17.4
 145.9 -17.0
 146.0 -16.9
 145.9 -16.9
 145.8 -16.9
 145.8 -17.0
 145.8 -16.9
 145.6 -16.7
 145.5 -16.6
 145.4 -16.5
 145.4 -16.3
 145.5 -16.3
 145.5 -16.2
 145.5 -16.1
 145.5 -16.0
 145.4 -15.9
 145.3 -15.6
 145.2 -15.4
 145.3 -15.3
 145.4 -15.3
 145.3 -15.2
 145.3 -15.3
 145.3 -15.2
 145.2 -15.1
 145.3 -14.9
 145.3 -15.0
 145.2 -14.9
 145.2 -14.8
 145.0 -14.8
 144.9 -14.6
 144.7 -14.6
 144.6 -14.5
 144.6 -14.3
 144.6 -14.4
 144.6 -14.3
 144.5 -14.2
 144.4 -14.3
 144.3 -14.3
 144.2 -14.3
 144.1 -14.4
 143.9 -14.5
 143.8 -14.4
 143.7 -14.0
 143.6 -13.9
 143.5 -13.8
 143.6 -13.4
 143.5 -13.3
 143.5 -12.9
 143.5 -12.8
 143.4 -12.9
 143.4 -12.6
 143.3 -12.5
 143.3 -12.4
 143.2 -12.4
 143.1 -12.3
 143.1 -12.2
 143.2 -12.0
 143.1 -11.9
 143.0 -11.9
 142.9 -11.8
 142.9 -11.7
 142.8 -11.5
 142.9 -11.4
 142.8 -11.3
 142.8 -11.2
 142.7 -11.0
 142.6 -10.9
 142.5 -10.9
 142.6 -10.8
 142.6 -10.7
 142.4 -10.7
 142.3 -10.9
 142.2 -10.9
 142.1 -11.0
 142.1 -11.3
 142.0 -11.8
 141.9 -12.0
 142.0 -12.0
 142.0 -12.1
 142.0 -12.0
 141.9 -12.1
 141.9 -12.0
 141.8 -12.1
 141.8 -12.2
 141.7 -12.2
 141.6 -12.6
 141.7 -12.5
 141.7 -12.4
 141.8 -12.5
 141.7 -12.5
 141.8 -12.6
 141.9 -12.6
 142.0 -12.6
 141.9 -12.6
 141.8 -12.7
 142.0 -12.7
 141.9 -12.8
 141.9 -12.7
 141.8 -12.7
 141.8 -12.8
 141.7 -12.9
 141.6 -12.9
 141.6 -13.0
 141.6 -13.2
 141.7 -13.2
 141.7 -13.3
 141.6 -13.4
 141.5 -13.5
 141.5 -13.8
 141.5 -13.9
 141.6 -14.1
 141.6 -14.2
 141.5 -14.5
 141.6 -14.8
 141.6 -14.9
 141.7 -15.1
 141.5 -15.5
 141.4 -15.8
 141.4 -15.9
 141.4 -16.1
 141.2 -16.6
 140.9 -17.0
 140.9 -17.4
 140.8 -17.5
 140.5 -17.6
 140.1 -17.7
 140.0 -17.7
 139.9 -17.6
 139.8 -17.6
 139.6 -17.5
 139.3 -17.3
 139.2 -17.3
 139.1 -17.1
 139.2 -17.0
 139.0 -16.9
 138.8 -16.9
 138.3 -16.7
 138.0 -16.6
 137.7 -16.2
 137.4 -16.1
 137.0 -15.9
 136.9 -15.9
 136.8 -15.9
 136.7 -15.9
 136.6 -15.8
 136.6 -15.7
 136.5 -15.7
 136.4 -15.6
 136.3 -15.6
 136.3 -15.5
 136.2 -15.4
 135.9 -15.2
 135.5 -15.0
 135.5 -14.9
 135.4 -14.7
 135.7 -14.4
 135.8 -14.2
 135.9 -14.2
 135.9 -14.0
 136.0 -13.9
 136.0 -13.8
 136.1 -13.7
 136.0 -13.6
 136.0 -13.7
 135.9 -13.8
 135.9 -13.7
 135.9 -13.4
 135.9 -13.5
 136.0 -13.4
 135.9 -13.4
 135.9 -13.3
 136.0 -13.3
 136.0 -13.2
 136.1 -13.3
 136.1 -13.2
 136.2 -13.1
 136.2 -13.2
 136.3 -13.1
 136.3 -13.2
 136.3 -13.1
 136.4 -13.1
 136.4 -13.2
 136.3 -13.3
 136.4 -13.2
 136.5 -13.2
 136.6 -13.1
 136.5 -13.0
 136.6 -13.0
 136.7 -13.0
 136.6 -12.9
 136.5 -12.9
 136.5 -12.8
 136.6 -12.8
 136.5 -12.7
 136.6 -12.8
 136.6 -12.7
 136.7 -12.7
 136.7 -12.5
 136.8 -12.5
 137.0 -12.3
 136.9 -12.3
 136.8 -12.2
 136.7 -12.2
 136.8 -12.3
 136.7 -12.3
 136.6 -12.2
 136.6 -12.1
 136.5 -12.0
 136.6 -11.9
 136.5 -11.9
 136.2 -12.1
 136.2 -12.2
 136.3 -12.2
 136.4 -12.2
 136.3 -12.4
 136.2 -12.5
 136.1 -12.4
 136.0 -12.5
 136.0 -12.4
 136.0 -12.3
 136.0 -12.2
 136.0 -12.3
 135.9 -12.2
 136.0 -12.1
 135.9 -12.2
 135.7 -12.3
 135.7 -12.2
 135.7 -12.1
 135.9 -12.0
 135.8 -12.0
 135.7 -12.0
 135.8 -12.0
 135.9 -11.8
 135.7 -11.9
 135.6 -12.0
 135.6 -12.1
 135.7 -12.0
 135.6 -12.1
 135.5 -12.1
 135.4 -12.1
 135.3 -12.2
 135.2 -12.2
 135.2 -12.3
 135.2 -12.2
 135.1 -12.3
 135.0 -12.2
 134.9 -12.1
 134.8 -12.0
 134.6 -12.1
 134.4 -12.1
 134.3 -12.0
 134.2 -12.1
 134.1 -11.9
 134.0 -11.8
 133.9 -11.9
 133.8 -11.8
 133.9 -11.8
 133.9 -11.7
 133.8 -11.7
 133.6 -11.8
 133.5 -11.9
 133.5 -11.8
 133.4 -11.8
 133.4 -11.7
 133.4 -11.8
 133.3 -11.7
 133.2 -11.7
 133.0 -11.5
 132.9 -11.4
 132.9 -11.3
 132.9 -11.4
 132.7 -11.5
 132.5 -11.2
 132.4 -11.2
 132.4 -11.3
 132.4 -11.2
 132.3 -11.1
 132.3 -11.2
 132.3 -11.3
 132.2 -11.1
 132.1 -11.1
 132.2 -11.3
 132.2 -11.4
 132.1 -11.3
 132.0 -11.1
 132.0 -11.2
 131.9 -11.3
 131.9 -11.2
 131.8 -11.2
 131.8 -11.3
 131.9 -11.3
 132.0 -11.4
 131.9 -11.4
 132.0 -11.4
 132.1 -11.5
 132.4 -11.4
 132.5 -11.5
 132.7 -11.7
 132.6 -11.8
 132.7 -11.9
 132.6 -12.0
 132.6 -12.1
 132.8 -12.1
 132.7 -12.1
 132.6 -12.1
 132.4 -12.2
 132.4 -12.3
 132.4 -12.4
 132.4 -12.3
 132.4 -12.2
 132.3 -12.2
 132.2 -12.2
 132.1 -12.3
 131.9 -12.3
 131.9 -12.2
 131.7 -12.3
 131.4 -12.3
 131.4 -12.2
 131.3 -12.1
 131.2 -12.2
 131.0 -12.1
 131.0 -12.2
 131.0 -12.4
 130.9 -12.3
 130.8 -12.4
 130.8 -12.5
 130.9 -12.5
 130.9 -12.6
 131.0 -12.6
 130.8 -12.5
 130.8 -12.6
 130.8 -12.4
 130.6 -12.4
 130.6 -12.6
 130.6 -12.7
 130.7 -12.7
 130.6 -12.7
 130.5 -12.7
 130.5 -12.6
 130.5 -12.7
 130.4 -12.7
 130.4 -12.8
 130.3 -12.9
 130.2 -12.9
 130.1 -12.9
 130.1 -13.0
 130.1 -13.2
 130.3 -13.3
 130.3 -13.4
 130.3 -13.3
 130.2 -13.3
 130.1 -13.5
 130.0 -13.5
 129.9 -13.5
 129.9 -13.4
 129.8 -13.7
 129.8 -13.8
 129.7 -13.9
 129.8 -13.9
 129.7 -14.0
 129.6 -14.1
 129.5 -14.0
 129.5 -14.1
 129.5 -14.2
 129.4 -14.2
 129.4 -14.4
 129.5 -14.5
 129.7 -14.6
 129.8 -14.5
 129.8 -14.6
 129.6 -14.6
 129.6 -14.7
 129.7 -14.8
 129.8 -14.8
 130.0 -14.7
 130.0 -14.8
 129.9 -14.8
 129.6 -14.8
 129.6 -15.0
 129.7 -15.2
 129.7 -15.1
 129.6 -15.1
 129.6 -15.2
 129.6 -15.1
 129.5 -15.0
 129.2 -14.8
 129.2 -14.9
 129.3 -15.0
 129.2 -15.2
 129.2 -15.0
 129.1 -14.9
 128.5 -14.8
 128.4 -14.8
 128.4 -14.9
 128.5 -15.0
 128.4 -15.0
 128.3 -15.0
 128.3 -14.9
 128.2 -15.0
 128.2 -15.1
 128.3 -15.3
 128.3 -15.4
 128.2 -15.3
 128.1 -15.2
 128.1 -15.3
 128.1 -15.4
 128.0 -15.5
 128.1 -15.4
 128.0 -15.3
 128.1 -15.3
 128.1 -15.1
 128.1 -14.9
 128.1 -14.8
 128.2 -14.8
 128.2 -14.7
 128.0 -14.6
 127.9 -14.6
 127.9 -14.5
 127.7 -14.2
 127.4 -14.1
 127.4 -14.0
 127.3 -13.9
 127.3 -14.0
 127.2 -13.9
 127.2 -14.0
 127.2 -13.9
 127.1 -14.0
 127.0 -13.7
 126.9 -13.7
 126.8 -13.8
 126.9 -13.8
 126.8 -13.8
 126.7 -13.8
 126.9 -14.0
 126.8 -14.0
 126.7 -14.0
 126.7 -14.1
 126.6 -14.1
 126.6 -14.2
 126.6 -14.1
 126.5 -14.1
 126.5 -14.0
 126.5 -13.9
 126.5 -14.0
 126.4 -14.0
 126.3 -14.1
 126.3 -14.2
 126.2 -14.2
 126.2 -14.0
 126.1 -14.0
 126.1 -13.9
 126.0 -13.9
 126.1 -14.0
 126.0 -14.0
 126.0 -14.1
 126.1 -14.1
 126.1 -14.2
 126.1 -14.3
 126.0 -14.4
 126.0 -14.5
 125.9 -14.5
 125.9 -14.6
 125.8 -14.6
 125.8 -14.5
 125.7 -14.5
 125.7 -14.4
 125.7 -14.6
 125.6 -14.6
 125.7 -14.5
 125.7 -14.4
 125.7 -14.3
 125.6 -14.2
 125.6 -14.5
 125.5 -14.6
 125.5 -14.5
 125.4 -14.6
 125.4 -14.5
 125.3 -14.6
 125.3 -14.5
 125.3 -14.6
 125.2 -14.6
 125.3 -14.6
 125.2 -14.7
 125.1 -14.8
 125.2 -14.9
 125.3 -14.9
 125.2 -14.9
 125.2 -15.0
 125.4 -15.0
 125.4 -15.1
 125.4 -15.2
 125.3 -15.1
 125.2 -15.1
 125.1 -15.0
 125.2 -15.2
 125.1 -15.2
 125.1 -15.0
 125.1 -15.1
 125.1 -15.0
 125.0 -15.0
 125.0 -15.1
 124.9 -15.1
 124.8 -15.2
 124.9 -15.2
 124.9 -15.3
 124.9 -15.2
 125.0 -15.2
 124.9 -15.3
 125.0 -15.3
 125.1 -15.3
 125.1 -15.4
 125.2 -15.5
 125.1 -15.5
 125.0 -15.5
 125.0 -15.4
 124.8 -15.3
 124.7 -15.3
 124.7 -15.4
 124.7 -15.5
 124.6 -15.4
 124.6 -15.5
 124.5 -15.5
 124.4 -15.5
 124.4 -15.6
 124.4 -15.7
 124.4 -15.9
 124.4 -15.8
 124.5 -16.0
 124.6 -15.8
 124.7 -15.8
 124.6 -15.9
 124.6 -16.0
 124.6 -16.1
 124.5 -16.2
 124.5 -16.1
 124.4 -16.1
 124.4 -16.3
 124.6 -16.3
 124.9 -16.4
 124.8 -16.4
 124.7 -16.4
 124.6 -16.4
 124.4 -16.4
 124.3 -16.4
 124.2 -16.4
 124.1 -16.3
 123.9 -16.2
 124.0 -16.3
 124.0 -16.4
 123.9 -16.3
 123.9 -16.4
 123.8 -16.4
 123.9 -16.3
 123.7 -16.3
 123.8 -16.2
 123.6 -16.2
 123.6 -16.3
 123.7 -16.3
 123.7 -16.4
 123.6 -16.4
 123.7 -16.4
 123.6 -16.4
 123.5 -16.4
 123.7 -16.5
 123.6 -16.5
 123.5 -16.5
 123.4 -16.5
 123.5 -16.5
 123.6 -16.5
 123.6 -16.6
 123.5 -16.7
 123.7 -16.7
 123.8 -16.9
 123.9 -16.8
 123.9 -16.9
 123.8 -17.0
 123.9 -17.0
 123.8 -17.0
 123.8 -17.1
 123.9 -17.2
 123.8 -17.1
 123.7 -17.0
 123.6 -17.0
 123.6 -17.1
 123.6 -17.2
 123.6 -17.3
 123.6 -17.6
 123.5 -17.4
 123.4 -17.3
 123.2 -17.0
 123.1 -16.9
 123.1 -16.7
 123.0 -16.7
 123.0 -16.6
 123.0 -16.5
 123.1 -16.5
 123.0 -16.4
 122.9 -16.4
 122.8 -16.6
 122.7 -16.7
 122.8 -16.8
 122.6 -16.8
 122.6 -17.0
 122.5 -16.9
 122.5 -17.0
 122.4 -17.0
 122.2 -17.1
 122.3 -17.1
 122.2 -17.2
 122.1 -17.6
 122.2 -17.6
 122.2 -17.9
 122.2 -18.0
 122.3 -18.0
 122.4 -18.0
 122.4 -18.1
 122.3 -18.2
 122.2 -18.2
 122.0 -18.4
 121.9 -18.5
 121.8 -18.5
 121.7 -18.6
 121.8 -18.6
 121.8 -18.7
 121.6 -18.7
 121.6 -18.8
 121.6 -19.0
 121.3 -19.3
 121.0 -19.6
 120.8 -19.7
 120.3 -19.9
 119.7 -20.0
 119.6 -20.1
 119.5 -20.1
 119.5 -20.0
 119.1 -20.0
 118.8 -20.3
 118.7 -20.3
 118.6 -20.3
 118.2 -20.4
 118.2 -20.3
 118.1 -20.4
 117.8 -20.6
 117.7 -20.7
 117.6 -20.7
 117.5 -20.7
 117.3 -20.7
 117.2 -20.7
 117.2 -20.6
 116.9 -20.7
 116.8 -20.7
 116.8 -20.6
 116.8 -20.5
 116.7 -20.6
 116.3 -20.9
 116.2 -20.8
 116.2 -21.0
 116.1 -21.0
 115.9 -21.1
 115.8 -21.2
 115.7 -21.3
 115.4 -21.5
 115.1 -21.6
 114.7 -21.8
 114.5 -22.0
 114.5 -22.1
 114.4 -22.2
 114.4 -22.4
 114.4 -22.5
 114.3 -22.5
 114.2 -22.5
 114.1 -22.5
 114.2 -22.4
 114.2 -22.3
 114.1 -22.3
 114.1 -22.1
 114.2 -21.8
 114.1 -21.8
 114.0 -21.9
 113.9 -22.1
 113.7 -22.5
 113.7 -22.7
 113.8 -22.8
 113.8 -23.1
 113.8 -23.3
 113.7 -23.5
 113.6 -23.6
 113.4 -24.1
 113.4 -24.2
 113.4 -24.5
 113.6 -24.7
 113.6 -24.9
 113.7 -24.9
 113.6 -25.0
 113.7 -25.1
 113.8 -25.2
 114.0 -25.6
 114.3 -25.9
 114.2 -26.0
 114.3 -26.0
 114.2 -26.0
 114.2 -26.2
 114.2 -26.3
 114.1 -26.5
 114.0 -26.3
 113.9 -26.1
 113.9 -26.0
 113.9 -25.9
 113.9 -26.1
 113.8 -26.2
 113.7 -26.2
 113.7 -26.1
 113.7 -25.9
 113.5 -25.6
 113.5 -25.5
 113.4 -25.7
 113.5 -25.8
 113.4 -25.8
 113.7 -26.2
 113.8 -26.3
 113.9 -26.3
 113.9 -26.5
 113.8 -26.6
 113.7 -26.6
 113.6 -26.7
 113.6 -26.6
 113.6 -26.5
 113.6 -26.6
 113.5 -26.6
 113.5 -26.3
 113.5 -26.4
 113.4 -26.2
 113.3 -26.4
 113.3 -26.0
 113.3 -26.2
 113.2 -26.2
 113.1 -26.2
 113.2 -26.3
 113.3 -26.4
 113.5 -26.6
 113.7 -26.9
 114.0 -27.3
 114.1 -27.7
 114.1 -27.9
 114.2 -28.1
 114.3 -28.2
 114.5 -28.6
 114.6 -28.7
 114.6 -28.8
 

