174.6 -36.8
 174.7 -36.8
 174.8 -36.8
 174.7 -36.6
 174.8 -36.6
 174.9 -36.6
 174.8 -36.6
 174.7 -36.6
 174.7 -36.4
 174.8 -36.5
 174.8 -36.4
 174.8 -36.3
 174.8 -36.4
 174.9 -36.4
 174.8 -36.3
 174.7 -36.2
 174.6 -36.0
 174.5 -36.0
 174.5 -35.9
 174.5 -35.8
 174.4 -35.8
 174.3 -35.8
 174.3 -35.7
 174.4 -35.7
 174.4 -35.8
 174.5 -35.8
 174.6 -35.8
 174.5 -35.7
 174.5 -35.6
 174.6 -35.6
 174.5 -35.5
 174.5 -35.4
 174.4 -35.4
 174.4 -35.3
 174.3 -35.3
 174.4 -35.2
 174.3 -35.2
 174.2 -35.3
 174.2 -35.4
 174.1 -35.3
 174.0 -35.2
 174.1 -35.2
 174.0 -35.1
 173.9 -35.0
 173.8 -35.0
 173.8 -35.1
 173.7 -35.1
 173.8 -35.0
 173.6 -34.9
 173.6 -35.0
 173.4 -35.0
 173.4 -34.9
 173.5 -34.9
 173.4 -34.8
 173.4 -34.9
 173.3 -34.9
 173.4 -35.0
 173.3 -35.0
 173.3 -34.9
 173.1 -34.8
 173.2 -34.8
 173.1 -34.7
 173.0 -34.5
 173.0 -34.6
 173.0 -34.7
 173.0 -34.6
 172.9 -34.6
 172.9 -34.5
 173.0 -34.5
 173.0 -34.4
 172.8 -34.4
 172.7 -34.4
 172.7 -34.5
 173.2 -34.9
 173.2 -35.1
 173.2 -35.2
 173.1 -35.2
 173.2 -35.3
 173.3 -35.3
 173.2 -35.3
 173.2 -35.4
 173.3 -35.3
 173.3 -35.4
 173.3 -35.5
 173.4 -35.5
 173.4 -35.4
 173.6 -35.4
 173.6 -35.3
 173.7 -35.3
 173.5 -35.5
 173.5 -35.4
 173.4 -35.6
 173.6 -35.7
 174.0 -36.3
 174.0 -36.4
 174.1 -36.4
 174.2 -36.4
 174.2 -36.3
 174.1 -36.3
 173.9 -36.0
 173.9 -35.9
 174.0 -36.1
 174.3 -36.3
 174.3 -36.2
 174.2 -36.2
 174.2 -36.1
 174.3 -36.1
 174.3 -36.2
 174.4 -36.1
 174.4 -36.2
 174.4 -36.3
 174.3 -36.3
 174.5 -36.2
 174.5 -36.3
 174.4 -36.3
 174.3 -36.3
 174.3 -36.4
 174.4 -36.4
 174.5 -36.4
 174.4 -36.4
 174.5 -36.5
 174.4 -36.7
 174.4 -36.6
 174.2 -36.4
 174.2 -36.5
 174.4 -36.8
 174.5 -36.9
 174.5 -37.0
 174.6 -37.0
 174.7 -36.9
 174.8 -36.9
 174.8 -37.0
 174.9 -37.1
 174.8 -37.1
 174.7 -37.2
 174.7 -37.1
 174.6 -37.1
 174.7 -37.3
 174.7 -37.4
 174.8 -37.3
 174.7 -37.4
 174.9 -37.8
 175.0 -37.7
 175.0 -37.8
 174.9 -37.8
 174.8 -37.9
 174.8 -38.0
 174.9 -37.9
 174.9 -38.0
 174.8 -38.0
 174.8 -38.1
 174.9 -38.1
 174.7 -38.1
 174.7 -38.2
 174.6 -38.8
 174.5 -38.9
 174.4 -39.0
 174.2 -39.0
 173.8 -39.1
 173.8 -39.2
 173.8 -39.3
 173.8 -39.4
 174.0 -39.6
 174.2 -39.6
 174.3 -39.6
 174.4 -39.7
 174.6 -39.8
 174.8 -39.9
 175.0 -39.9
 175.2 -40.1
 175.2 -40.3
 175.3 -40.3
 175.3 -40.2
 175.3 -40.3
 175.2 -40.3
 175.1 -40.7
 175.0 -40.9
 174.9 -41.0
 174.8 -41.0
 174.9 -41.1
 174.7 -41.2
 174.6 -41.2
 174.6 -41.3
 174.7 -41.3
 174.8 -41.3
 174.8 -41.2
 174.9 -41.2
 174.9 -41.3
 174.9 -41.4
 175.0 -41.4
 175.1 -41.4
 175.2 -41.4
 175.2 -41.5
 175.2 -41.6
 175.3 -41.6
 175.7 -41.4
 176.0 -41.2
 176.1 -41.0
 176.2 -40.9
 176.5 -40.5
 176.6 -40.5
 176.7 -40.3
 176.8 -40.2
 177.0 -39.8
 177.1 -39.7
 177.0 -39.6
 176.9 -39.7
 176.9 -39.6
 176.9 -39.4
 177.0 -39.3
 177.1 -39.2
 177.4 -39.1
 177.9 -39.1
 177.8 -39.2
 177.9 -39.3
 178.0 -39.1
 177.9 -39.1
 177.9 -38.9
 177.9 -38.7
 178.0 -38.7
 178.1 -38.7
 178.3 -38.4
 178.3 -38.1
 178.4 -38.1
 178.4 -38.0
 178.5 -37.8
 178.6 -37.7
 178.5 -37.7
 178.4 -37.6
 178.3 -37.6
 178.0 -37.5
 178.0 -37.6
 177.7 -37.7
 177.6 -37.9
 177.5 -38.0
 177.2 -38.0
 177.1 -38.0
 176.3 -37.7
 176.2 -37.6
 176.2 -37.7
 176.1 -37.7
 176.0 -37.6
 175.9 -37.5
 176.0 -37.5
 176.1 -37.6
 176.2 -37.6
 176.1 -37.5
 176.0 -37.5
 175.9 -37.3
 175.9 -37.2
 175.9 -37.1
 175.9 -37.0
 175.8 -36.8
 175.7 -36.9
 175.7 -36.8
 175.8 -36.8
 175.8 -36.7
 175.7 -36.7
 175.6 -36.8
 175.6 -36.7
 175.6 -36.6
 175.5 -36.6
 175.6 -36.6
 175.5 -36.5
 175.4 -36.5
 175.4 -36.6
 175.5 -36.6
 175.5 -36.7
 175.5 -36.8
 175.5 -36.9
 175.6 -37.2
 175.4 -37.2
 175.3 -37.2
 175.3 -37.1
 175.3 -37.0
 175.2 -36.9
 175.1 -37.0
 175.1 -36.9
 175.0 -36.9
 174.9 -36.8
 174.9 -37.0
 174.9 -36.9
 174.7 -36.8
 174.7 -36.9
 174.6 -36.8
 174.7 -36.8
 174.6 -36.8
 

174.6 -36.8
 174.7 -36.8
 174.8 -36.8
 174.7 -36.6
 174.8 -36.6
 174.9 -36.6
 174.8 -36.6
 174.7 -36.6
 174.7 -36.4
 174.8 -36.5
 174.8 -36.4
 174.8 -36.3
 174.8 -36.4
 174.9 -36.4
 174.8 -36.3
 174.7 -36.2
 174.6 -36.0
 174.5 -36.0
 174.5 -35.9
 174.5 -35.8
 174.4 -35.8
 174.3 -35.8
 174.3 -35.7
 174.4 -35.7
 174.4 -35.8
 174.5 -35.8
 174.6 -35.8
 174.5 -35.7
 174.5 -35.6
 174.6 -35.6
 174.5 -35.5
 174.5 -35.4
 174.4 -35.4
 174.4 -35.3
 174.3 -35.3
 174.4 -35.2
 174.3 -35.2
 174.2 -35.3
 174.2 -35.4
 174.1 -35.3
 174.0 -35.2
 174.1 -35.2
 174.0 -35.1
 173.9 -35.0
 173.8 -35.0
 173.8 -35.1
 173.7 -35.1
 173.8 -35.0
 173.6 -34.9
 173.6 -35.0
 173.4 -35.0
 173.4 -34.9
 173.5 -34.9
 173.4 -34.8
 173.4 -34.9
 173.3 -34.9
 173.4 -35.0
 173.3 -35.0
 173.3 -34.9
 173.1 -34.8
 173.2 -34.8
 173.1 -34.7
 173.0 -34.5
 173.0 -34.6
 173.0 -34.7
 173.0 -34.6
 172.9 -34.6
 172.9 -34.5
 173.0 -34.5
 173.0 -34.4
 172.8 -34.4
 172.7 -34.4
 172.7 -34.5
 173.2 -34.9
 173.2 -35.1
 173.2 -35.2
 173.1 -35.2
 173.2 -35.3
 173.3 -35.3
 173.2 -35.3
 173.2 -35.4
 173.3 -35.3
 173.3 -35.4
 173.3 -35.5
 173.4 -35.5
 173.4 -35.4
 173.6 -35.4
 173.6 -35.3
 173.7 -35.3
 173.5 -35.5
 173.5 -35.4
 173.4 -35.6
 173.6 -35.7
 174.0 -36.3
 174.0 -36.4
 174.1 -36.4
 174.2 -36.4
 174.2 -36.3
 174.1 -36.3
 173.9 -36.0
 173.9 -35.9
 174.0 -36.1
 174.3 -36.3
 174.3 -36.2
 174.2 -36.2
 174.2 -36.1
 174.3 -36.1
 174.3 -36.2
 174.4 -36.1
 174.4 -36.2
 174.4 -36.3
 174.3 -36.3
 174.5 -36.2
 174.5 -36.3
 174.4 -36.3
 174.3 -36.3
 174.3 -36.4
 174.4 -36.4
 174.5 -36.4
 174.4 -36.4
 174.5 -36.5
 174.4 -36.7
 174.4 -36.6
 174.2 -36.4
 174.2 -36.5
 174.4 -36.8
 174.5 -36.9
 174.5 -37.0
 174.6 -37.0
 174.7 -36.9
 174.8 -36.9
 174.8 -37.0
 174.9 -37.1
 174.8 -37.1
 174.7 -37.2
 174.7 -37.1
 174.6 -37.1
 174.7 -37.3
 174.7 -37.4
 174.8 -37.3
 174.7 -37.4
 174.9 -37.8
 175.0 -37.7
 175.0 -37.8
 174.9 -37.8
 174.8 -37.9
 174.8 -38.0
 174.9 -37.9
 174.9 -38.0
 174.8 -38.0
 174.8 -38.1
 174.9 -38.1
 174.7 -38.1
 174.7 -38.2
 174.6 -38.8
 174.5 -38.9
 174.4 -39.0
 174.2 -39.0
 173.8 -39.1
 173.8 -39.2
 173.8 -39.3
 173.8 -39.4
 174.0 -39.6
 174.2 -39.6
 174.3 -39.6
 174.4 -39.7
 174.6 -39.8
 174.8 -39.9
 175.0 -39.9
 175.2 -40.1
 175.2 -40.3
 175.3 -40.3
 175.3 -40.2
 175.3 -40.3
 175.2 -40.3
 175.1 -40.7
 175.0 -40.9
 174.9 -41.0
 174.8 -41.0
 174.9 -41.1
 174.7 -41.2
 174.6 -41.2
 174.6 -41.3
 174.7 -41.3
 174.8 -41.3
 174.8 -41.2
 174.9 -41.2
 174.9 -41.3
 174.9 -41.4
 175.0 -41.4
 175.1 -41.4
 175.2 -41.4
 175.2 -41.5
 175.2 -41.6
 175.3 -41.6
 175.7 -41.4
 176.0 -41.2
 176.1 -41.0
 176.2 -40.9
 176.5 -40.5
 176.6 -40.5
 176.7 -40.3
 176.8 -40.2
 177.0 -39.8
 177.1 -39.7
 177.0 -39.6
 176.9 -39.7
 176.9 -39.6
 176.9 -39.4
 177.0 -39.3
 177.1 -39.2
 177.4 -39.1
 177.9 -39.1
 177.8 -39.2
 177.9 -39.3
 178.0 -39.1
 177.9 -39.1
 177.9 -38.9
 177.9 -38.7
 178.0 -38.7
 178.1 -38.7
 178.3 -38.4
 178.3 -38.1
 178.4 -38.1
 178.4 -38.0
 178.5 -37.8
 178.6 -37.7
 178.5 -37.7
 178.4 -37.6
 178.3 -37.6
 178.0 -37.5
 178.0 -37.6
 177.7 -37.7
 177.6 -37.9
 177.5 -38.0
 177.2 -38.0
 177.1 -38.0
 176.3 -37.7
 176.2 -37.6
 176.2 -37.7
 176.1 -37.7
 176.0 -37.6
 175.9 -37.5
 176.0 -37.5
 176.1 -37.6
 176.2 -37.6
 176.1 -37.5
 176.0 -37.5
 175.9 -37.3
 175.9 -37.2
 175.9 -37.1
 175.9 -37.0
 175.8 -36.8
 175.7 -36.9
 175.7 -36.8
 175.8 -36.8
 175.8 -36.7
 175.7 -36.7
 175.6 -36.8
 175.6 -36.7
 175.6 -36.6
 175.5 -36.6
 175.6 -36.6
 175.5 -36.5
 175.4 -36.5
 175.4 -36.6
 175.5 -36.6
 175.5 -36.7
 175.5 -36.8
 175.5 -36.9
 175.6 -37.2
 175.4 -37.2
 175.3 -37.2
 175.3 -37.1
 175.3 -37.0
 175.2 -36.9
 175.1 -37.0
 175.1 -36.9
 175.0 -36.9
 174.9 -36.8
 174.9 -37.0
 174.9 -36.9
 174.7 -36.8
 174.7 -36.9
 174.6 -36.8
 174.7 -36.8
 174.6 -36.8
 

