131.5 -0.8
 131.9 -0.7
 132.2 -0.4
 132.4 -0.3
 132.8 -0.4
 132.9 -0.5
 133.0 -0.4
 133.0 -0.5
 133.2 -0.6
 133.4 -0.7
 133.7 -0.8
 133.8 -0.7
 133.9 -0.7
 134.0 -0.7
 134.2 -0.9
 134.1 -0.9
 134.0 -1.0
 134.3 -1.4
 134.2 -1.5
 134.2 -1.6
 134.1 -1.7
 134.2 -2.0
 134.1 -2.1
 134.2 -2.3
 134.4 -2.7
 134.5 -2.9
 134.5 -2.8
 134.5 -2.6
 134.5 -2.5
 134.6 -2.5
 134.7 -2.7
 134.7 -3.0
 134.8 -3.0
 134.8 -2.9
 134.9 -2.9
 134.9 -3.0
 134.8 -3.1
 134.9 -3.2
 134.9 -3.3
 135.0 -3.3
 135.3 -3.4
 135.5 -3.4
 135.6 -3.3
 135.6 -3.2
 135.8 -3.1
 135.7 -3.1
 135.9 -3.0
 135.9 -2.9
 136.0 -2.8
 136.1 -2.6
 136.2 -2.6
 136.3 -2.5
 136.3 -2.4
 136.3 -2.3
 136.4 -2.2
 136.5 -2.2
 136.7 -2.3
 137.1 -2.1
 137.2 -2.1
 137.2 -2.0
 137.1 -1.9
 137.1 -1.8
 137.6 -1.6
 137.8 -1.5
 137.9 -1.5
 138.1 -1.6
 138.6 -1.8
 138.8 -2.0
 139.2 -2.1
 139.6 -2.3
 139.8 -2.4
 140.1 -2.4
 140.2 -2.3
 140.3 -2.5
 140.4 -2.5
 140.4 -2.4
 140.7 -2.5
 140.7 -2.6
 140.8 -2.6
 141.0 -2.6
 141.1 -2.6
 141.6 -2.8
 141.9 -3.0
 142.0 -3.0
 142.1 -3.0
 142.1 -3.1
 142.5 -3.2
 143.0 -3.4
 143.4 -3.4
 143.6 -3.5
 143.7 -3.6
 143.9 -3.7
 144.0 -3.8
 144.2 -3.8
 144.2 -3.9
 144.3 -3.8
 144.5 -3.8
 144.6 -3.9
 144.5 -4.0
 144.6 -4.0
 144.8 -4.1
 144.9 -4.1
 145.2 -4.4
 145.3 -4.4
 145.5 -4.5
 145.7 -4.8
 145.8 -4.8
 145.8 -5.2
 145.7 -5.3
 145.7 -5.4
 145.8 -5.5
 146.2 -5.5
 146.3 -5.6
 146.4 -5.6
 146.8 -5.8
 146.9 -5.8
 147.1 -6.0
 147.5 -6.0
 147.7 -6.2
 147.7 -6.3
 147.8 -6.3
 147.9 -6.6
 147.9 -6.7
 147.8 -6.7
 147.3 -6.7
 147.1 -6.7
 147.0 -6.7
 146.9 -7.0
 147.0 -7.0
 147.1 -7.1
 147.1 -7.2
 147.2 -7.5
 147.4 -7.5
 147.6 -7.8
 147.7 -7.8
 147.7 -7.9
 147.8 -7.9
 148.0 -8.0
 148.0 -8.1
 148.1 -8.0
 148.2 -8.5
 148.3 -8.6
 148.4 -8.7
 148.5 -8.9
 148.6 -9.1
 148.7 -9.1
 148.9 -9.1
 148.9 -9.0
 149.1 -9.0
 149.2 -9.0
 149.3 -9.0
 149.3 -9.1
 149.3 -9.2
 149.2 -9.2
 149.2 -9.3
 149.2 -9.5
 149.3 -9.5
 149.4 -9.6
 149.5 -9.6
 150.0 -9.6
 150.1 -9.7
 149.9 -9.8
 149.8 -9.8
 149.7 -9.8
 149.8 -9.9
 149.9 -10.0
 150.1 -10.1
 150.2 -10.1
 150.3 -10.2
 150.6 -10.3
 150.9 -10.2
 150.6 -10.3
 150.4 -10.3
 150.3 -10.4
 150.6 -10.5
 150.7 -10.6
 150.6 -10.6
 150.4 -10.7
 150.3 -10.7
 150.2 -10.7
 150.2 -10.6
 150.0 -10.6
 149.9 -10.6
 149.9 -10.5
 150.0 -10.5
 150.1 -10.5
 150.0 -10.4
 149.9 -10.5
 149.9 -10.4
 149.8 -10.3
 149.4 -10.3
 149.3 -10.3
 149.1 -10.2
 149.0 -10.3
 148.9 -10.2
 148.7 -10.2
 148.8 -10.2
 148.7 -10.1
 148.6 -10.2
 148.4 -10.2
 148.2 -10.1
 148.1 -10.1
 148.0 -10.2
 147.8 -10.1
 147.7 -10.1
 147.7 -10.0
 147.5 -9.9
 147.5 -9.7
 147.3 -9.5
 147.2 -9.5
 147.1 -9.4
 147.1 -9.5
 147.0 -9.4
 147.0 -9.3
 146.9 -9.2
 146.9 -9.1
 147.0 -9.1
 147.0 -9.0
 146.9 -9.1
 146.6 -9.0
 146.5 -8.9
 146.6 -8.8
 146.4 -8.6
 146.3 -8.4
 146.2 -8.2
 146.1 -8.2
 146.1 -8.1
 145.8 -8.0
 145.8 -7.9
 145.7 -7.9
 145.7 -8.0
 145.4 -7.9
 145.3 -7.9
 145.2 -7.9
 145.2 -7.8
 144.9 -7.8
 144.9 -7.7
 144.9 -7.6
 144.8 -7.7
 144.7 -7.6
 144.6 -7.6
 144.7 -7.7
 144.6 -7.7
 144.5 -7.5
 144.5 -7.6
 144.5 -7.7
 144.4 -7.5
 144.4 -7.6
 144.5 -7.8
 144.4 -7.7
 144.4 -7.8
 144.4 -7.7
 144.3 -7.6
 144.3 -7.7
 144.3 -7.6
 144.2 -7.7
 144.3 -7.7
 144.3 -7.8
 144.1 -7.8
 143.9 -7.7
 143.6 -7.4
 143.7 -7.5
 143.8 -7.6
 144.0 -8.0
 143.9 -8.0
 143.8 -7.9
 143.9 -8.0
 143.8 -8.0
 143.6 -8.0
 143.5 -8.0
 143.4 -7.9
 143.5 -8.0
 143.6 -8.2
 143.1 -8.3
 143.0 -8.3
 142.7 -8.3
 142.6 -8.3
 142.5 -8.3
 142.4 -8.3
 142.4 -8.2
 142.2 -8.2
 142.1 -8.2
 142.2 -8.2
 142.3 -8.2
 142.4 -8.2
 142.4 -8.3
 142.4 -8.4
 142.5 -8.4
 142.6 -8.3
 142.8 -8.3
 142.9 -8.4
 143.1 -8.5
 143.3 -8.7
 143.4 -8.8
 143.4 -9.0
 143.3 -9.0
 143.2 -9.0
 142.7 -9.3
 142.6 -9.3
 142.4 -9.2
 142.0 -9.2
 141.9 -9.2
 141.7 -9.2
 141.5 -9.2
 141.4 -9.1
 141.3 -9.2
 141.2 -9.2
 141.1 -9.2
 141.0 -9.1
 140.8 -9.0
 140.5 -8.7
 140.4 -8.5
 140.1 -8.3
 140.0 -8.2
 140.0 -8.1
 140.1 -8.1
 140.1 -8.0
 140.0 -8.0
 140.1 -7.9
 140.0 -8.1
 139.6 -8.1
 139.4 -8.2
 139.3 -8.2
 139.3 -8.1
 139.2 -8.0
 139.2 -8.1
 139.0 -8.2
 138.9 -8.3
 138.8 -8.2
 138.8 -8.1
 138.9 -8.1
 138.9 -7.9
 139.0 -7.9
 139.1 -7.6
 139.1 -7.5
 139.0 -7.5
 138.9 -7.4
 138.7 -7.2
 138.9 -7.2
 139.0 -7.3
 139.2 -7.2
 139.2 -7.1
 139.2 -7.2
 139.0 -7.2
 138.8 -7.1
 138.6 -7.0
 138.6 -6.9
 138.9 -6.8
 139.2 -7.0
 138.7 -6.7
 138.7 -6.6
 138.8 -6.7
 138.5 -6.4
 138.4 -6.3
 138.3 -6.0
 138.3 -5.9
 138.4 -5.9
 138.4 -5.8
 138.3 -5.9
 138.2 -5.8
 138.4 -5.7
 138.2 -5.7
 138.1 -5.7
 138.1 -5.6
 138.1 -5.4
 138.0 -5.4
 138.0 -5.5
 137.9 -5.4
 137.9 -5.3
 137.8 -5.4
 137.8 -5.3
 137.6 -5.1
 137.5 -5.2
 137.3 -5.0
 137.3 -4.9
 137.2 -5.0
 137.1 -5.0
 137.1 -4.9
 137.0 -5.0
 136.9 -4.9
 137.0 -4.9
 136.8 -4.9
 136.4 -4.7
 136.0 -4.6
 135.9 -4.5
 135.4 -4.4
 135.2 -4.5
 135.0 -4.3
 134.9 -4.3
 134.8 -4.3
 134.6 -4.1
 134.7 -4.1
 134.7 -4.0
 134.7 -3.9
 134.9 -4.0
 134.7 -3.9
 134.6 -3.9
 134.6 -4.0
 134.5 -4.0
 134.4 -3.9
 134.3 -3.9
 134.3 -4.0
 134.1 -3.9
 134.2 -3.8
 134.1 -3.8
 134.0 -3.8
 134.0 -3.9
 133.9 -3.8
 133.8 -3.6
 133.8 -3.7
 133.7 -3.7
 133.7 -3.6
 133.6 -3.5
 133.7 -3.4
 133.7 -3.2
 133.8 -3.2
 133.8 -3.1
 133.9 -3.1
 133.9 -3.0
 133.8 -2.9
 133.8 -3.0
 133.7 -3.1
 133.7 -3.4
 133.6 -3.4
 133.5 -3.4
 133.6 -3.5
 133.6 -3.6
 133.4 -3.7
 133.4 -3.8
 133.5 -3.9
 133.3 -4.1
 133.0 -4.1
 132.9 -4.1
 132.8 -3.8
 132.7 -3.7
 132.7 -3.6
 132.9 -3.7
 132.9 -3.6
 132.8 -3.4
 132.8 -3.3
 132.7 -3.3
 132.6 -3.2
 132.5 -3.0
 132.2 -2.9
 132.1 -3.0
 132.0 -2.9
 132.0 -2.8
 132.1 -2.7
 132.2 -2.7
 132.4 -2.7
 132.6 -2.7
 132.7 -2.8
 132.8 -2.8
 133.1 -2.4
 133.2 -2.4
 133.3 -2.4
 133.4 -2.5
 133.4 -2.6
 133.4 -2.5
 133.5 -2.5
 133.5 -2.6
 133.5 -2.5
 133.5 -2.6
 133.6 -2.5
 133.7 -2.6
 133.7 -2.7
 133.7 -2.5
 133.8 -2.7
 133.8 -2.6
 133.8 -2.5
 133.7 -2.5
 133.8 -2.4
 133.9 -2.5
 133.9 -2.4
 134.0 -2.4
 133.9 -2.4
 134.0 -2.3
 133.9 -2.3
 134.0 -2.2
 133.9 -2.2
 133.9 -2.3
 133.8 -2.3
 133.9 -2.2
 133.9 -2.1
 133.6 -2.2
 133.2 -2.2
 133.0 -2.3
 132.9 -2.3
 132.8 -2.2
 132.7 -2.3
 132.6 -2.2
 132.5 -2.2
 132.3 -2.3
 132.1 -2.1
 132.0 -2.1
 132.1 -2.0
 132.0 -2.0
 131.9 -1.9
 132.0 -1.8
 132.0 -1.7
 131.9 -1.7
 131.9 -1.6
 132.0 -1.6
 131.8 -1.6
 131.8 -1.5
 131.8 -1.6
 131.7 -1.6
 131.7 -1.5
 131.6 -1.5
 131.5 -1.5
 131.4 -1.5
 131.3 -1.4
 131.3 -1.5
 131.2 -1.5
 131.1 -1.4
 131.0 -1.5
 130.9 -1.4
 131.0 -1.3
 131.1 -1.2
 131.2 -1.2
 131.3 -1.1
 131.2 -0.9
 131.3 -0.8
 131.5 -0.7
 131.5 -0.8
 

131.5 -0.8
 131.9 -0.7
 132.2 -0.4
 132.4 -0.3
 132.8 -0.4
 132.9 -0.5
 133.0 -0.4
 133.0 -0.5
 133.2 -0.6
 133.4 -0.7
 133.7 -0.8
 133.8 -0.7
 133.9 -0.7
 134.0 -0.7
 134.2 -0.9
 134.1 -0.9
 134.0 -1.0
 134.3 -1.4
 134.2 -1.5
 134.2 -1.6
 134.1 -1.7
 134.2 -2.0
 134.1 -2.1
 134.2 -2.3
 134.4 -2.7
 134.5 -2.9
 134.5 -2.8
 134.5 -2.6
 134.5 -2.5
 134.6 -2.5
 134.7 -2.7
 134.7 -3.0
 134.8 -3.0
 134.8 -2.9
 134.9 -2.9
 134.9 -3.0
 134.8 -3.1
 134.9 -3.2
 134.9 -3.3
 135.0 -3.3
 135.3 -3.4
 135.5 -3.4
 135.6 -3.3
 135.6 -3.2
 135.8 -3.1
 135.7 -3.1
 135.9 -3.0
 135.9 -2.9
 136.0 -2.8
 136.1 -2.6
 136.2 -2.6
 136.3 -2.5
 136.3 -2.4
 136.3 -2.3
 136.4 -2.2
 136.5 -2.2
 136.7 -2.3
 137.1 -2.1
 137.2 -2.1
 137.2 -2.0
 137.1 -1.9
 137.1 -1.8
 137.6 -1.6
 137.8 -1.5
 137.9 -1.5
 138.1 -1.6
 138.6 -1.8
 138.8 -2.0
 139.2 -2.1
 139.6 -2.3
 139.8 -2.4
 140.1 -2.4
 140.2 -2.3
 140.3 -2.5
 140.4 -2.5
 140.4 -2.4
 140.7 -2.5
 140.7 -2.6
 140.8 -2.6
 141.0 -2.6
 141.1 -2.6
 141.6 -2.8
 141.9 -3.0
 142.0 -3.0
 142.1 -3.0
 142.1 -3.1
 142.5 -3.2
 143.0 -3.4
 143.4 -3.4
 143.6 -3.5
 143.7 -3.6
 143.9 -3.7
 144.0 -3.8
 144.2 -3.8
 144.2 -3.9
 144.3 -3.8
 144.5 -3.8
 144.6 -3.9
 144.5 -4.0
 144.6 -4.0
 144.8 -4.1
 144.9 -4.1
 145.2 -4.4
 145.3 -4.4
 145.5 -4.5
 145.7 -4.8
 145.8 -4.8
 145.8 -5.2
 145.7 -5.3
 145.7 -5.4
 145.8 -5.5
 146.2 -5.5
 146.3 -5.6
 146.4 -5.6
 146.8 -5.8
 146.9 -5.8
 147.1 -6.0
 147.5 -6.0
 147.7 -6.2
 147.7 -6.3
 147.8 -6.3
 147.9 -6.6
 147.9 -6.7
 147.8 -6.7
 147.3 -6.7
 147.1 -6.7
 147.0 -6.7
 146.9 -7.0
 147.0 -7.0
 147.1 -7.1
 147.1 -7.2
 147.2 -7.5
 147.4 -7.5
 147.6 -7.8
 147.7 -7.8
 147.7 -7.9
 147.8 -7.9
 148.0 -8.0
 148.0 -8.1
 148.1 -8.0
 148.2 -8.5
 148.3 -8.6
 148.4 -8.7
 148.5 -8.9
 148.6 -9.1
 148.7 -9.1
 148.9 -9.1
 148.9 -9.0
 149.1 -9.0
 149.2 -9.0
 149.3 -9.0
 149.3 -9.1
 149.3 -9.2
 149.2 -9.2
 149.2 -9.3
 149.2 -9.5
 149.3 -9.5
 149.4 -9.6
 149.5 -9.6
 150.0 -9.6
 150.1 -9.7
 149.9 -9.8
 149.8 -9.8
 149.7 -9.8
 149.8 -9.9
 149.9 -10.0
 150.1 -10.1
 150.2 -10.1
 150.3 -10.2
 150.6 -10.3
 150.9 -10.2
 150.6 -10.3
 150.4 -10.3
 150.3 -10.4
 150.6 -10.5
 150.7 -10.6
 150.6 -10.6
 150.4 -10.7
 150.3 -10.7
 150.2 -10.7
 150.2 -10.6
 150.0 -10.6
 149.9 -10.6
 149.9 -10.5
 150.0 -10.5
 150.1 -10.5
 150.0 -10.4
 149.9 -10.5
 149.9 -10.4
 149.8 -10.3
 149.4 -10.3
 149.3 -10.3
 149.1 -10.2
 149.0 -10.3
 148.9 -10.2
 148.7 -10.2
 148.8 -10.2
 148.7 -10.1
 148.6 -10.2
 148.4 -10.2
 148.2 -10.1
 148.1 -10.1
 148.0 -10.2
 147.8 -10.1
 147.7 -10.1
 147.7 -10.0
 147.5 -9.9
 147.5 -9.7
 147.3 -9.5
 147.2 -9.5
 147.1 -9.4
 147.1 -9.5
 147.0 -9.4
 147.0 -9.3
 146.9 -9.2
 146.9 -9.1
 147.0 -9.1
 147.0 -9.0
 146.9 -9.1
 146.6 -9.0
 146.5 -8.9
 146.6 -8.8
 146.4 -8.6
 146.3 -8.4
 146.2 -8.2
 146.1 -8.2
 146.1 -8.1
 145.8 -8.0
 145.8 -7.9
 145.7 -7.9
 145.7 -8.0
 145.4 -7.9
 145.3 -7.9
 145.2 -7.9
 145.2 -7.8
 144.9 -7.8
 144.9 -7.7
 144.9 -7.6
 144.8 -7.7
 144.7 -7.6
 144.6 -7.6
 144.7 -7.7
 144.6 -7.7
 144.5 -7.5
 144.5 -7.6
 144.5 -7.7
 144.4 -7.5
 144.4 -7.6
 144.5 -7.8
 144.4 -7.7
 144.4 -7.8
 144.4 -7.7
 144.3 -7.6
 144.3 -7.7
 144.3 -7.6
 144.2 -7.7
 144.3 -7.7
 144.3 -7.8
 144.1 -7.8
 143.9 -7.7
 143.6 -7.4
 143.7 -7.5
 143.8 -7.6
 144.0 -8.0
 143.9 -8.0
 143.8 -7.9
 143.9 -8.0
 143.8 -8.0
 143.6 -8.0
 143.5 -8.0
 143.4 -7.9
 143.5 -8.0
 143.6 -8.2
 143.1 -8.3
 143.0 -8.3
 142.7 -8.3
 142.6 -8.3
 142.5 -8.3
 142.4 -8.3
 142.4 -8.2
 142.2 -8.2
 142.1 -8.2
 142.2 -8.2
 142.3 -8.2
 142.4 -8.2
 142.4 -8.3
 142.4 -8.4
 142.5 -8.4
 142.6 -8.3
 142.8 -8.3
 142.9 -8.4
 143.1 -8.5
 143.3 -8.7
 143.4 -8.8
 143.4 -9.0
 143.3 -9.0
 143.2 -9.0
 142.7 -9.3
 142.6 -9.3
 142.4 -9.2
 142.0 -9.2
 141.9 -9.2
 141.7 -9.2
 141.5 -9.2
 141.4 -9.1
 141.3 -9.2
 141.2 -9.2
 141.1 -9.2
 141.0 -9.1
 140.8 -9.0
 140.5 -8.7
 140.4 -8.5
 140.1 -8.3
 140.0 -8.2
 140.0 -8.1
 140.1 -8.1
 140.1 -8.0
 140.0 -8.0
 140.1 -7.9
 140.0 -8.1
 139.6 -8.1
 139.4 -8.2
 139.3 -8.2
 139.3 -8.1
 139.2 -8.0
 139.2 -8.1
 139.0 -8.2
 138.9 -8.3
 138.8 -8.2
 138.8 -8.1
 138.9 -8.1
 138.9 -7.9
 139.0 -7.9
 139.1 -7.6
 139.1 -7.5
 139.0 -7.5
 138.9 -7.4
 138.7 -7.2
 138.9 -7.2
 139.0 -7.3
 139.2 -7.2
 139.2 -7.1
 139.2 -7.2
 139.0 -7.2
 138.8 -7.1
 138.6 -7.0
 138.6 -6.9
 138.9 -6.8
 139.2 -7.0
 138.7 -6.7
 138.7 -6.6
 138.8 -6.7
 138.5 -6.4
 138.4 -6.3
 138.3 -6.0
 138.3 -5.9
 138.4 -5.9
 138.4 -5.8
 138.3 -5.9
 138.2 -5.8
 138.4 -5.7
 138.2 -5.7
 138.1 -5.7
 138.1 -5.6
 138.1 -5.4
 138.0 -5.4
 138.0 -5.5
 137.9 -5.4
 137.9 -5.3
 137.8 -5.4
 137.8 -5.3
 137.6 -5.1
 137.5 -5.2
 137.3 -5.0
 137.3 -4.9
 137.2 -5.0
 137.1 -5.0
 137.1 -4.9
 137.0 -5.0
 136.9 -4.9
 137.0 -4.9
 136.8 -4.9
 136.4 -4.7
 136.0 -4.6
 135.9 -4.5
 135.4 -4.4
 135.2 -4.5
 135.0 -4.3
 134.9 -4.3
 134.8 -4.3
 134.6 -4.1
 134.7 -4.1
 134.7 -4.0
 134.7 -3.9
 134.9 -4.0
 134.7 -3.9
 134.6 -3.9
 134.6 -4.0
 134.5 -4.0
 134.4 -3.9
 134.3 -3.9
 134.3 -4.0
 134.1 -3.9
 134.2 -3.8
 134.1 -3.8
 134.0 -3.8
 134.0 -3.9
 133.9 -3.8
 133.8 -3.6
 133.8 -3.7
 133.7 -3.7
 133.7 -3.6
 133.6 -3.5
 133.7 -3.4
 133.7 -3.2
 133.8 -3.2
 133.8 -3.1
 133.9 -3.1
 133.9 -3.0
 133.8 -2.9
 133.8 -3.0
 133.7 -3.1
 133.7 -3.4
 133.6 -3.4
 133.5 -3.4
 133.6 -3.5
 133.6 -3.6
 133.4 -3.7
 133.4 -3.8
 133.5 -3.9
 133.3 -4.1
 133.0 -4.1
 132.9 -4.1
 132.8 -3.8
 132.7 -3.7
 132.7 -3.6
 132.9 -3.7
 132.9 -3.6
 132.8 -3.4
 132.8 -3.3
 132.7 -3.3
 132.6 -3.2
 132.5 -3.0
 132.2 -2.9
 132.1 -3.0
 132.0 -2.9
 132.0 -2.8
 132.1 -2.7
 132.2 -2.7
 132.4 -2.7
 132.6 -2.7
 132.7 -2.8
 132.8 -2.8
 133.1 -2.4
 133.2 -2.4
 133.3 -2.4
 133.4 -2.5
 133.4 -2.6
 133.4 -2.5
 133.5 -2.5
 133.5 -2.6
 133.5 -2.5
 133.5 -2.6
 133.6 -2.5
 133.7 -2.6
 133.7 -2.7
 133.7 -2.5
 133.8 -2.7
 133.8 -2.6
 133.8 -2.5
 133.7 -2.5
 133.8 -2.4
 133.9 -2.5
 133.9 -2.4
 134.0 -2.4
 133.9 -2.4
 134.0 -2.3
 133.9 -2.3
 134.0 -2.2
 133.9 -2.2
 133.9 -2.3
 133.8 -2.3
 133.9 -2.2
 133.9 -2.1
 133.6 -2.2
 133.2 -2.2
 133.0 -2.3
 132.9 -2.3
 132.8 -2.2
 132.7 -2.3
 132.6 -2.2
 132.5 -2.2
 132.3 -2.3
 132.1 -2.1
 132.0 -2.1
 132.1 -2.0
 132.0 -2.0
 131.9 -1.9
 132.0 -1.8
 132.0 -1.7
 131.9 -1.7
 131.9 -1.6
 132.0 -1.6
 131.8 -1.6
 131.8 -1.5
 131.8 -1.6
 131.7 -1.6
 131.7 -1.5
 131.6 -1.5
 131.5 -1.5
 131.4 -1.5
 131.3 -1.4
 131.3 -1.5
 131.2 -1.5
 131.1 -1.4
 131.0 -1.5
 130.9 -1.4
 131.0 -1.3
 131.1 -1.2
 131.2 -1.2
 131.3 -1.1
 131.2 -0.9
 131.3 -0.8
 131.5 -0.7
 131.5 -0.8
 

