-67.2 -22.8
 -67.0 -23.0
 -67.2 -23.4
 -67.3 -24.0
 -68.3 -24.4
 -68.3 -24.5
 -68.4 -24.5
 -68.4 -24.6
 -68.5 -24.6
 -68.6 -24.8
 -68.5 -24.9
 -68.4 -25.1
 -68.5 -25.2
 -68.6 -25.4
 -68.6 -25.5
 -68.5 -25.8
 -68.4 -26.2
 -68.6 -26.3
 -68.6 -26.5
 -68.3 -26.9
 -68.3 -27.0
 -68.5 -27.1
 -68.6 -27.2
 -68.7 -27.1
 -68.8 -27.1
 -68.9 -27.2
 -68.9 -27.3
 -68.9 -27.4
 -69.0 -27.5
 -69.2 -28.0
 -69.3 -28.0
 -69.4 -28.2
 -69.5 -28.2
 -69.5 -28.3
 -69.7 -28.4
 -69.7 -28.6
 -69.8 -29.1
 -70.0 -29.3
 -70.0 -29.4
 -70.0 -29.7
 -69.9 -29.7
 -69.9 -29.8
 -70.0 -30.1
 -69.8 -30.1
 -69.8 -30.2
 -69.9 -30.3
 -69.9 -30.4
 -70.0 -30.4
 -70.1 -30.4
 -70.2 -30.4
 -70.1 -30.4
 -70.3 -30.8
 -70.3 -31.0
 -70.3 -31.1
 -70.4 -31.2
 -70.4 -31.1
 -70.5 -31.1
 -70.5 -31.2
 -70.6 -31.6
 -70.5 -31.8
 -70.4 -31.9
 -70.3 -31.9
 -70.2 -32.0
 -70.3 -32.0
 -70.4 -32.1
 -70.3 -32.2
 -70.2 -32.3
 -70.2 -32.4
 -70.2 -32.5
 -70.1 -32.5
 -70.2 -32.6
 -70.1 -32.8
 -70.0 -32.9
 -70.1 -33.0
 -70.1 -33.2
 -70.0 -33.3
 -69.9 -33.2
 -69.8 -33.3
 -69.8 -33.4
 -69.9 -33.6
 -69.8 -33.7
 -69.9 -33.8
 -69.9 -34.0
 -69.8 -34.0
 -69.9 -34.1
 -69.8 -34.2
 -69.8 -34.3
 -70.0 -34.3
 -70.1 -34.3
 -70.0 -34.4
 -70.2 -34.6
 -70.2 -34.7
 -70.3 -34.7
 -70.3 -34.8
 -70.4 -35.0
 -70.4 -35.1
 -70.4 -35.2
 -70.5 -35.2
 -70.6 -35.3
 -70.4 -35.3
 -70.5 -35.4
 -70.4 -35.5
 -70.4 -35.6
 -70.3 -35.8
 -70.4 -36.0
 -70.4 -36.1
 -70.6 -36.1
 -70.7 -36.3
 -70.7 -36.4
 -70.9 -36.4
 -70.9 -36.5
 -71.0 -36.5
 -71.1 -36.6
 -71.0 -36.7
 -71.1 -36.7
 -71.2 -36.8
 -71.1 -37.0
 -71.2 -37.0
 -71.1 -37.1
 -71.2 -37.3
 -71.1 -37.5
 -71.2 -37.6
 -71.2 -37.7
 -71.1 -37.9
 -71.0 -38.4
 -70.8 -38.6
 -70.9 -38.6
 -70.9 -38.7
 -71.1 -38.8
 -71.4 -38.9
 -71.4 -39.0
 -71.4 -39.1
 -71.4 -39.3
 -71.5 -39.4
 -71.5 -39.5
 -71.5 -39.6
 -71.7 -39.6
 -71.7 -39.9
 -71.6 -39.9
 -71.7 -40.1
 -71.8 -40.1
 -71.8 -40.2
 -71.7 -40.3
 -71.7 -40.4
 -71.8 -40.4
 -71.8 -40.5
 -72.0 -40.7
 -71.8 -41.0
 -71.9 -41.1
 -71.9 -41.4
 -71.8 -41.6
 -71.9 -41.6
 -71.7 -42.1
 -71.9 -42.2
 -72.0 -42.1
 -72.1 -42.3
 -72.0 -42.4
 -72.1 -42.4
 -72.0 -42.5
 -72.1 -42.5
 -72.1 -42.7
 -72.1 -42.8
 -72.1 -43.0
 -72.1 -43.1
 -71.8 -43.2
 -71.7 -43.2
 -71.7 -43.3
 -71.9 -43.4
 -71.9 -43.5
 -71.8 -43.5
 -71.9 -43.5
 -71.7 -43.6
 -71.7 -43.7
 -71.8 -43.7
 -71.8 -43.8
 -71.7 -43.8
 -71.7 -43.9
 -71.6 -43.9
 -71.7 -44.0
 -71.9 -44.1
 -71.8 -44.3
 -71.9 -44.4
 -71.8 -44.4
 -71.2 -44.4
 -71.1 -44.5
 -71.1 -44.6
 -71.2 -44.6
 -71.2 -44.7
 -71.3 -44.8
 -71.5 -44.7
 -71.9 -44.8
 -72.1 -44.8
 -72.1 -44.9
 -71.6 -45.0
 -71.5 -45.1
 -71.5 -45.2
 -71.3 -45.2
 -71.3 -45.3
 -71.5 -45.4
 -71.5 -45.5
 -71.7 -45.5
 -71.7 -45.6
 -71.8 -45.7
 -71.8 -45.8
 -71.6 -45.9
 -71.6 -46.0
 -71.8 -46.1
 -71.9 -46.1
 -71.9 -46.2
 -71.8 -46.2
 -71.8 -46.3
 -71.7 -46.5
 -71.7 -46.7
 -71.8 -46.8
 -71.9 -46.8
 -72.0 -46.9
 -71.9 -47.0
 -72.0 -47.0
 -72.0 -47.1
 -71.9 -47.1
 -71.9 -47.2
 -72.0 -47.2
 -72.0 -47.3
 -72.2 -47.4
 -72.3 -47.4
 -72.4 -47.5
 -72.3 -47.5
 -72.5 -47.9
 -72.3 -48.1
 -72.3 -48.3
 -72.6 -48.5
 -72.6 -48.7
 -72.6 -48.8
 -72.7 -48.9
 -72.8 -48.9
 -73.0 -49.0
 -73.1 -49.1
 -73.2 -49.2
 -73.1 -49.3
 -73.5 -49.3
 -73.4 -49.4
 -73.5 -49.4
 -73.5 -49.5
 -73.6 -49.5
 -73.5 -49.6
 -73.5 -49.7
 -73.4 -49.8
 -73.6 -49.9
 -73.5 -50.0
 -73.5 -50.1
 -73.4 -50.2
 -73.3 -50.3
 -73.3 -50.4
 -73.3 -50.6
 -73.2 -50.7
 -73.1 -50.8
 -73.0 -50.7
 -72.8 -50.6
 -72.7 -50.6
 -72.6 -50.7
 -72.5 -50.6
 -72.4 -50.6
 -72.3 -50.6
 -72.3 -50.7
 -72.2 -50.9
 -72.3 -51.0
 -72.4 -51.1
 -72.2 -51.2
 -72.3 -51.5
 -72.4 -51.5
 -72.4 -51.6
 -72.3 -51.6
 -72.3 -51.7
 -72.0 -51.8
 -71.9 -51.9
 -72.0 -52.0
 -71.9 -52.0
 -70.9 -52.0
 -70.0 -52.0
 -69.5 -52.1
 -69.2 -52.1
 -68.4 -52.3
 -68.4 -52.4
 -68.4 -52.3
 -68.4 -52.2
 -68.8 -51.9
 -69.0 -51.6
 -69.2 -51.7
 -69.3 -51.6
 -69.6 -51.6
 -69.4 -51.6
 -69.1 -51.6
 -69.0 -51.6
 -69.0 -51.5
 -69.2 -51.0
 -69.1 -50.9
 -69.1 -50.6
 -69.0 -50.4
 -68.8 -50.3
 -68.4 -50.2
 -68.4 -50.1
 -68.5 -50.1
 -68.6 -50.0
 -68.6 -49.9
 -68.5 -49.9
 -68.4 -50.1
 -68.3 -50.1
 -68.2 -50.1
 -68.1 -50.1
 -67.8 -49.9
 -67.7 -49.8
 -67.6 -49.3
 -67.7 -49.4
 -67.8 -49.4
 -67.8 -49.3
 -67.7 -49.2
 -67.6 -49.2
 -67.6 -49.1
 -67.5 -49.0
 -67.2 -48.8
 -67.1 -48.7
 -67.0 -48.6
 -66.8 -48.6
 -66.7 -48.4
 -66.3 -48.3
 -66.2 -48.2
 -66.1 -48.1
 -65.9 -48.1
 -66.0 -48.0
 -65.8 -48.0
 -65.8 -47.9
 -65.9 -47.9
 -65.9 -47.8
 -66.0 -47.8
 -65.9 -47.8
 -65.8 -47.5
 -65.7 -47.3
 -65.8 -47.2
 -66.0 -47.1
 -66.7 -47.0
 -67.2 -46.7
 -67.5 -46.5
 -67.6 -46.2
 -67.6 -46.1
 -67.6 -46.0
 -67.4 -45.8
 -67.3 -45.8
 -67.3 -45.7
 -67.3 -45.6
 -67.1 -45.5
 -67.0 -45.3
 -66.8 -45.2
 -66.5 -45.2
 -66.6 -45.1
 -66.5 -45.1
 -66.2 -45.0
 -66.0 -45.0
 -65.9 -45.0
 -65.7 -45.0
 -65.6 -45.0
 -65.6 -44.9
 -65.5 -44.9
 -65.7 -44.8
 -65.5 -44.6
 -65.3 -44.5
 -65.3 -44.4
 -65.2 -44.3
 -65.3 -44.2
 -65.2 -44.0
 -65.3 -44.0
 -65.3 -43.7
 -65.1 -43.5
 -65.0 -43.4
 -65.0 -43.3
 -64.8 -43.2
 -64.4 -43.1
 -64.3 -43.0
 -64.3 -42.9
 -64.4 -43.0
 -65.0 -42.8
 -65.0 -42.7
 -64.6 -42.5
 -64.5 -42.5
 -64.3 -42.5
 -64.2 -42.6
 -64.3 -42.8
 -64.1 -42.9
 -63.7 -42.8
 -63.6 -42.8
 -63.6 -42.3
 -63.7 -42.1
 -63.9 -42.1
 -64.2 -42.2
 -64.3 -42.2
 -64.1 -42.3
 -64.0 -42.3
 -64.0 -42.4
 -64.1 -42.4
 -64.6 -42.4
 -64.5 -42.3
 -64.5 -42.2
 -64.7 -42.2
 -64.9 -42.2
 -65.1 -42.0
 -65.0 -41.8
 -65.0 -41.7
 -65.0 -41.5
 -65.1 -41.3
 -65.2 -41.0
 -65.1 -40.8
 -65.0 -40.8
 -64.9 -40.8
 -64.9 -40.7
 -64.8 -40.7
 -64.7 -40.8
 -64.8 -40.8
 -64.9 -40.8
 -64.7 -40.8
 -64.1 -41.0
 -64.0 -41.1
 -63.8 -41.2
 -63.4 -41.2
 -62.9 -41.1
 -62.4 -40.9
 -62.3 -40.9
 -62.2 -40.6
 -62.3 -40.7
 -62.3 -40.6
 -62.2 -40.6
 -62.3 -40.6
 -62.3 -40.5
 -62.4 -40.5
 -62.5 -40.3
 -62.4 -40.2
 -62.3 -40.1
 -62.4 -40.1
 -62.3 -39.8
 -62.1 -39.8
 -62.1 -39.5
 -62.3 -39.3
 -62.2 -39.3
 -62.1 -39.4
 -62.0 -39.4
 -62.1 -39.3
 -62.3 -39.2
 -62.3 -39.0
 -62.3 -38.9
 -62.4 -38.8
 -62.2 -38.8
 -62.0 -38.9
 -61.8 -39.0
 -61.1 -39.0
 -60.4 -38.9
 -59.8 -38.8
 -59.1 -38.7
 -58.5 -38.5
 -58.0 -38.4
 -57.6 -38.2
 -57.5 -38.1
 -57.5 -37.9
 -57.5 -37.8
 -57.1 -37.5
 -56.8 -37.0
 -56.7 -36.9
 -56.7 -36.8
 -56.7 -36.4
 -56.7 -36.3
 -56.8 -36.3
 -56.9 -36.4
 -56.9 -36.3
 -57.1 -36.3
 -57.3 -36.1
 -57.4 -35.9
 -57.4 -35.8
 -57.2 -35.6
 -57.1 -35.5
 -57.1 -35.4
 -57.3 -35.2
 -57.8 -34.9
 -58.3 -34.7
 -58.4 -34.6
 -58.5 -34.4
 -58.6 -34.3
 -58.5 -34.3
 -58.4 -34.3
 -58.4 -34.2
 -58.4 -34.0
 -58.5 -34.0
 -58.5 -33.9
 -58.5 -33.8
 -58.5 -33.5
 -58.5 -33.4
 -58.4 -33.3
 -58.4 -33.1
 -58.2 -33.1
 -58.1 -32.9
 -58.2 -32.7
 -58.2 -32.5
 -58.1 -32.3
 -58.2 -32.2
 -58.1 -32.0
 -58.2 -31.9
 -58.0 -31.8
 -58.0 -31.6
 -58.1 -31.5
 -58.0 -31.4
 -57.9 -31.0
 -57.9 -30.9
 -57.8 -30.9
 -57.8 -30.7
 -57.9 -30.6
 -57.9 -30.5
 -57.8 -30.4
 -57.6 -30.3
 -57.6 -30.2
 -57.5 -30.2
 -57.3 -30.0
 -57.3 -29.8
 -57.1 -29.8
 -57.0 -29.7
 -56.7 -29.3
 -56.6 -29.2
 -56.6 -29.1
 -56.4 -29.1
 -56.4 -29.0
 -56.3 -28.9
 -56.3 -28.8
 -56.0 -28.6
 -56.0 -28.5
 -55.9 -28.5
 -55.9 -28.4
 -55.8 -28.4
 -55.7 -28.4
 -55.7 -28.3
 -55.8 -28.2
 -55.4 -28.1
 -55.4 -28.0
 -55.2 -27.9
 -55.1 -27.9
 -55.0 -27.9
 -55.0 -27.8
 -55.1 -27.8
 -55.0 -27.8
 -54.9 -27.7
 -54.8 -27.5
 -54.8 -27.6
 -54.6 -27.4
 -54.5 -27.5
 -54.4 -27.5
 -54.5 -27.4
 -54.4 -27.5
 -54.3 -27.4
 -54.2 -27.3
 -54.2 -27.2
 -54.1 -27.3
 -53.9 -27.1
 -53.8 -27.2
 -53.7 -26.9
 -53.7 -26.8
 -53.8 -26.8
 -53.7 -26.7
 -53.7 -26.4
 -53.7 -26.3
 -53.7 -26.2
 -53.8 -26.0
 -53.8 -25.9
 -53.9 -25.6
 -54.0 -25.6
 -54.1 -25.6
 -54.1 -25.5
 -54.2 -25.5
 -54.2 -25.6
 -54.3 -25.5
 -54.4 -25.6
 -54.4 -25.7
 -54.6 -25.6
 -54.6 -25.7
 -54.6 -26.0
 -54.7 -26.0
 -54.6 -26.2
 -54.8 -26.7
 -54.9 -26.7
 -55.0 -26.8
 -55.1 -26.9
 -55.2 -27.0
 -55.3 -26.9
 -55.4 -27.0
 -55.5 -27.1
 -55.6 -27.2
 -55.6 -27.3
 -55.8 -27.4
 -55.9 -27.3
 -56.0 -27.3
 -56.1 -27.3
 -56.3 -27.4
 -56.3 -27.5
 -56.4 -27.6
 -56.5 -27.6
 -56.5 -27.5
 -56.6 -27.4
 -56.7 -27.5
 -56.8 -27.5
 -56.9 -27.4
 -57.1 -27.5
 -57.4 -27.4
 -57.7 -27.3
 -58.0 -27.3
 -58.6 -27.3
 -58.7 -27.2
 -58.6 -27.1
 -58.5 -27.0
 -58.5 -27.1
 -58.5 -26.9
 -58.3 -26.9
 -58.3 -26.8
 -58.2 -26.8
 -58.2 -26.6
 -58.2 -26.7
 -58.2 -26.6
 -58.2 -26.5
 -58.2 -26.4
 -58.2 -26.3
 -58.1 -26.2
 -57.9 -26.0
 -57.8 -25.7
 -57.6 -25.6
 -57.6 -25.4
 -57.7 -25.3
 -57.9 -25.1
 -58.0 -25.1
 -58.2 -24.9
 -58.3 -25.0
 -58.5 -24.9
 -58.7 -24.8
 -58.9 -24.7
 -59.1 -24.6
 -59.4 -24.4
 -59.6 -24.3
 -59.6 -24.2
 -60.0 -24.0
 -60.2 -24.0
 -60.3 -24.0
 -60.6 -23.9
 -61.0 -23.8
 -61.1 -23.6
 -61.2 -23.6
 -61.6 -23.3
 -62.0 -23.0
 -62.0 -22.9
 -62.3 -22.6
 -62.2 -22.6
 -62.3 -22.5
 -62.6 -22.3
 -62.6 -22.2
 -62.8 -22.1
 -62.8 -22.0
 -63.9 -22.0
 -64.1 -22.3
 -64.1 -22.4
 -64.3 -22.6
 -64.3 -22.9
 -64.3 -22.8
 -64.5 -22.6
 -64.4 -22.5
 -64.6 -22.4
 -64.5 -22.3
 -64.6 -22.2
 -64.7 -22.2
 -65.0 -22.1
 -65.6 -22.1
 -65.8 -22.1
 -65.9 -21.9
 -66.0 -21.9
 -66.1 -21.8
 -66.2 -21.8
 -66.3 -22.0
 -66.3 -22.1
 -66.7 -22.2
 -66.8 -22.4
 -67.0 -22.5
 -67.0 -22.6
 -67.1 -22.7
 -67.2 -22.8
 

-67.2 -22.8
 -67.0 -23.0
 -67.2 -23.4
 -67.3 -24.0
 -68.3 -24.4
 -68.3 -24.5
 -68.4 -24.5
 -68.4 -24.6
 -68.5 -24.6
 -68.6 -24.8
 -68.5 -24.9
 -68.4 -25.1
 -68.5 -25.2
 -68.6 -25.4
 -68.6 -25.5
 -68.5 -25.8
 -68.4 -26.2
 -68.6 -26.3
 -68.6 -26.5
 -68.3 -26.9
 -68.3 -27.0
 -68.5 -27.1
 -68.6 -27.2
 -68.7 -27.1
 -68.8 -27.1
 -68.9 -27.2
 -68.9 -27.3
 -68.9 -27.4
 -69.0 -27.5
 -69.2 -28.0
 -69.3 -28.0
 -69.4 -28.2
 -69.5 -28.2
 -69.5 -28.3
 -69.7 -28.4
 -69.7 -28.6
 -69.8 -29.1
 -70.0 -29.3
 -70.0 -29.4
 -70.0 -29.7
 -69.9 -29.7
 -69.9 -29.8
 -70.0 -30.1
 -69.8 -30.1
 -69.8 -30.2
 -69.9 -30.3
 -69.9 -30.4
 -70.0 -30.4
 -70.1 -30.4
 -70.2 -30.4
 -70.1 -30.4
 -70.3 -30.8
 -70.3 -31.0
 -70.3 -31.1
 -70.4 -31.2
 -70.4 -31.1
 -70.5 -31.1
 -70.5 -31.2
 -70.6 -31.6
 -70.5 -31.8
 -70.4 -31.9
 -70.3 -31.9
 -70.2 -32.0
 -70.3 -32.0
 -70.4 -32.1
 -70.3 -32.2
 -70.2 -32.3
 -70.2 -32.4
 -70.2 -32.5
 -70.1 -32.5
 -70.2 -32.6
 -70.1 -32.8
 -70.0 -32.9
 -70.1 -33.0
 -70.1 -33.2
 -70.0 -33.3
 -69.9 -33.2
 -69.8 -33.3
 -69.8 -33.4
 -69.9 -33.6
 -69.8 -33.7
 -69.9 -33.8
 -69.9 -34.0
 -69.8 -34.0
 -69.9 -34.1
 -69.8 -34.2
 -69.8 -34.3
 -70.0 -34.3
 -70.1 -34.3
 -70.0 -34.4
 -70.2 -34.6
 -70.2 -34.7
 -70.3 -34.7
 -70.3 -34.8
 -70.4 -35.0
 -70.4 -35.1
 -70.4 -35.2
 -70.5 -35.2
 -70.6 -35.3
 -70.4 -35.3
 -70.5 -35.4
 -70.4 -35.5
 -70.4 -35.6
 -70.3 -35.8
 -70.4 -36.0
 -70.4 -36.1
 -70.6 -36.1
 -70.7 -36.3
 -70.7 -36.4
 -70.9 -36.4
 -70.9 -36.5
 -71.0 -36.5
 -71.1 -36.6
 -71.0 -36.7
 -71.1 -36.7
 -71.2 -36.8
 -71.1 -37.0
 -71.2 -37.0
 -71.1 -37.1
 -71.2 -37.3
 -71.1 -37.5
 -71.2 -37.6
 -71.2 -37.7
 -71.1 -37.9
 -71.0 -38.4
 -70.8 -38.6
 -70.9 -38.6
 -70.9 -38.7
 -71.1 -38.8
 -71.4 -38.9
 -71.4 -39.0
 -71.4 -39.1
 -71.4 -39.3
 -71.5 -39.4
 -71.5 -39.5
 -71.5 -39.6
 -71.7 -39.6
 -71.7 -39.9
 -71.6 -39.9
 -71.7 -40.1
 -71.8 -40.1
 -71.8 -40.2
 -71.7 -40.3
 -71.7 -40.4
 -71.8 -40.4
 -71.8 -40.5
 -72.0 -40.7
 -71.8 -41.0
 -71.9 -41.1
 -71.9 -41.4
 -71.8 -41.6
 -71.9 -41.6
 -71.7 -42.1
 -71.9 -42.2
 -72.0 -42.1
 -72.1 -42.3
 -72.0 -42.4
 -72.1 -42.4
 -72.0 -42.5
 -72.1 -42.5
 -72.1 -42.7
 -72.1 -42.8
 -72.1 -43.0
 -72.1 -43.1
 -71.8 -43.2
 -71.7 -43.2
 -71.7 -43.3
 -71.9 -43.4
 -71.9 -43.5
 -71.8 -43.5
 -71.9 -43.5
 -71.7 -43.6
 -71.7 -43.7
 -71.8 -43.7
 -71.8 -43.8
 -71.7 -43.8
 -71.7 -43.9
 -71.6 -43.9
 -71.7 -44.0
 -71.9 -44.1
 -71.8 -44.3
 -71.9 -44.4
 -71.8 -44.4
 -71.2 -44.4
 -71.1 -44.5
 -71.1 -44.6
 -71.2 -44.6
 -71.2 -44.7
 -71.3 -44.8
 -71.5 -44.7
 -71.9 -44.8
 -72.1 -44.8
 -72.1 -44.9
 -71.6 -45.0
 -71.5 -45.1
 -71.5 -45.2
 -71.3 -45.2
 -71.3 -45.3
 -71.5 -45.4
 -71.5 -45.5
 -71.7 -45.5
 -71.7 -45.6
 -71.8 -45.7
 -71.8 -45.8
 -71.6 -45.9
 -71.6 -46.0
 -71.8 -46.1
 -71.9 -46.1
 -71.9 -46.2
 -71.8 -46.2
 -71.8 -46.3
 -71.7 -46.5
 -71.7 -46.7
 -71.8 -46.8
 -71.9 -46.8
 -72.0 -46.9
 -71.9 -47.0
 -72.0 -47.0
 -72.0 -47.1
 -71.9 -47.1
 -71.9 -47.2
 -72.0 -47.2
 -72.0 -47.3
 -72.2 -47.4
 -72.3 -47.4
 -72.4 -47.5
 -72.3 -47.5
 -72.5 -47.9
 -72.3 -48.1
 -72.3 -48.3
 -72.6 -48.5
 -72.6 -48.7
 -72.6 -48.8
 -72.7 -48.9
 -72.8 -48.9
 -73.0 -49.0
 -73.1 -49.1
 -73.2 -49.2
 -73.1 -49.3
 -73.5 -49.3
 -73.4 -49.4
 -73.5 -49.4
 -73.5 -49.5
 -73.6 -49.5
 -73.5 -49.6
 -73.5 -49.7
 -73.4 -49.8
 -73.6 -49.9
 -73.5 -50.0
 -73.5 -50.1
 -73.4 -50.2
 -73.3 -50.3
 -73.3 -50.4
 -73.3 -50.6
 -73.2 -50.7
 -73.1 -50.8
 -73.0 -50.7
 -72.8 -50.6
 -72.7 -50.6
 -72.6 -50.7
 -72.5 -50.6
 -72.4 -50.6
 -72.3 -50.6
 -72.3 -50.7
 -72.2 -50.9
 -72.3 -51.0
 -72.4 -51.1
 -72.2 -51.2
 -72.3 -51.5
 -72.4 -51.5
 -72.4 -51.6
 -72.3 -51.6
 -72.3 -51.7
 -72.0 -51.8
 -71.9 -51.9
 -72.0 -52.0
 -71.9 -52.0
 -70.9 -52.0
 -70.0 -52.0
 -69.5 -52.1
 -69.2 -52.1
 -68.4 -52.3
 -68.4 -52.4
 -68.4 -52.3
 -68.4 -52.2
 -68.8 -51.9
 -69.0 -51.6
 -69.2 -51.7
 -69.3 -51.6
 -69.6 -51.6
 -69.4 -51.6
 -69.1 -51.6
 -69.0 -51.6
 -69.0 -51.5
 -69.2 -51.0
 -69.1 -50.9
 -69.1 -50.6
 -69.0 -50.4
 -68.8 -50.3
 -68.4 -50.2
 -68.4 -50.1
 -68.5 -50.1
 -68.6 -50.0
 -68.6 -49.9
 -68.5 -49.9
 -68.4 -50.1
 -68.3 -50.1
 -68.2 -50.1
 -68.1 -50.1
 -67.8 -49.9
 -67.7 -49.8
 -67.6 -49.3
 -67.7 -49.4
 -67.8 -49.4
 -67.8 -49.3
 -67.7 -49.2
 -67.6 -49.2
 -67.6 -49.1
 -67.5 -49.0
 -67.2 -48.8
 -67.1 -48.7
 -67.0 -48.6
 -66.8 -48.6
 -66.7 -48.4
 -66.3 -48.3
 -66.2 -48.2
 -66.1 -48.1
 -65.9 -48.1
 -66.0 -48.0
 -65.8 -48.0
 -65.8 -47.9
 -65.9 -47.9
 -65.9 -47.8
 -66.0 -47.8
 -65.9 -47.8
 -65.8 -47.5
 -65.7 -47.3
 -65.8 -47.2
 -66.0 -47.1
 -66.7 -47.0
 -67.2 -46.7
 -67.5 -46.5
 -67.6 -46.2
 -67.6 -46.1
 -67.6 -46.0
 -67.4 -45.8
 -67.3 -45.8
 -67.3 -45.7
 -67.3 -45.6
 -67.1 -45.5
 -67.0 -45.3
 -66.8 -45.2
 -66.5 -45.2
 -66.6 -45.1
 -66.5 -45.1
 -66.2 -45.0
 -66.0 -45.0
 -65.9 -45.0
 -65.7 -45.0
 -65.6 -45.0
 -65.6 -44.9
 -65.5 -44.9
 -65.7 -44.8
 -65.5 -44.6
 -65.3 -44.5
 -65.3 -44.4
 -65.2 -44.3
 -65.3 -44.2
 -65.2 -44.0
 -65.3 -44.0
 -65.3 -43.7
 -65.1 -43.5
 -65.0 -43.4
 -65.0 -43.3
 -64.8 -43.2
 -64.4 -43.1
 -64.3 -43.0
 -64.3 -42.9
 -64.4 -43.0
 -65.0 -42.8
 -65.0 -42.7
 -64.6 -42.5
 -64.5 -42.5
 -64.3 -42.5
 -64.2 -42.6
 -64.3 -42.8
 -64.1 -42.9
 -63.7 -42.8
 -63.6 -42.8
 -63.6 -42.3
 -63.7 -42.1
 -63.9 -42.1
 -64.2 -42.2
 -64.3 -42.2
 -64.1 -42.3
 -64.0 -42.3
 -64.0 -42.4
 -64.1 -42.4
 -64.6 -42.4
 -64.5 -42.3
 -64.5 -42.2
 -64.7 -42.2
 -64.9 -42.2
 -65.1 -42.0
 -65.0 -41.8
 -65.0 -41.7
 -65.0 -41.5
 -65.1 -41.3
 -65.2 -41.0
 -65.1 -40.8
 -65.0 -40.8
 -64.9 -40.8
 -64.9 -40.7
 -64.8 -40.7
 -64.7 -40.8
 -64.8 -40.8
 -64.9 -40.8
 -64.7 -40.8
 -64.1 -41.0
 -64.0 -41.1
 -63.8 -41.2
 -63.4 -41.2
 -62.9 -41.1
 -62.4 -40.9
 -62.3 -40.9
 -62.2 -40.6
 -62.3 -40.7
 -62.3 -40.6
 -62.2 -40.6
 -62.3 -40.6
 -62.3 -40.5
 -62.4 -40.5
 -62.5 -40.3
 -62.4 -40.2
 -62.3 -40.1
 -62.4 -40.1
 -62.3 -39.8
 -62.1 -39.8
 -62.1 -39.5
 -62.3 -39.3
 -62.2 -39.3
 -62.1 -39.4
 -62.0 -39.4
 -62.1 -39.3
 -62.3 -39.2
 -62.3 -39.0
 -62.3 -38.9
 -62.4 -38.8
 -62.2 -38.8
 -62.0 -38.9
 -61.8 -39.0
 -61.1 -39.0
 -60.4 -38.9
 -59.8 -38.8
 -59.1 -38.7
 -58.5 -38.5
 -58.0 -38.4
 -57.6 -38.2
 -57.5 -38.1
 -57.5 -37.9
 -57.5 -37.8
 -57.1 -37.5
 -56.8 -37.0
 -56.7 -36.9
 -56.7 -36.8
 -56.7 -36.4
 -56.7 -36.3
 -56.8 -36.3
 -56.9 -36.4
 -56.9 -36.3
 -57.1 -36.3
 -57.3 -36.1
 -57.4 -35.9
 -57.4 -35.8
 -57.2 -35.6
 -57.1 -35.5
 -57.1 -35.4
 -57.3 -35.2
 -57.8 -34.9
 -58.3 -34.7
 -58.4 -34.6
 -58.5 -34.4
 -58.6 -34.3
 -58.5 -34.3
 -58.4 -34.3
 -58.4 -34.2
 -58.4 -34.0
 -58.5 -34.0
 -58.5 -33.9
 -58.5 -33.8
 -58.5 -33.5
 -58.5 -33.4
 -58.4 -33.3
 -58.4 -33.1
 -58.2 -33.1
 -58.1 -32.9
 -58.2 -32.7
 -58.2 -32.5
 -58.1 -32.3
 -58.2 -32.2
 -58.1 -32.0
 -58.2 -31.9
 -58.0 -31.8
 -58.0 -31.6
 -58.1 -31.5
 -58.0 -31.4
 -57.9 -31.0
 -57.9 -30.9
 -57.8 -30.9
 -57.8 -30.7
 -57.9 -30.6
 -57.9 -30.5
 -57.8 -30.4
 -57.6 -30.3
 -57.6 -30.2
 -57.5 -30.2
 -57.3 -30.0
 -57.3 -29.8
 -57.1 -29.8
 -57.0 -29.7
 -56.7 -29.3
 -56.6 -29.2
 -56.6 -29.1
 -56.4 -29.1
 -56.4 -29.0
 -56.3 -28.9
 -56.3 -28.8
 -56.0 -28.6
 -56.0 -28.5
 -55.9 -28.5
 -55.9 -28.4
 -55.8 -28.4
 -55.7 -28.4
 -55.7 -28.3
 -55.8 -28.2
 -55.4 -28.1
 -55.4 -28.0
 -55.2 -27.9
 -55.1 -27.9
 -55.0 -27.9
 -55.0 -27.8
 -55.1 -27.8
 -55.0 -27.8
 -54.9 -27.7
 -54.8 -27.5
 -54.8 -27.6
 -54.6 -27.4
 -54.5 -27.5
 -54.4 -27.5
 -54.5 -27.4
 -54.4 -27.5
 -54.3 -27.4
 -54.2 -27.3
 -54.2 -27.2
 -54.1 -27.3
 -53.9 -27.1
 -53.8 -27.2
 -53.7 -26.9
 -53.7 -26.8
 -53.8 -26.8
 -53.7 -26.7
 -53.7 -26.4
 -53.7 -26.3
 -53.7 -26.2
 -53.8 -26.0
 -53.8 -25.9
 -53.9 -25.6
 -54.0 -25.6
 -54.1 -25.6
 -54.1 -25.5
 -54.2 -25.5
 -54.2 -25.6
 -54.3 -25.5
 -54.4 -25.6
 -54.4 -25.7
 -54.6 -25.6
 -54.6 -25.7
 -54.6 -26.0
 -54.7 -26.0
 -54.6 -26.2
 -54.8 -26.7
 -54.9 -26.7
 -55.0 -26.8
 -55.1 -26.9
 -55.2 -27.0
 -55.3 -26.9
 -55.4 -27.0
 -55.5 -27.1
 -55.6 -27.2
 -55.6 -27.3
 -55.8 -27.4
 -55.9 -27.3
 -56.0 -27.3
 -56.1 -27.3
 -56.3 -27.4
 -56.3 -27.5
 -56.4 -27.6
 -56.5 -27.6
 -56.5 -27.5
 -56.6 -27.4
 -56.7 -27.5
 -56.8 -27.5
 -56.9 -27.4
 -57.1 -27.5
 -57.4 -27.4
 -57.7 -27.3
 -58.0 -27.3
 -58.6 -27.3
 -58.7 -27.2
 -58.6 -27.1
 -58.5 -27.0
 -58.5 -27.1
 -58.5 -26.9
 -58.3 -26.9
 -58.3 -26.8
 -58.2 -26.8
 -58.2 -26.6
 -58.2 -26.7
 -58.2 -26.6
 -58.2 -26.5
 -58.2 -26.4
 -58.2 -26.3
 -58.1 -26.2
 -57.9 -26.0
 -57.8 -25.7
 -57.6 -25.6
 -57.6 -25.4
 -57.7 -25.3
 -57.9 -25.1
 -58.0 -25.1
 -58.2 -24.9
 -58.3 -25.0
 -58.5 -24.9
 -58.7 -24.8
 -58.9 -24.7
 -59.1 -24.6
 -59.4 -24.4
 -59.6 -24.3
 -59.6 -24.2
 -60.0 -24.0
 -60.2 -24.0
 -60.3 -24.0
 -60.6 -23.9
 -61.0 -23.8
 -61.1 -23.6
 -61.2 -23.6
 -61.6 -23.3
 -62.0 -23.0
 -62.0 -22.9
 -62.3 -22.6
 -62.2 -22.6
 -62.3 -22.5
 -62.6 -22.3
 -62.6 -22.2
 -62.8 -22.1
 -62.8 -22.0
 -63.9 -22.0
 -64.1 -22.3
 -64.1 -22.4
 -64.3 -22.6
 -64.3 -22.9
 -64.3 -22.8
 -64.5 -22.6
 -64.4 -22.5
 -64.6 -22.4
 -64.5 -22.3
 -64.6 -22.2
 -64.7 -22.2
 -65.0 -22.1
 -65.6 -22.1
 -65.8 -22.1
 -65.9 -21.9
 -66.0 -21.9
 -66.1 -21.8
 -66.2 -21.8
 -66.3 -22.0
 -66.3 -22.1
 -66.7 -22.2
 -66.8 -22.4
 -67.0 -22.5
 -67.0 -22.6
 -67.1 -22.7
 -67.2 -22.8
 

