-69.6 -11.0
 -69.2 -11.6
 -68.8 -12.3
 -68.7 -12.5
 -68.8 -12.6
 -68.7 -12.7
 -68.8 -12.7
 -68.9 -12.8
 -69.0 -12.9
 -69.0 -13.5
 -69.0 -13.6
 -69.1 -13.6
 -69.1 -13.7
 -69.0 -13.9
 -69.0 -14.0
 -68.9 -14.1
 -68.9 -14.2
 -69.0 -14.2
 -69.0 -14.3
 -69.0 -14.4
 -69.2 -14.6
 -69.2 -14.7
 -69.4 -14.8
 -69.4 -15.0
 -69.3 -15.1
 -69.1 -15.2
 -69.1 -15.3
 -69.3 -15.4
 -69.4 -15.5
 -69.3 -15.6
 -69.3 -15.7
 -69.2 -15.7
 -69.0 -15.8
 -69.0 -15.9
 -68.8 -15.9
 -68.8 -16.0
 -68.9 -16.1
 -68.8 -16.2
 -68.6 -16.2
 -68.6 -16.3
 -68.7 -16.3
 -68.7 -16.4
 -68.9 -16.4
 -68.9 -16.5
 -68.9 -16.6
 -69.0 -16.5
 -69.0 -16.6
 -69.1 -16.7
 -69.2 -16.7
 -69.3 -17.0
 -69.4 -17.0
 -69.4 -17.1
 -69.6 -17.2
 -69.7 -17.3
 -69.6 -17.3
 -69.5 -17.4
 -69.5 -17.5
 -69.5 -17.6
 -69.3 -17.8
 -69.3 -18.0
 -69.1 -18.0
 -69.1 -18.1
 -69.0 -18.5
 -69.0 -18.7
 -68.9 -18.9
 -69.0 -19.0
 -68.7 -19.2
 -68.5 -19.4
 -68.4 -19.4
 -68.5 -19.4
 -68.7 -19.7
 -68.5 -19.8
 -68.6 -20.1
 -68.7 -20.1
 -68.8 -20.1
 -68.7 -20.1
 -68.7 -20.2
 -68.7 -20.3
 -68.8 -20.4
 -68.7 -20.4
 -68.7 -20.5
 -68.5 -20.6
 -68.6 -20.7
 -68.6 -20.9
 -68.5 -20.9
 -68.4 -20.9
 -68.2 -21.3
 -68.2 -21.6
 -68.1 -21.7
 -68.1 -22.0
 -68.0 -22.1
 -67.9 -22.2
 -67.9 -22.3
 -67.9 -22.4
 -67.9 -22.8
 -67.8 -22.9
 -67.6 -22.9
 -67.2 -22.8
 -67.1 -22.7
 -67.0 -22.6
 -67.0 -22.5
 -66.8 -22.4
 -66.7 -22.2
 -66.3 -22.1
 -66.3 -22.0
 -66.2 -21.8
 -66.1 -21.8
 -66.0 -21.9
 -65.9 -21.9
 -65.8 -22.1
 -65.6 -22.1
 -65.0 -22.1
 -64.7 -22.2
 -64.6 -22.2
 -64.5 -22.3
 -64.6 -22.4
 -64.4 -22.5
 -64.5 -22.6
 -64.3 -22.8
 -64.3 -22.9
 -64.3 -22.6
 -64.1 -22.4
 -64.1 -22.3
 -63.9 -22.0
 -62.8 -22.0
 -62.8 -22.1
 -62.6 -22.2
 -62.3 -21.1
 -62.3 -20.6
 -61.9 -20.1
 -61.7 -19.6
 -60.6 -19.5
 -60.0 -19.3
 -59.1 -19.3
 -58.2 -19.8
 -58.2 -20.2
 -57.8 -20.0
 -58.1 -19.7
 -57.8 -19.1
 -57.7 -19.0
 -57.7 -18.9
 -57.8 -18.9
 -57.6 -18.2
 -57.5 -18.2
 -57.6 -18.1
 -57.8 -17.6
 -57.7 -17.6
 -57.8 -17.6
 -57.9 -17.5
 -57.9 -17.4
 -58.2 -17.4
 -58.4 -17.2
 -58.5 -16.9
 -58.5 -16.6
 -58.3 -16.5
 -58.4 -16.4
 -58.3 -16.3
 -58.4 -16.3
 -58.8 -16.3
 -59.5 -16.3
 -60.2 -16.3
 -60.2 -15.5
 -60.6 -15.1
 -60.4 -15.1
 -60.4 -14.8
 -60.4 -14.6
 -60.3 -14.5
 -60.4 -14.3
 -60.5 -14.2
 -60.4 -14.0
 -60.5 -13.8
 -60.8 -13.7
 -61.0 -13.5
 -61.1 -13.5
 -61.2 -13.5
 -61.3 -13.5
 -61.4 -13.5
 -61.5 -13.5
 -61.6 -13.5
 -61.7 -13.5
 -61.8 -13.5
 -61.9 -13.5
 -62.0 -13.3
 -62.1 -13.1
 -62.4 -13.1
 -62.5 -13.1
 -62.6 -13.1
 -62.7 -13.0
 -62.8 -13.0
 -63.0 -12.8
 -63.1 -12.7
 -63.1 -12.6
 -63.2 -12.7
 -63.7 -12.5
 -63.8 -12.5
 -63.9 -12.5
 -64.0 -12.5
 -64.4 -12.5
 -64.5 -12.4
 -64.5 -12.3
 -64.5 -12.2
 -64.7 -12.2
 -64.7 -12.1
 -64.7 -12.2
 -64.8 -12.0
 -65.0 -12.0
 -65.0 -11.9
 -65.1 -11.7
 -65.2 -11.8
 -65.2 -11.7
 -65.2 -11.5
 -65.3 -11.5
 -65.4 -11.4
 -65.3 -11.3
 -65.4 -11.3
 -65.4 -11.2
 -65.3 -11.0
 -65.3 -10.9
 -65.4 -10.8
 -65.4 -10.5
 -65.4 -10.4
 -65.3 -10.3
 -65.3 -10.2
 -65.3 -10.0
 -65.3 -9.8
 -65.4 -9.7
 -65.6 -9.8
 -65.7 -9.8
 -65.8 -9.8
 -65.8 -9.7
 -65.8 -9.8
 -66.0 -9.8
 -66.1 -9.8
 -66.6 -9.9
 -66.8 -10.0
 -67.2 -10.3
 -67.3 -10.3
 -67.7 -10.6
 -67.7 -10.7
 -67.8 -10.7
 -68.0 -10.7
 -68.1 -10.7
 -68.3 -11.0
 -68.6 -11.1
 -68.8 -11.1
 -68.8 -11.0
 -68.9 -11.0
 -69.1 -11.0
 -69.6 -11.0
 

-69.6 -11.0
 -69.2 -11.6
 -68.8 -12.3
 -68.7 -12.5
 -68.8 -12.6
 -68.7 -12.7
 -68.8 -12.7
 -68.9 -12.8
 -69.0 -12.9
 -69.0 -13.5
 -69.0 -13.6
 -69.1 -13.6
 -69.1 -13.7
 -69.0 -13.9
 -69.0 -14.0
 -68.9 -14.1
 -68.9 -14.2
 -69.0 -14.2
 -69.0 -14.3
 -69.0 -14.4
 -69.2 -14.6
 -69.2 -14.7
 -69.4 -14.8
 -69.4 -15.0
 -69.3 -15.1
 -69.1 -15.2
 -69.1 -15.3
 -69.3 -15.4
 -69.4 -15.5
 -69.3 -15.6
 -69.3 -15.7
 -69.2 -15.7
 -69.0 -15.8
 -69.0 -15.9
 -68.8 -15.9
 -68.8 -16.0
 -68.9 -16.1
 -68.8 -16.2
 -68.6 -16.2
 -68.6 -16.3
 -68.7 -16.3
 -68.7 -16.4
 -68.9 -16.4
 -68.9 -16.5
 -68.9 -16.6
 -69.0 -16.5
 -69.0 -16.6
 -69.1 -16.7
 -69.2 -16.7
 -69.3 -17.0
 -69.4 -17.0
 -69.4 -17.1
 -69.6 -17.2
 -69.7 -17.3
 -69.6 -17.3
 -69.5 -17.4
 -69.5 -17.5
 -69.5 -17.6
 -69.3 -17.8
 -69.3 -18.0
 -69.1 -18.0
 -69.1 -18.1
 -69.0 -18.5
 -69.0 -18.7
 -68.9 -18.9
 -69.0 -19.0
 -68.7 -19.2
 -68.5 -19.4
 -68.4 -19.4
 -68.5 -19.4
 -68.7 -19.7
 -68.5 -19.8
 -68.6 -20.1
 -68.7 -20.1
 -68.8 -20.1
 -68.7 -20.1
 -68.7 -20.2
 -68.7 -20.3
 -68.8 -20.4
 -68.7 -20.4
 -68.7 -20.5
 -68.5 -20.6
 -68.6 -20.7
 -68.6 -20.9
 -68.5 -20.9
 -68.4 -20.9
 -68.2 -21.3
 -68.2 -21.6
 -68.1 -21.7
 -68.1 -22.0
 -68.0 -22.1
 -67.9 -22.2
 -67.9 -22.3
 -67.9 -22.4
 -67.9 -22.8
 -67.8 -22.9
 -67.6 -22.9
 -67.2 -22.8
 -67.1 -22.7
 -67.0 -22.6
 -67.0 -22.5
 -66.8 -22.4
 -66.7 -22.2
 -66.3 -22.1
 -66.3 -22.0
 -66.2 -21.8
 -66.1 -21.8
 -66.0 -21.9
 -65.9 -21.9
 -65.8 -22.1
 -65.6 -22.1
 -65.0 -22.1
 -64.7 -22.2
 -64.6 -22.2
 -64.5 -22.3
 -64.6 -22.4
 -64.4 -22.5
 -64.5 -22.6
 -64.3 -22.8
 -64.3 -22.9
 -64.3 -22.6
 -64.1 -22.4
 -64.1 -22.3
 -63.9 -22.0
 -62.8 -22.0
 -62.8 -22.1
 -62.6 -22.2
 -62.3 -21.1
 -62.3 -20.6
 -61.9 -20.1
 -61.7 -19.6
 -60.6 -19.5
 -60.0 -19.3
 -59.1 -19.3
 -58.2 -19.8
 -58.2 -20.2
 -57.8 -20.0
 -58.1 -19.7
 -57.8 -19.1
 -57.7 -19.0
 -57.7 -18.9
 -57.8 -18.9
 -57.6 -18.2
 -57.5 -18.2
 -57.6 -18.1
 -57.8 -17.6
 -57.7 -17.6
 -57.8 -17.6
 -57.9 -17.5
 -57.9 -17.4
 -58.2 -17.4
 -58.4 -17.2
 -58.5 -16.9
 -58.5 -16.6
 -58.3 -16.5
 -58.4 -16.4
 -58.3 -16.3
 -58.4 -16.3
 -58.8 -16.3
 -59.5 -16.3
 -60.2 -16.3
 -60.2 -15.5
 -60.6 -15.1
 -60.4 -15.1
 -60.4 -14.8
 -60.4 -14.6
 -60.3 -14.5
 -60.4 -14.3
 -60.5 -14.2
 -60.4 -14.0
 -60.5 -13.8
 -60.8 -13.7
 -61.0 -13.5
 -61.1 -13.5
 -61.2 -13.5
 -61.3 -13.5
 -61.4 -13.5
 -61.5 -13.5
 -61.6 -13.5
 -61.7 -13.5
 -61.8 -13.5
 -61.9 -13.5
 -62.0 -13.3
 -62.1 -13.1
 -62.4 -13.1
 -62.5 -13.1
 -62.6 -13.1
 -62.7 -13.0
 -62.8 -13.0
 -63.0 -12.8
 -63.1 -12.7
 -63.1 -12.6
 -63.2 -12.7
 -63.7 -12.5
 -63.8 -12.5
 -63.9 -12.5
 -64.0 -12.5
 -64.4 -12.5
 -64.5 -12.4
 -64.5 -12.3
 -64.5 -12.2
 -64.7 -12.2
 -64.7 -12.1
 -64.7 -12.2
 -64.8 -12.0
 -65.0 -12.0
 -65.0 -11.9
 -65.1 -11.7
 -65.2 -11.8
 -65.2 -11.7
 -65.2 -11.5
 -65.3 -11.5
 -65.4 -11.4
 -65.3 -11.3
 -65.4 -11.3
 -65.4 -11.2
 -65.3 -11.0
 -65.3 -10.9
 -65.4 -10.8
 -65.4 -10.5
 -65.4 -10.4
 -65.3 -10.3
 -65.3 -10.2
 -65.3 -10.0
 -65.3 -9.8
 -65.4 -9.7
 -65.6 -9.8
 -65.7 -9.8
 -65.8 -9.8
 -65.8 -9.7
 -65.8 -9.8
 -66.0 -9.8
 -66.1 -9.8
 -66.6 -9.9
 -66.8 -10.0
 -67.2 -10.3
 -67.3 -10.3
 -67.7 -10.6
 -67.7 -10.7
 -67.8 -10.7
 -68.0 -10.7
 -68.1 -10.7
 -68.3 -11.0
 -68.6 -11.1
 -68.8 -11.1
 -68.8 -11.0
 -68.9 -11.0
 -69.1 -11.0
 -69.6 -11.0
 

