-69.9 -4.2
 -70.0 -4.3
 -70.1 -4.3
 -70.2 -4.3
 -70.3 -4.1
 -70.4 -4.1
 -70.5 -4.2
 -70.5 -4.1
 -70.6 -4.2
 -70.6 -4.1
 -70.7 -4.1
 -70.7 -4.2
 -70.8 -4.1
 -70.8 -4.2
 -70.9 -4.3
 -71.0 -4.4
 -71.0 -4.3
 -71.1 -4.4
 -71.2 -4.4
 -71.3 -4.4
 -71.4 -4.4
 -71.7 -4.5
 -71.8 -4.5
 -72.2 -4.8
 -72.3 -4.8
 -72.4 -4.9
 -72.5 -5.0
 -72.6 -5.1
 -72.7 -5.1
 -72.9 -5.2
 -72.9 -5.3
 -73.0 -5.6
 -73.2 -6.0
 -73.2 -6.2
 -73.1 -6.4
 -73.2 -6.6
 -73.4 -6.6
 -73.8 -6.9
 -73.8 -7.1
 -73.7 -7.3
 -73.9 -7.4
 -74.0 -7.3
 -73.9 -7.5
 -74.0 -7.5
 -73.8 -7.7
 -73.7 -7.8
 -73.7 -7.9
 -73.8 -7.9
 -73.8 -8.0
 -73.7 -8.0
 -73.5 -8.4
 -73.4 -8.5
 -73.3 -8.7
 -73.2 -8.7
 -73.0 -9.0
 -72.9 -9.1
 -73.0 -9.2
 -73.2 -9.4
 -72.6 -9.5
 -72.4 -9.5
 -72.3 -9.5
 -72.3 -9.7
 -72.2 -9.8
 -72.2 -9.9
 -72.2 -10.0
 -71.5 -10.0
 -71.3 -10.0
 -70.9 -9.7
 -70.7 -9.5
 -70.6 -9.4
 -70.5 -9.5
 -70.6 -9.6
 -70.5 -9.7
 -70.6 -9.8
 -70.6 -10.5
 -70.6 -11.0
 -70.5 -10.9
 -70.4 -11.1
 -70.3 -11.1
 -70.0 -11.0
 -69.9 -10.9
 -69.6 -11.0
 -69.1 -11.0
 -68.9 -11.0
 -68.8 -11.0
 -68.8 -11.1
 -68.6 -11.1
 -68.3 -11.0
 -68.1 -10.7
 -68.0 -10.7
 -67.8 -10.7
 -67.7 -10.7
 -67.7 -10.6
 -67.3 -10.3
 -67.2 -10.3
 -66.8 -10.0
 -66.6 -9.9
 -66.1 -9.8
 -66.0 -9.8
 -65.8 -9.8
 -65.8 -9.7
 -65.8 -9.8
 -65.7 -9.8
 -65.6 -9.8
 -65.4 -9.7
 -65.3 -9.8
 -65.3 -10.0
 -65.3 -10.2
 -65.3 -10.3
 -65.4 -10.4
 -65.4 -10.5
 -65.4 -10.8
 -65.3 -10.9
 -65.3 -11.0
 -65.4 -11.2
 -65.4 -11.3
 -65.3 -11.3
 -65.4 -11.4
 -65.3 -11.5
 -65.2 -11.5
 -65.2 -11.7
 -65.2 -11.8
 -65.1 -11.7
 -65.0 -11.9
 -65.0 -12.0
 -64.8 -12.0
 -64.7 -12.2
 -64.7 -12.1
 -64.7 -12.2
 -64.5 -12.2
 -64.5 -12.3
 -64.5 -12.4
 -64.4 -12.5
 -64.0 -12.5
 -63.9 -12.5
 -63.8 -12.5
 -63.7 -12.5
 -63.2 -12.7
 -63.1 -12.6
 -63.1 -12.7
 -63.0 -12.8
 -62.8 -13.0
 -62.7 -13.0
 -62.6 -13.1
 -62.5 -13.1
 -62.4 -13.1
 -62.1 -13.1
 -62.0 -13.3
 -61.9 -13.5
 -61.8 -13.5
 -61.7 -13.5
 -61.6 -13.5
 -61.5 -13.5
 -61.4 -13.5
 -61.3 -13.5
 -61.2 -13.5
 -61.1 -13.5
 -61.0 -13.5
 -60.8 -13.7
 -60.5 -13.8
 -60.4 -14.0
 -60.5 -14.2
 -60.4 -14.3
 -60.3 -14.5
 -60.4 -14.6
 -60.4 -14.8
 -60.4 -15.1
 -60.6 -15.1
 -60.2 -15.5
 -60.2 -16.3
 -59.5 -16.3
 -58.8 -16.3
 -58.4 -16.3
 -58.3 -16.3
 -58.4 -16.4
 -58.3 -16.5
 -58.5 -16.6
 -58.5 -16.9
 -58.4 -17.2
 -58.2 -17.4
 -57.9 -17.4
 -57.9 -17.5
 -57.8 -17.6
 -57.7 -17.6
 -57.8 -17.6
 -57.6 -18.1
 -57.5 -18.2
 -57.6 -18.2
 -57.8 -18.9
 -57.7 -18.9
 -57.7 -19.0
 -57.8 -19.1
 -58.1 -19.7
 -57.8 -20.0
 -58.2 -20.2
 -58.1 -20.2
 -58.2 -20.2
 -58.1 -20.3
 -58.1 -20.4
 -58.0 -20.4
 -58.0 -20.6
 -58.0 -20.7
 -57.9 -20.7
 -57.9 -20.8
 -57.9 -20.9
 -57.8 -21.0
 -57.8 -21.2
 -57.9 -21.3
 -58.0 -21.5
 -57.9 -21.7
 -58.0 -21.8
 -57.9 -21.9
 -58.0 -22.1
 -57.9 -22.1
 -57.6 -22.1
 -57.6 -22.2
 -57.5 -22.2
 -57.3 -22.2
 -57.2 -22.2
 -57.0 -22.2
 -56.9 -22.2
 -56.9 -22.3
 -56.8 -22.3
 -56.7 -22.2
 -56.6 -22.3
 -56.5 -22.1
 -56.4 -22.1
 -56.2 -22.3
 -55.9 -22.3
 -55.7 -22.4
 -55.7 -22.5
 -55.6 -22.7
 -55.6 -23.0
 -55.5 -23.2
 -55.6 -23.3
 -55.5 -23.4
 -55.5 -23.6
 -55.4 -23.7
 -55.4 -23.9
 -55.4 -24.0
 -55.2 -24.0
 -54.9 -24.0
 -54.6 -23.8
 -54.4 -23.9
 -54.2 -24.1
 -54.3 -24.1
 -54.3 -24.2
 -54.3 -24.3
 -54.3 -24.4
 -54.3 -24.5
 -54.3 -24.6
 -54.4 -24.8
 -54.5 -25.0
 -54.4 -25.1
 -54.6 -25.4
 -54.6 -25.6
 -54.4 -25.7
 -54.4 -25.6
 -54.3 -25.5
 -54.2 -25.6
 -54.2 -25.5
 -54.1 -25.5
 -54.1 -25.6
 -54.0 -25.6
 -53.9 -25.6
 -53.8 -25.9
 -53.8 -26.0
 -53.7 -26.2
 -53.7 -26.3
 -53.7 -26.4
 -53.7 -26.7
 -53.8 -26.8
 -53.7 -26.8
 -53.7 -26.9
 -53.8 -27.2
 -53.9 -27.1
 -54.1 -27.3
 -54.2 -27.2
 -54.2 -27.3
 -54.3 -27.4
 -54.4 -27.5
 -54.5 -27.4
 -54.4 -27.5
 -54.5 -27.5
 -54.6 -27.4
 -54.8 -27.6
 -54.8 -27.5
 -54.9 -27.7
 -55.0 -27.8
 -55.1 -27.8
 -55.0 -27.8
 -55.0 -27.9
 -55.1 -27.9
 -55.2 -27.9
 -55.4 -28.0
 -55.4 -28.1
 -55.8 -28.2
 -55.7 -28.3
 -55.7 -28.4
 -55.8 -28.4
 -55.9 -28.4
 -55.9 -28.5
 -56.0 -28.5
 -56.0 -28.6
 -56.3 -28.8
 -56.3 -28.9
 -56.4 -29.0
 -56.4 -29.1
 -56.6 -29.1
 -56.6 -29.2
 -56.7 -29.3
 -57.0 -29.7
 -57.1 -29.8
 -57.3 -29.8
 -57.3 -30.0
 -57.5 -30.2
 -57.6 -30.2
 -57.6 -30.3
 -57.5 -30.3
 -57.2 -30.3
 -57.2 -30.2
 -57.1 -30.2
 -57.1 -30.1
 -57.0 -30.1
 -56.8 -30.1
 -56.6 -30.3
 -56.3 -30.5
 -56.2 -30.6
 -56.0 -30.8
 -56.0 -30.9
 -56.0 -31.1
 -55.8 -31.1
 -55.7 -30.9
 -55.6 -30.9
 -55.6 -30.8
 -55.4 -31.0
 -55.2 -31.2
 -55.1 -31.3
 -55.0 -31.3
 -54.9 -31.4
 -54.6 -31.5
 -54.5 -31.6
 -54.5 -31.7
 -54.1 -31.9
 -53.9 -31.9
 -53.9 -32.0
 -53.7 -32.1
 -53.6 -32.4
 -53.4 -32.6
 -53.3 -32.6
 -53.2 -32.7
 -53.1 -32.7
 -53.5 -33.1
 -53.5 -33.2
 -53.5 -33.4
 -53.5 -33.6
 -53.5 -33.7
 -53.4 -33.7
 -52.9 -33.4
 -52.7 -33.2
 -52.5 -32.8
 -52.3 -32.4
 -52.2 -32.2
 -52.1 -32.2
 -52.1 -32.1
 -52.2 -32.1
 -52.1 -32.0
 -52.2 -32.1
 -52.3 -32.1
 -52.2 -32.0
 -52.1 -31.9
 -52.2 -31.9
 -52.2 -31.8
 -52.2 -31.7
 -52.1 -31.7
 -52.0 -31.6
 -52.1 -31.6
 -52.0 -31.6
 -52.0 -31.4
 -51.9 -31.3
 -51.6 -31.3
 -51.6 -31.2
 -51.5 -31.1
 -51.4 -31.1
 -51.5 -31.0
 -51.5 -30.9
 -51.4 -30.9
 -51.4 -30.7
 -51.4 -30.6
 -51.3 -30.6
 -51.3 -30.8
 -51.3 -30.6
 -51.2 -30.5
 -51.2 -30.4
 -51.1 -30.4
 -51.1 -30.3
 -51.2 -30.4
 -51.3 -30.2
 -51.3 -30.0
 -51.2 -30.1
 -51.2 -30.2
 -51.0 -30.3
 -51.0 -30.4
 -50.9 -30.4
 -50.9 -30.3
 -50.8 -30.3
 -50.7 -30.3
 -50.7 -30.2
 -50.6 -30.2
 -50.6 -30.3
 -50.5 -30.3
 -50.6 -30.5
 -50.7 -30.4
 -50.7 -30.6
 -50.7 -30.7
 -50.7 -30.8
 -50.9 -30.9
 -51.0 -30.9
 -51.0 -31.0
 -50.9 -31.1
 -51.0 -31.1
 -51.1 -31.1
 -51.2 -31.1
 -51.2 -31.4
 -51.3 -31.5
 -51.4 -31.5
 -51.5 -31.6
 -51.6 -31.8
 -51.7 -31.8
 -51.8 -31.8
 -51.9 -31.9
 -52.0 -31.8
 -52.1 -31.8
 -52.1 -31.9
 -52.0 -31.9
 -52.1 -32.1
 -52.1 -32.2
 -51.9 -32.0
 -51.4 -31.7
 -51.0 -31.4
 -50.7 -31.0
 -50.4 -30.6
 -50.2 -30.2
 -50.0 -29.7
 -49.8 -29.4
 -49.4 -29.0
 -49.1 -28.8
 -48.8 -28.5
 -48.9 -28.5
 -48.9 -28.3
 -48.8 -28.3
 -48.8 -28.4
 -48.8 -28.5
 -48.7 -28.4
 -48.6 -28.0
 -48.6 -27.8
 -48.6 -27.7
 -48.6 -27.6
 -48.6 -27.5
 -48.6 -27.4
 -48.6 -27.3
 -48.6 -27.2
 -48.5 -27.2
 -48.5 -27.1
 -48.6 -27.2
 -48.6 -27.1
 -48.6 -27.0
 -48.6 -26.9
 -48.6 -26.8
 -48.7 -26.7
 -48.6 -26.5
 -48.6 -26.4
 -48.8 -26.3
 -48.8 -26.2
 -48.7 -26.2
 -48.6 -26.2
 -48.6 -25.9
 -48.8 -25.9
 -48.7 -25.9
 -48.6 -25.9
 -48.4 -25.6
 -48.5 -25.5
 -48.6 -25.5
 -48.7 -25.5
 -48.7 -25.4
 -48.6 -25.5
 -48.4 -25.4
 -48.5 -25.3
 -48.4 -25.3
 -48.4 -25.2
 -48.4 -25.3
 -48.3 -25.2
 -48.3 -25.4
 -48.3 -25.3
 -48.2 -25.3
 -48.2 -25.4
 -48.2 -25.5
 -48.2 -25.4
 -48.0 -25.2
 -47.9 -25.1
 -48.0 -25.1
 -48.0 -25.0
 -48.0 -25.1
 -47.9 -25.0
 -47.8 -24.9
 -47.5 -24.7
 -47.2 -24.6
 -47.0 -24.4
 -47.0 -24.3
 -46.8 -24.2
 -46.4 -24.0
 -46.4 -23.9
 -46.3 -23.9
 -46.3 -24.0
 -46.1 -23.9
 -46.1 -23.8
 -45.8 -23.8
 -45.6 -23.8
 -45.5 -23.8
 -45.4 -23.8
 -45.4 -23.7
 -45.4 -23.6
 -45.3 -23.6
 -45.2 -23.6
 -45.2 -23.5
 -45.0 -23.5
 -45.0 -23.4
 -44.9 -23.3
 -44.8 -23.4
 -44.7 -23.4
 -44.5 -23.3
 -44.6 -23.3
 -44.6 -23.2
 -44.7 -23.2
 -44.7 -23.1
 -44.7 -23.0
 -44.4 -23.0
 -44.4 -22.9
 -44.4 -23.0
 -44.3 -22.9
 -44.3 -23.0
 -44.4 -23.0
 -44.3 -23.0
 -44.2 -23.0
 -44.2 -23.1
 -44.1 -23.0
 -44.1 -22.9
 -44.0 -23.0
 -43.9 -22.9
 -43.6 -23.0
 -43.8 -23.1
 -44.0 -23.0
 -44.0 -23.1
 -43.6 -23.0
 -43.2 -23.0
 -43.1 -23.0
 -43.2 -22.9
 -43.3 -22.8
 -43.3 -22.7
 -43.1 -22.7
 -43.0 -22.7
 -43.1 -22.9
 -43.0 -23.0
 -42.4 -22.9
 -42.0 -22.9
 -41.9 -22.8
 -42.0 -22.7
 -42.0 -22.6
 -41.7 -22.3
 -41.3 -22.1
 -41.0 -22.0
 -41.0 -21.6
 -41.1 -21.5
 -41.0 -21.3
 -40.9 -21.2
 -40.8 -21.1
 -40.8 -20.9
 -40.7 -20.8
 -40.6 -20.8
 -40.3 -20.5
 -40.3 -20.3
 -40.4 -20.3
 -40.4 -20.2
 -40.3 -20.2
 -40.2 -20.3
 -40.2 -20.1
 -40.2 -20.0
 -40.1 -19.9
 -40.0 -19.7
 -39.8 -19.6
 -39.7 -19.4
 -39.7 -19.1
 -39.7 -18.7
 -39.6 -18.2
 -39.4 -17.9
 -39.2 -17.8
 -39.1 -17.7
 -39.2 -17.5
 -39.2 -17.1
 -39.1 -16.6
 -38.9 -16.1
 -38.9 -16.0
 -38.9 -15.8
 -38.9 -15.6
 -39.0 -15.0
 -39.0 -14.6
 -38.9 -14.0
 -38.9 -13.9
 -39.0 -13.9
 -39.0 -14.1
 -39.1 -14.1
 -39.0 -14.1
 -39.0 -14.0
 -39.1 -13.9
 -39.0 -13.9
 -39.1 -13.8
 -39.1 -13.7
 -39.1 -13.8
 -39.0 -13.8
 -39.0 -13.5
 -39.1 -13.6
 -39.0 -13.3
 -39.0 -13.4
 -38.9 -13.3
 -38.8 -13.2
 -38.9 -13.1
 -38.8 -13.0
 -38.7 -12.9
 -38.8 -12.9
 -38.9 -12.7
 -38.9 -12.8
 -38.8 -12.8
 -38.7 -12.7
 -38.7 -12.6
 -38.5 -12.7
 -38.5 -12.8
 -38.5 -13.0
 -38.3 -12.9
 -38.0 -12.5
 -37.7 -12.1
 -37.5 -11.7
 -37.4 -11.5
 -37.4 -11.4
 -37.5 -11.4
 -37.4 -11.4
 -37.3 -11.2
 -37.4 -11.4
 -37.3 -11.4
 -37.2 -11.2
 -37.2 -11.1
 -37.3 -11.1
 -37.3 -11.0
 -37.2 -11.0
 -37.2 -11.1
 -37.1 -10.9
 -37.0 -10.8
 -37.2 -10.8
 -37.1 -10.7
 -37.0 -10.8
 -37.0 -10.9
 -36.9 -10.7
 -36.5 -10.5
 -36.4 -10.5
 -36.2 -10.2
 -36.0 -10.0
 -35.9 -9.8
 -36.0 -9.6
 -35.9 -9.6
 -35.9 -9.7
 -35.8 -9.7
 -35.8 -9.6
 -35.7 -9.7
 -35.4 -9.3
 -35.3 -9.2
 -35.2 -8.9
 -35.0 -8.4
 -34.9 -8.1
 -34.9 -8.0
 -34.9 -8.1
 -34.8 -7.9
 -34.8 -7.8
 -34.9 -7.8
 -34.8 -7.7
 -34.8 -7.6
 -34.8 -7.3
 -34.8 -7.0
 -34.9 -6.9
 -35.0 -6.2
 -35.1 -6.2
 -35.1 -6.0
 -35.2 -5.9
 -35.3 -5.5
 -35.5 -5.2
 -35.6 -5.1
 -36.0 -5.1
 -36.2 -5.1
 -36.5 -5.1
 -36.8 -5.0
 -36.9 -4.9
 -37.2 -4.9
 -37.3 -4.7
 -37.5 -4.6
 -37.7 -4.5
 -37.8 -4.4
 -37.9 -4.4
 -38.2 -4.0
 -38.5 -3.7
 -38.8 -3.6
 -39.0 -3.4
 -39.1 -3.4
 -39.4 -3.2
 -39.5 -3.2
 -39.7 -3.0
 -39.8 -3.0
 -40.0 -2.8
 -40.5 -2.8
 -40.8 -2.9
 -41.1 -2.9
 -41.3 -2.9
 -41.2 -3.0
 -41.3 -2.9
 -41.4 -2.9
 -41.6 -2.9
 -41.9 -2.7
 -42.0 -2.7
 -41.9 -2.8
 -42.2 -2.8
 -42.3 -2.8
 -42.4 -2.8
 -42.5 -2.7
 -42.9 -2.5
 -43.3 -2.4
 -43.5 -2.4
 -43.4 -2.5
 -43.5 -2.5
 -43.5 -2.6
 -43.5 -2.5
 -43.6 -2.5
 -43.7 -2.5
 -43.7 -2.6
 -43.7 -2.5
 -43.9 -2.6
 -44.0 -2.6
 -44.1 -2.7
 -44.1 -2.8
 -44.2 -2.8
 -44.3 -2.8
 -44.2 -2.7
 -44.1 -2.7
 -44.1 -2.5
 -44.0 -2.4
 -44.1 -2.4
 -44.3 -2.5
 -44.4 -2.5
 -44.4 -2.9
 -44.6 -3.1
 -44.6 -3.2
 -44.8 -3.2
 -44.8 -3.3
 -44.8 -3.2
 -44.6 -3.1
 -44.6 -3.0
 -44.7 -3.0
 -44.7 -2.9
 -44.6 -2.8
 -44.6 -2.7
 -44.5 -2.6
 -44.6 -2.5
 -44.7 -2.6
 -44.5 -2.4
 -44.4 -2.4
 -44.4 -2.3
 -44.4 -2.2
 -44.5 -2.1
 -44.6 -2.3
 -44.7 -2.4
 -44.7 -2.3
 -44.6 -2.2
 -44.6 -2.1
 -44.5 -2.1
 -44.5 -2.0
 -44.5 -1.9
 -44.6 -1.9
 -44.5 -1.8
 -44.7 -1.8
 -44.6 -1.7
 -44.7 -1.7
 -44.7 -1.8
 -44.8 -1.8
 -44.7 -1.7
 -44.8 -1.7
 -44.8 -1.6
 -44.9 -1.6
 -44.9 -1.7
 -44.9 -1.6
 -44.8 -1.5
 -44.9 -1.4
 -45.0 -1.6
 -45.1 -1.4
 -45.1 -1.5
 -45.2 -1.5
 -45.2 -1.6
 -45.3 -1.6
 -45.2 -1.7
 -45.3 -1.7
 -45.4 -1.7
 -45.3 -1.6
 -45.4 -1.5
 -45.3 -1.4
 -45.3 -1.3
 -45.4 -1.5
 -45.5 -1.5
 -45.4 -1.3
 -45.5 -1.3
 -45.5 -1.4
 -45.5 -1.3
 -45.6 -1.3
 -45.6 -1.4
 -45.7 -1.4
 -45.7 -1.3
 -45.7 -1.1
 -45.8 -1.3
 -45.8 -1.2
 -45.9 -1.3
 -45.9 -1.2
 -46.0 -1.2
 -46.0 -1.1
 -46.1 -1.2
 -46.1 -1.1
 -46.2 -1.1
 -46.3 -1.2
 -46.2 -0.9
 -46.2 -1.0
 -46.3 -1.0
 -46.3 -1.1
 -46.3 -1.0
 -46.4 -1.1
 -46.4 -1.0
 -46.5 -1.0
 -46.6 -1.0
 -46.7 -1.0
 -46.7 -0.9
 -46.6 -0.9
 -46.6 -0.8
 -46.7 -0.8
 -46.7 -0.9
 -46.8 -0.8
 -46.8 -0.9
 -46.8 -0.8
 -46.8 -0.7
 -46.9 -0.8
 -47.0 -0.7
 -47.1 -0.8
 -47.1 -0.7
 -47.1 -0.8
 -47.2 -0.8
 -47.2 -0.7
 -47.2 -0.6
 -47.3 -0.6
 -47.4 -0.7
 -47.4 -0.6
 -47.5 -0.6
 -47.4 -0.7
 -47.4 -0.8
 -47.5 -0.8
 -47.5 -0.6
 -47.6 -0.6
 -47.7 -0.7
 -47.7 -0.8
 -47.7 -0.7
 -47.7 -0.6
 -47.8 -0.6
 -48.0 -0.8
 -48.0 -0.7
 -48.1 -0.8
 -48.2 -0.9
 -48.3 -0.9
 -48.3 -1.0
 -48.3 -1.1
 -48.3 -1.3
 -48.4 -1.3
 -48.5 -1.3
 -48.5 -1.5
 -48.3 -1.4
 -48.2 -1.5
 -48.4 -1.5
 -48.5 -1.5
 -48.4 -1.6
 -48.5 -1.6
 -48.6 -1.5
 -48.7 -1.5
 -49.0 -1.8
 -49.2 -1.9
 -49.3 -2.1
 -49.5 -2.5
 -49.5 -2.3
 -49.4 -2.1
 -49.4 -2.0
 -49.3 -1.8
 -49.3 -1.7
 -49.5 -1.8
 -49.6 -1.9
 -49.8 -1.9
 -49.8 -2.1
 -49.9 -2.1
 -49.9 -2.0
 -49.9 -1.9
 -50.0 -1.8
 -50.2 -1.9
 -50.3 -1.9
 -50.4 -1.9
 -50.5 -1.9
 -50.4 -1.9
 -50.6 -1.8
 -50.7 -1.8
 -50.7 -1.9
 -50.7 -2.0
 -50.7 -1.9
 -50.8 -2.0
 -50.8 -2.1
 -50.8 -2.0
 -50.9 -2.0
 -51.0 -2.2
 -51.0 -2.4
 -50.8 -2.5
 -51.0 -2.4
 -51.0 -2.2
 -51.0 -2.0
 -51.2 -1.9
 -51.3 -1.8
 -51.4 -2.0
 -51.5 -2.2
 -51.4 -2.3
 -51.5 -2.2
 -51.5 -2.0
 -51.4 -1.8
 -51.5 -1.8
 -51.4 -1.8
 -51.3 -1.6
 -51.3 -1.7
 -51.3 -1.8
 -51.2 -1.7
 -51.2 -1.8
 -51.1 -1.7
 -51.1 -1.8
 -51.0 -1.8
 -50.8 -1.9
 -50.7 -1.8
 -50.7 -1.6
 -50.8 -1.4
 -50.8 -1.3
 -50.8 -1.2
 -50.8 -0.9
 -50.9 -0.9
 -51.0 -0.9
 -51.0 -1.0
 -51.3 -1.2
 -51.4 -1.2
 -51.4 -1.3
 -51.7 -1.4
 -52.0 -1.6
 -52.1 -1.6
 -52.2 -1.7
 -52.2 -1.6
 -52.3 -1.5
 -52.7 -1.6
 -52.2 -1.3
 -52.1 -1.4
 -51.9 -1.3
 -51.9 -1.2
 -51.8 -1.1
 -51.7 -1.0
 -51.7 -0.8
 -51.5 -0.6
 -51.4 -0.4
 -51.3 -0.2
 -51.2 -0.1
 -51.1 -0.1
 -51.0 0.1
 -50.9 0.2
 -50.8 0.2
 -50.6 0.3
 -50.3 0.7
 -50.3 0.8
 -50.3 0.9
 -50.1 0.9
 -49.9 1.2
 -49.9 1.3
 -50.1 1.2
 -49.9 1.3
 -49.9 1.5
 -49.9 1.7
 -50.1 1.8
 -50.4 1.8
 -50.6 2.0
 -50.6 2.1
 -50.7 2.1
 -50.7 2.0
 -50.8 2.1
 -50.8 2.2
 -50.7 2.1
 -50.7 2.2
 -50.7 2.4
 -50.8 2.5
 -50.8 2.6
 -50.9 2.8
 -50.9 2.9
 -51.1 3.3
 -51.1 3.9
 -51.2 3.8
 -51.2 4.0
 -51.3 4.2
 -51.5 4.4
 -51.6 4.4
 -51.6 4.2
 -51.7 4.0
 -51.8 3.8
 -52.1 3.4
 -52.3 3.2
 -52.3 3.1
 -52.4 2.9
 -52.6 2.5
 -52.9 2.2
 -53.1 2.2
 -53.3 2.2
 -53.2 2.3
 -53.3 2.4
 -53.5 2.3
 -53.6 2.3
 -53.7 2.4
 -53.8 2.4
 -53.8 2.3
 -53.9 2.3
 -53.9 2.2
 -54.0 2.2
 -54.1 2.1
 -54.2 2.2
 -54.2 2.1
 -54.5 2.2
 -54.5 2.3
 -54.6 2.3
 -54.7 2.3
 -54.7 2.5
 -54.8 2.5
 -54.8 2.4
 -54.9 2.4
 -55.0 2.6
 -55.1 2.5
 -55.2 2.6
 -55.3 2.5
 -55.4 2.4
 -55.7 2.4
 -55.9 2.5
 -56.0 2.5
 -56.0 2.3
 -56.1 2.3
 -55.9 2.0
 -55.9 1.9
 -56.0 1.8
 -56.5 1.9
 -56.6 1.9
 -56.7 1.9
 -57.0 1.9
 -57.1 2.0
 -57.2 1.9
 -57.3 2.0
 -57.4 2.0
 -57.5 1.7
 -57.6 1.7
 -57.8 1.7
 -58.0 1.7
 -58.0 1.6
 -58.0 1.5
 -58.3 1.6
 -58.3 1.5
 -58.5 1.5
 -58.5 1.3
 -58.7 1.3
 -58.7 1.2
 -58.8 1.2
 -58.9 1.2
 -58.9 1.3
 -59.0 1.3
 -59.2 1.4
 -59.5 1.7
 -59.6 1.7
 -59.7 1.8
 -59.6 1.8
 -59.8 1.9
 -59.7 2.3
 -59.8 2.3
 -60.0 2.6
 -60.0 2.9
 -59.9 3.3
 -59.8 3.5
 -59.9 3.6
 -59.8 3.6
 -59.5 4.0
 -59.6 4.0
 -59.6 4.1
 -59.7 4.2
 -59.7 4.3
 -59.7 4.4
 -59.8 4.4
 -60.1 4.5
 -60.2 4.6
 -60.0 4.7
 -60.0 5.1
 -60.1 5.1
 -60.1 5.2
 -60.2 5.3
 -60.4 5.2
 -60.7 5.2
 -60.6 5.0
 -60.6 4.9
 -60.8 4.7
 -60.9 4.7
 -60.9 4.6
 -61.0 4.5
 -61.3 4.5
 -61.3 4.4
 -61.5 4.4
 -61.5 4.3
 -61.6 4.2
 -61.7 4.2
 -61.9 4.2
 -62.1 4.2
 -62.1 4.1
 -62.2 4.1
 -62.4 4.2
 -62.5 4.1
 -62.5 4.0
 -62.7 4.0
 -62.8 4.0
 -62.8 3.8
 -62.7 3.7
 -62.8 3.6
 -62.9 3.6
 -63.0 3.6
 -63.3 3.9
 -63.4 4.0
 -63.5 3.9
 -63.6 3.9
 -63.8 4.0
 -64.0 3.9
 -64.1 4.1
 -64.2 4.1
 -64.6 4.1
 -64.6 4.2
 -64.7 4.3
 -64.8 4.3
 -64.8 4.2
 -64.7 4.1
 -64.5 3.8
 -64.2 3.6
 -64.2 3.5
 -64.2 3.4
 -64.2 3.1
 -64.0 2.8
 -64.0 2.6
 -64.0 2.5
 -63.5 2.4
 -63.4 2.4
 -63.4 2.3
 -63.4 2.2
 -63.7 2.1
 -63.8 2.0
 -64.0 2.0
 -64.0 1.9
 -64.1 1.7
 -64.3 1.5
 -64.3 1.4
 -64.4 1.4
 -64.3 1.5
 -64.4 1.5
 -64.5 1.4
 -64.7 1.3
 -64.8 1.2
 -64.8 1.3
 -65.0 1.1
 -65.1 1.1
 -65.2 1.0
 -65.2 0.9
 -65.3 0.9
 -65.4 0.8
 -65.4 0.7
 -65.5 0.6
 -65.6 0.7
 -65.5 0.8
 -65.5 0.9
 -65.6 1.0
 -65.7 1.0
 -65.9 0.9
 -66.0 0.8
 -66.1 0.7
 -66.3 0.8
 -66.9 1.2
 -67.1 1.2
 -67.1 1.6
 -67.2 1.8
 -67.3 2.1
 -67.4 2.1
 -67.5 2.1
 -67.8 1.8
 -68.0 1.7
 -68.0 1.8
 -68.1 1.9
 -68.2 2.0
 -68.3 1.8
 -68.2 1.7
 -69.4 1.7
 -69.5 1.8
 -69.7 1.7
 -69.8 1.7
 -69.8 1.1
 -69.7 1.1
 -69.4 1.1
 -69.4 1.0
 -69.3 1.0
 -69.2 1.0
 -69.2 0.9
 -69.1 0.9
 -69.2 0.7
 -69.1 0.7
 -69.1 0.6
 -69.2 0.6
 -69.3 0.7
 -69.5 0.7
 -69.6 0.6
 -69.7 0.7
 -69.9 0.6
 -70.0 0.6
 -70.0 0.5
 -70.1 -0.2
 -69.9 -0.3
 -69.6 -0.5
 -69.6 -0.6
 -69.6 -0.7
 -69.6 -0.8
 -69.5 -1.0
 -69.4 -1.0
 -69.4 -1.2
 -69.4 -1.4
 -69.5 -1.5
 -69.6 -2.2
 -69.7 -2.9
 -69.8 -3.5
 -69.9 -4.2
 

-69.9 -4.2
 -70.0 -4.3
 -70.1 -4.3
 -70.2 -4.3
 -70.3 -4.1
 -70.4 -4.1
 -70.5 -4.2
 -70.5 -4.1
 -70.6 -4.2
 -70.6 -4.1
 -70.7 -4.1
 -70.7 -4.2
 -70.8 -4.1
 -70.8 -4.2
 -70.9 -4.3
 -71.0 -4.4
 -71.0 -4.3
 -71.1 -4.4
 -71.2 -4.4
 -71.3 -4.4
 -71.4 -4.4
 -71.7 -4.5
 -71.8 -4.5
 -72.2 -4.8
 -72.3 -4.8
 -72.4 -4.9
 -72.5 -5.0
 -72.6 -5.1
 -72.7 -5.1
 -72.9 -5.2
 -72.9 -5.3
 -73.0 -5.6
 -73.2 -6.0
 -73.2 -6.2
 -73.1 -6.4
 -73.2 -6.6
 -73.4 -6.6
 -73.8 -6.9
 -73.8 -7.1
 -73.7 -7.3
 -73.9 -7.4
 -74.0 -7.3
 -73.9 -7.5
 -74.0 -7.5
 -73.8 -7.7
 -73.7 -7.8
 -73.7 -7.9
 -73.8 -7.9
 -73.8 -8.0
 -73.7 -8.0
 -73.5 -8.4
 -73.4 -8.5
 -73.3 -8.7
 -73.2 -8.7
 -73.0 -9.0
 -72.9 -9.1
 -73.0 -9.2
 -73.2 -9.4
 -72.6 -9.5
 -72.4 -9.5
 -72.3 -9.5
 -72.3 -9.7
 -72.2 -9.8
 -72.2 -9.9
 -72.2 -10.0
 -71.5 -10.0
 -71.3 -10.0
 -70.9 -9.7
 -70.7 -9.5
 -70.6 -9.4
 -70.5 -9.5
 -70.6 -9.6
 -70.5 -9.7
 -70.6 -9.8
 -70.6 -10.5
 -70.6 -11.0
 -70.5 -10.9
 -70.4 -11.1
 -70.3 -11.1
 -70.0 -11.0
 -69.9 -10.9
 -69.6 -11.0
 -69.1 -11.0
 -68.9 -11.0
 -68.8 -11.0
 -68.8 -11.1
 -68.6 -11.1
 -68.3 -11.0
 -68.1 -10.7
 -68.0 -10.7
 -67.8 -10.7
 -67.7 -10.7
 -67.7 -10.6
 -67.3 -10.3
 -67.2 -10.3
 -66.8 -10.0
 -66.6 -9.9
 -66.1 -9.8
 -66.0 -9.8
 -65.8 -9.8
 -65.8 -9.7
 -65.8 -9.8
 -65.7 -9.8
 -65.6 -9.8
 -65.4 -9.7
 -65.3 -9.8
 -65.3 -10.0
 -65.3 -10.2
 -65.3 -10.3
 -65.4 -10.4
 -65.4 -10.5
 -65.4 -10.8
 -65.3 -10.9
 -65.3 -11.0
 -65.4 -11.2
 -65.4 -11.3
 -65.3 -11.3
 -65.4 -11.4
 -65.3 -11.5
 -65.2 -11.5
 -65.2 -11.7
 -65.2 -11.8
 -65.1 -11.7
 -65.0 -11.9
 -65.0 -12.0
 -64.8 -12.0
 -64.7 -12.2
 -64.7 -12.1
 -64.7 -12.2
 -64.5 -12.2
 -64.5 -12.3
 -64.5 -12.4
 -64.4 -12.5
 -64.0 -12.5
 -63.9 -12.5
 -63.8 -12.5
 -63.7 -12.5
 -63.2 -12.7
 -63.1 -12.6
 -63.1 -12.7
 -63.0 -12.8
 -62.8 -13.0
 -62.7 -13.0
 -62.6 -13.1
 -62.5 -13.1
 -62.4 -13.1
 -62.1 -13.1
 -62.0 -13.3
 -61.9 -13.5
 -61.8 -13.5
 -61.7 -13.5
 -61.6 -13.5
 -61.5 -13.5
 -61.4 -13.5
 -61.3 -13.5
 -61.2 -13.5
 -61.1 -13.5
 -61.0 -13.5
 -60.8 -13.7
 -60.5 -13.8
 -60.4 -14.0
 -60.5 -14.2
 -60.4 -14.3
 -60.3 -14.5
 -60.4 -14.6
 -60.4 -14.8
 -60.4 -15.1
 -60.6 -15.1
 -60.2 -15.5
 -60.2 -16.3
 -59.5 -16.3
 -58.8 -16.3
 -58.4 -16.3
 -58.3 -16.3
 -58.4 -16.4
 -58.3 -16.5
 -58.5 -16.6
 -58.5 -16.9
 -58.4 -17.2
 -58.2 -17.4
 -57.9 -17.4
 -57.9 -17.5
 -57.8 -17.6
 -57.7 -17.6
 -57.8 -17.6
 -57.6 -18.1
 -57.5 -18.2
 -57.6 -18.2
 -57.8 -18.9
 -57.7 -18.9
 -57.7 -19.0
 -57.8 -19.1
 -58.1 -19.7
 -57.8 -20.0
 -58.2 -20.2
 -58.1 -20.2
 -58.2 -20.2
 -58.1 -20.3
 -58.1 -20.4
 -58.0 -20.4
 -58.0 -20.6
 -58.0 -20.7
 -57.9 -20.7
 -57.9 -20.8
 -57.9 -20.9
 -57.8 -21.0
 -57.8 -21.2
 -57.9 -21.3
 -58.0 -21.5
 -57.9 -21.7
 -58.0 -21.8
 -57.9 -21.9
 -58.0 -22.1
 -57.9 -22.1
 -57.6 -22.1
 -57.6 -22.2
 -57.5 -22.2
 -57.3 -22.2
 -57.2 -22.2
 -57.0 -22.2
 -56.9 -22.2
 -56.9 -22.3
 -56.8 -22.3
 -56.7 -22.2
 -56.6 -22.3
 -56.5 -22.1
 -56.4 -22.1
 -56.2 -22.3
 -55.9 -22.3
 -55.7 -22.4
 -55.7 -22.5
 -55.6 -22.7
 -55.6 -23.0
 -55.5 -23.2
 -55.6 -23.3
 -55.5 -23.4
 -55.5 -23.6
 -55.4 -23.7
 -55.4 -23.9
 -55.4 -24.0
 -55.2 -24.0
 -54.9 -24.0
 -54.6 -23.8
 -54.4 -23.9
 -54.2 -24.1
 -54.3 -24.1
 -54.3 -24.2
 -54.3 -24.3
 -54.3 -24.4
 -54.3 -24.5
 -54.3 -24.6
 -54.4 -24.8
 -54.5 -25.0
 -54.4 -25.1
 -54.6 -25.4
 -54.6 -25.6
 -54.4 -25.7
 -54.4 -25.6
 -54.3 -25.5
 -54.2 -25.6
 -54.2 -25.5
 -54.1 -25.5
 -54.1 -25.6
 -54.0 -25.6
 -53.9 -25.6
 -53.8 -25.9
 -53.8 -26.0
 -53.7 -26.2
 -53.7 -26.3
 -53.7 -26.4
 -53.7 -26.7
 -53.8 -26.8
 -53.7 -26.8
 -53.7 -26.9
 -53.8 -27.2
 -53.9 -27.1
 -54.1 -27.3
 -54.2 -27.2
 -54.2 -27.3
 -54.3 -27.4
 -54.4 -27.5
 -54.5 -27.4
 -54.4 -27.5
 -54.5 -27.5
 -54.6 -27.4
 -54.8 -27.6
 -54.8 -27.5
 -54.9 -27.7
 -55.0 -27.8
 -55.1 -27.8
 -55.0 -27.8
 -55.0 -27.9
 -55.1 -27.9
 -55.2 -27.9
 -55.4 -28.0
 -55.4 -28.1
 -55.8 -28.2
 -55.7 -28.3
 -55.7 -28.4
 -55.8 -28.4
 -55.9 -28.4
 -55.9 -28.5
 -56.0 -28.5
 -56.0 -28.6
 -56.3 -28.8
 -56.3 -28.9
 -56.4 -29.0
 -56.4 -29.1
 -56.6 -29.1
 -56.6 -29.2
 -56.7 -29.3
 -57.0 -29.7
 -57.1 -29.8
 -57.3 -29.8
 -57.3 -30.0
 -57.5 -30.2
 -57.6 -30.2
 -57.6 -30.3
 -57.5 -30.3
 -57.2 -30.3
 -57.2 -30.2
 -57.1 -30.2
 -57.1 -30.1
 -57.0 -30.1
 -56.8 -30.1
 -56.6 -30.3
 -56.3 -30.5
 -56.2 -30.6
 -56.0 -30.8
 -56.0 -30.9
 -56.0 -31.1
 -55.8 -31.1
 -55.7 -30.9
 -55.6 -30.9
 -55.6 -30.8
 -55.4 -31.0
 -55.2 -31.2
 -55.1 -31.3
 -55.0 -31.3
 -54.9 -31.4
 -54.6 -31.5
 -54.5 -31.6
 -54.5 -31.7
 -54.1 -31.9
 -53.9 -31.9
 -53.9 -32.0
 -53.7 -32.1
 -53.6 -32.4
 -53.4 -32.6
 -53.3 -32.6
 -53.2 -32.7
 -53.1 -32.7
 -53.5 -33.1
 -53.5 -33.2
 -53.5 -33.4
 -53.5 -33.6
 -53.5 -33.7
 -53.4 -33.7
 -52.9 -33.4
 -52.7 -33.2
 -52.5 -32.8
 -52.3 -32.4
 -52.2 -32.2
 -52.1 -32.2
 -52.1 -32.1
 -52.2 -32.1
 -52.1 -32.0
 -52.2 -32.1
 -52.3 -32.1
 -52.2 -32.0
 -52.1 -31.9
 -52.2 -31.9
 -52.2 -31.8
 -52.2 -31.7
 -52.1 -31.7
 -52.0 -31.6
 -52.1 -31.6
 -52.0 -31.6
 -52.0 -31.4
 -51.9 -31.3
 -51.6 -31.3
 -51.6 -31.2
 -51.5 -31.1
 -51.4 -31.1
 -51.5 -31.0
 -51.5 -30.9
 -51.4 -30.9
 -51.4 -30.7
 -51.4 -30.6
 -51.3 -30.6
 -51.3 -30.8
 -51.3 -30.6
 -51.2 -30.5
 -51.2 -30.4
 -51.1 -30.4
 -51.1 -30.3
 -51.2 -30.4
 -51.3 -30.2
 -51.3 -30.0
 -51.2 -30.1
 -51.2 -30.2
 -51.0 -30.3
 -51.0 -30.4
 -50.9 -30.4
 -50.9 -30.3
 -50.8 -30.3
 -50.7 -30.3
 -50.7 -30.2
 -50.6 -30.2
 -50.6 -30.3
 -50.5 -30.3
 -50.6 -30.5
 -50.7 -30.4
 -50.7 -30.6
 -50.7 -30.7
 -50.7 -30.8
 -50.9 -30.9
 -51.0 -30.9
 -51.0 -31.0
 -50.9 -31.1
 -51.0 -31.1
 -51.1 -31.1
 -51.2 -31.1
 -51.2 -31.4
 -51.3 -31.5
 -51.4 -31.5
 -51.5 -31.6
 -51.6 -31.8
 -51.7 -31.8
 -51.8 -31.8
 -51.9 -31.9
 -52.0 -31.8
 -52.1 -31.8
 -52.1 -31.9
 -52.0 -31.9
 -52.1 -32.1
 -52.1 -32.2
 -51.9 -32.0
 -51.4 -31.7
 -51.0 -31.4
 -50.7 -31.0
 -50.4 -30.6
 -50.2 -30.2
 -50.0 -29.7
 -49.8 -29.4
 -49.4 -29.0
 -49.1 -28.8
 -48.8 -28.5
 -48.9 -28.5
 -48.9 -28.3
 -48.8 -28.3
 -48.8 -28.4
 -48.8 -28.5
 -48.7 -28.4
 -48.6 -28.0
 -48.6 -27.8
 -48.6 -27.7
 -48.6 -27.6
 -48.6 -27.5
 -48.6 -27.4
 -48.6 -27.3
 -48.6 -27.2
 -48.5 -27.2
 -48.5 -27.1
 -48.6 -27.2
 -48.6 -27.1
 -48.6 -27.0
 -48.6 -26.9
 -48.6 -26.8
 -48.7 -26.7
 -48.6 -26.5
 -48.6 -26.4
 -48.8 -26.3
 -48.8 -26.2
 -48.7 -26.2
 -48.6 -26.2
 -48.6 -25.9
 -48.8 -25.9
 -48.7 -25.9
 -48.6 -25.9
 -48.4 -25.6
 -48.5 -25.5
 -48.6 -25.5
 -48.7 -25.5
 -48.7 -25.4
 -48.6 -25.5
 -48.4 -25.4
 -48.5 -25.3
 -48.4 -25.3
 -48.4 -25.2
 -48.4 -25.3
 -48.3 -25.2
 -48.3 -25.4
 -48.3 -25.3
 -48.2 -25.3
 -48.2 -25.4
 -48.2 -25.5
 -48.2 -25.4
 -48.0 -25.2
 -47.9 -25.1
 -48.0 -25.1
 -48.0 -25.0
 -48.0 -25.1
 -47.9 -25.0
 -47.8 -24.9
 -47.5 -24.7
 -47.2 -24.6
 -47.0 -24.4
 -47.0 -24.3
 -46.8 -24.2
 -46.4 -24.0
 -46.4 -23.9
 -46.3 -23.9
 -46.3 -24.0
 -46.1 -23.9
 -46.1 -23.8
 -45.8 -23.8
 -45.6 -23.8
 -45.5 -23.8
 -45.4 -23.8
 -45.4 -23.7
 -45.4 -23.6
 -45.3 -23.6
 -45.2 -23.6
 -45.2 -23.5
 -45.0 -23.5
 -45.0 -23.4
 -44.9 -23.3
 -44.8 -23.4
 -44.7 -23.4
 -44.5 -23.3
 -44.6 -23.3
 -44.6 -23.2
 -44.7 -23.2
 -44.7 -23.1
 -44.7 -23.0
 -44.4 -23.0
 -44.4 -22.9
 -44.4 -23.0
 -44.3 -22.9
 -44.3 -23.0
 -44.4 -23.0
 -44.3 -23.0
 -44.2 -23.0
 -44.2 -23.1
 -44.1 -23.0
 -44.1 -22.9
 -44.0 -23.0
 -43.9 -22.9
 -43.6 -23.0
 -43.8 -23.1
 -44.0 -23.0
 -44.0 -23.1
 -43.6 -23.0
 -43.2 -23.0
 -43.1 -23.0
 -43.2 -22.9
 -43.3 -22.8
 -43.3 -22.7
 -43.1 -22.7
 -43.0 -22.7
 -43.1 -22.9
 -43.0 -23.0
 -42.4 -22.9
 -42.0 -22.9
 -41.9 -22.8
 -42.0 -22.7
 -42.0 -22.6
 -41.7 -22.3
 -41.3 -22.1
 -41.0 -22.0
 -41.0 -21.6
 -41.1 -21.5
 -41.0 -21.3
 -40.9 -21.2
 -40.8 -21.1
 -40.8 -20.9
 -40.7 -20.8
 -40.6 -20.8
 -40.3 -20.5
 -40.3 -20.3
 -40.4 -20.3
 -40.4 -20.2
 -40.3 -20.2
 -40.2 -20.3
 -40.2 -20.1
 -40.2 -20.0
 -40.1 -19.9
 -40.0 -19.7
 -39.8 -19.6
 -39.7 -19.4
 -39.7 -19.1
 -39.7 -18.7
 -39.6 -18.2
 -39.4 -17.9
 -39.2 -17.8
 -39.1 -17.7
 -39.2 -17.5
 -39.2 -17.1
 -39.1 -16.6
 -38.9 -16.1
 -38.9 -16.0
 -38.9 -15.8
 -38.9 -15.6
 -39.0 -15.0
 -39.0 -14.6
 -38.9 -14.0
 -38.9 -13.9
 -39.0 -13.9
 -39.0 -14.1
 -39.1 -14.1
 -39.0 -14.1
 -39.0 -14.0
 -39.1 -13.9
 -39.0 -13.9
 -39.1 -13.8
 -39.1 -13.7
 -39.1 -13.8
 -39.0 -13.8
 -39.0 -13.5
 -39.1 -13.6
 -39.0 -13.3
 -39.0 -13.4
 -38.9 -13.3
 -38.8 -13.2
 -38.9 -13.1
 -38.8 -13.0
 -38.7 -12.9
 -38.8 -12.9
 -38.9 -12.7
 -38.9 -12.8
 -38.8 -12.8
 -38.7 -12.7
 -38.7 -12.6
 -38.5 -12.7
 -38.5 -12.8
 -38.5 -13.0
 -38.3 -12.9
 -38.0 -12.5
 -37.7 -12.1
 -37.5 -11.7
 -37.4 -11.5
 -37.4 -11.4
 -37.5 -11.4
 -37.4 -11.4
 -37.3 -11.2
 -37.4 -11.4
 -37.3 -11.4
 -37.2 -11.2
 -37.2 -11.1
 -37.3 -11.1
 -37.3 -11.0
 -37.2 -11.0
 -37.2 -11.1
 -37.1 -10.9
 -37.0 -10.8
 -37.2 -10.8
 -37.1 -10.7
 -37.0 -10.8
 -37.0 -10.9
 -36.9 -10.7
 -36.5 -10.5
 -36.4 -10.5
 -36.2 -10.2
 -36.0 -10.0
 -35.9 -9.8
 -36.0 -9.6
 -35.9 -9.6
 -35.9 -9.7
 -35.8 -9.7
 -35.8 -9.6
 -35.7 -9.7
 -35.4 -9.3
 -35.3 -9.2
 -35.2 -8.9
 -35.0 -8.4
 -34.9 -8.1
 -34.9 -8.0
 -34.9 -8.1
 -34.8 -7.9
 -34.8 -7.8
 -34.9 -7.8
 -34.8 -7.7
 -34.8 -7.6
 -34.8 -7.3
 -34.8 -7.0
 -34.9 -6.9
 -35.0 -6.2
 -35.1 -6.2
 -35.1 -6.0
 -35.2 -5.9
 -35.3 -5.5
 -35.5 -5.2
 -35.6 -5.1
 -36.0 -5.1
 -36.2 -5.1
 -36.5 -5.1
 -36.8 -5.0
 -36.9 -4.9
 -37.2 -4.9
 -37.3 -4.7
 -37.5 -4.6
 -37.7 -4.5
 -37.8 -4.4
 -37.9 -4.4
 -38.2 -4.0
 -38.5 -3.7
 -38.8 -3.6
 -39.0 -3.4
 -39.1 -3.4
 -39.4 -3.2
 -39.5 -3.2
 -39.7 -3.0
 -39.8 -3.0
 -40.0 -2.8
 -40.5 -2.8
 -40.8 -2.9
 -41.1 -2.9
 -41.3 -2.9
 -41.2 -3.0
 -41.3 -2.9
 -41.4 -2.9
 -41.6 -2.9
 -41.9 -2.7
 -42.0 -2.7
 -41.9 -2.8
 -42.2 -2.8
 -42.3 -2.8
 -42.4 -2.8
 -42.5 -2.7
 -42.9 -2.5
 -43.3 -2.4
 -43.5 -2.4
 -43.4 -2.5
 -43.5 -2.5
 -43.5 -2.6
 -43.5 -2.5
 -43.6 -2.5
 -43.7 -2.5
 -43.7 -2.6
 -43.7 -2.5
 -43.9 -2.6
 -44.0 -2.6
 -44.1 -2.7
 -44.1 -2.8
 -44.2 -2.8
 -44.3 -2.8
 -44.2 -2.7
 -44.1 -2.7
 -44.1 -2.5
 -44.0 -2.4
 -44.1 -2.4
 -44.3 -2.5
 -44.4 -2.5
 -44.4 -2.9
 -44.6 -3.1
 -44.6 -3.2
 -44.8 -3.2
 -44.8 -3.3
 -44.8 -3.2
 -44.6 -3.1
 -44.6 -3.0
 -44.7 -3.0
 -44.7 -2.9
 -44.6 -2.8
 -44.6 -2.7
 -44.5 -2.6
 -44.6 -2.5
 -44.7 -2.6
 -44.5 -2.4
 -44.4 -2.4
 -44.4 -2.3
 -44.4 -2.2
 -44.5 -2.1
 -44.6 -2.3
 -44.7 -2.4
 -44.7 -2.3
 -44.6 -2.2
 -44.6 -2.1
 -44.5 -2.1
 -44.5 -2.0
 -44.5 -1.9
 -44.6 -1.9
 -44.5 -1.8
 -44.7 -1.8
 -44.6 -1.7
 -44.7 -1.7
 -44.7 -1.8
 -44.8 -1.8
 -44.7 -1.7
 -44.8 -1.7
 -44.8 -1.6
 -44.9 -1.6
 -44.9 -1.7
 -44.9 -1.6
 -44.8 -1.5
 -44.9 -1.4
 -45.0 -1.6
 -45.1 -1.4
 -45.1 -1.5
 -45.2 -1.5
 -45.2 -1.6
 -45.3 -1.6
 -45.2 -1.7
 -45.3 -1.7
 -45.4 -1.7
 -45.3 -1.6
 -45.4 -1.5
 -45.3 -1.4
 -45.3 -1.3
 -45.4 -1.5
 -45.5 -1.5
 -45.4 -1.3
 -45.5 -1.3
 -45.5 -1.4
 -45.5 -1.3
 -45.6 -1.3
 -45.6 -1.4
 -45.7 -1.4
 -45.7 -1.3
 -45.7 -1.1
 -45.8 -1.3
 -45.8 -1.2
 -45.9 -1.3
 -45.9 -1.2
 -46.0 -1.2
 -46.0 -1.1
 -46.1 -1.2
 -46.1 -1.1
 -46.2 -1.1
 -46.3 -1.2
 -46.2 -0.9
 -46.2 -1.0
 -46.3 -1.0
 -46.3 -1.1
 -46.3 -1.0
 -46.4 -1.1
 -46.4 -1.0
 -46.5 -1.0
 -46.6 -1.0
 -46.7 -1.0
 -46.7 -0.9
 -46.6 -0.9
 -46.6 -0.8
 -46.7 -0.8
 -46.7 -0.9
 -46.8 -0.8
 -46.8 -0.9
 -46.8 -0.8
 -46.8 -0.7
 -46.9 -0.8
 -47.0 -0.7
 -47.1 -0.8
 -47.1 -0.7
 -47.1 -0.8
 -47.2 -0.8
 -47.2 -0.7
 -47.2 -0.6
 -47.3 -0.6
 -47.4 -0.7
 -47.4 -0.6
 -47.5 -0.6
 -47.4 -0.7
 -47.4 -0.8
 -47.5 -0.8
 -47.5 -0.6
 -47.6 -0.6
 -47.7 -0.7
 -47.7 -0.8
 -47.7 -0.7
 -47.7 -0.6
 -47.8 -0.6
 -48.0 -0.8
 -48.0 -0.7
 -48.1 -0.8
 -48.2 -0.9
 -48.3 -0.9
 -48.3 -1.0
 -48.3 -1.1
 -48.3 -1.3
 -48.4 -1.3
 -48.5 -1.3
 -48.5 -1.5
 -48.3 -1.4
 -48.2 -1.5
 -48.4 -1.5
 -48.5 -1.5
 -48.4 -1.6
 -48.5 -1.6
 -48.6 -1.5
 -48.7 -1.5
 -49.0 -1.8
 -49.2 -1.9
 -49.3 -2.1
 -49.5 -2.5
 -49.5 -2.3
 -49.4 -2.1
 -49.4 -2.0
 -49.3 -1.8
 -49.3 -1.7
 -49.5 -1.8
 -49.6 -1.9
 -49.8 -1.9
 -49.8 -2.1
 -49.9 -2.1
 -49.9 -2.0
 -49.9 -1.9
 -50.0 -1.8
 -50.2 -1.9
 -50.3 -1.9
 -50.4 -1.9
 -50.5 -1.9
 -50.4 -1.9
 -50.6 -1.8
 -50.7 -1.8
 -50.7 -1.9
 -50.7 -2.0
 -50.7 -1.9
 -50.8 -2.0
 -50.8 -2.1
 -50.8 -2.0
 -50.9 -2.0
 -51.0 -2.2
 -51.0 -2.4
 -50.8 -2.5
 -51.0 -2.4
 -51.0 -2.2
 -51.0 -2.0
 -51.2 -1.9
 -51.3 -1.8
 -51.4 -2.0
 -51.5 -2.2
 -51.4 -2.3
 -51.5 -2.2
 -51.5 -2.0
 -51.4 -1.8
 -51.5 -1.8
 -51.4 -1.8
 -51.3 -1.6
 -51.3 -1.7
 -51.3 -1.8
 -51.2 -1.7
 -51.2 -1.8
 -51.1 -1.7
 -51.1 -1.8
 -51.0 -1.8
 -50.8 -1.9
 -50.7 -1.8
 -50.7 -1.6
 -50.8 -1.4
 -50.8 -1.3
 -50.8 -1.2
 -50.8 -0.9
 -50.9 -0.9
 -51.0 -0.9
 -51.0 -1.0
 -51.3 -1.2
 -51.4 -1.2
 -51.4 -1.3
 -51.7 -1.4
 -52.0 -1.6
 -52.1 -1.6
 -52.2 -1.7
 -52.2 -1.6
 -52.3 -1.5
 -52.7 -1.6
 -52.2 -1.3
 -52.1 -1.4
 -51.9 -1.3
 -51.9 -1.2
 -51.8 -1.1
 -51.7 -1.0
 -51.7 -0.8
 -51.5 -0.6
 -51.4 -0.4
 -51.3 -0.2
 -51.2 -0.1
 -51.1 -0.1
 -51.0 0.1
 -50.9 0.2
 -50.8 0.2
 -50.6 0.3
 -50.3 0.7
 -50.3 0.8
 -50.3 0.9
 -50.1 0.9
 -49.9 1.2
 -49.9 1.3
 -50.1 1.2
 -49.9 1.3
 -49.9 1.5
 -49.9 1.7
 -50.1 1.8
 -50.4 1.8
 -50.6 2.0
 -50.6 2.1
 -50.7 2.1
 -50.7 2.0
 -50.8 2.1
 -50.8 2.2
 -50.7 2.1
 -50.7 2.2
 -50.7 2.4
 -50.8 2.5
 -50.8 2.6
 -50.9 2.8
 -50.9 2.9
 -51.1 3.3
 -51.1 3.9
 -51.2 3.8
 -51.2 4.0
 -51.3 4.2
 -51.5 4.4
 -51.6 4.4
 -51.6 4.2
 -51.7 4.0
 -51.8 3.8
 -52.1 3.4
 -52.3 3.2
 -52.3 3.1
 -52.4 2.9
 -52.6 2.5
 -52.9 2.2
 -53.1 2.2
 -53.3 2.2
 -53.2 2.3
 -53.3 2.4
 -53.5 2.3
 -53.6 2.3
 -53.7 2.4
 -53.8 2.4
 -53.8 2.3
 -53.9 2.3
 -53.9 2.2
 -54.0 2.2
 -54.1 2.1
 -54.2 2.2
 -54.2 2.1
 -54.5 2.2
 -54.5 2.3
 -54.6 2.3
 -54.7 2.3
 -54.7 2.5
 -54.8 2.5
 -54.8 2.4
 -54.9 2.4
 -55.0 2.6
 -55.1 2.5
 -55.2 2.6
 -55.3 2.5
 -55.4 2.4
 -55.7 2.4
 -55.9 2.5
 -56.0 2.5
 -56.0 2.3
 -56.1 2.3
 -55.9 2.0
 -55.9 1.9
 -56.0 1.8
 -56.5 1.9
 -56.6 1.9
 -56.7 1.9
 -57.0 1.9
 -57.1 2.0
 -57.2 1.9
 -57.3 2.0
 -57.4 2.0
 -57.5 1.7
 -57.6 1.7
 -57.8 1.7
 -58.0 1.7
 -58.0 1.6
 -58.0 1.5
 -58.3 1.6
 -58.3 1.5
 -58.5 1.5
 -58.5 1.3
 -58.7 1.3
 -58.7 1.2
 -58.8 1.2
 -58.9 1.2
 -58.9 1.3
 -59.0 1.3
 -59.2 1.4
 -59.5 1.7
 -59.6 1.7
 -59.7 1.8
 -59.6 1.8
 -59.8 1.9
 -59.7 2.3
 -59.8 2.3
 -60.0 2.6
 -60.0 2.9
 -59.9 3.3
 -59.8 3.5
 -59.9 3.6
 -59.8 3.6
 -59.5 4.0
 -59.6 4.0
 -59.6 4.1
 -59.7 4.2
 -59.7 4.3
 -59.7 4.4
 -59.8 4.4
 -60.1 4.5
 -60.2 4.6
 -60.0 4.7
 -60.0 5.1
 -60.1 5.1
 -60.1 5.2
 -60.2 5.3
 -60.4 5.2
 -60.7 5.2
 -60.6 5.0
 -60.6 4.9
 -60.8 4.7
 -60.9 4.7
 -60.9 4.6
 -61.0 4.5
 -61.3 4.5
 -61.3 4.4
 -61.5 4.4
 -61.5 4.3
 -61.6 4.2
 -61.7 4.2
 -61.9 4.2
 -62.1 4.2
 -62.1 4.1
 -62.2 4.1
 -62.4 4.2
 -62.5 4.1
 -62.5 4.0
 -62.7 4.0
 -62.8 4.0
 -62.8 3.8
 -62.7 3.7
 -62.8 3.6
 -62.9 3.6
 -63.0 3.6
 -63.3 3.9
 -63.4 4.0
 -63.5 3.9
 -63.6 3.9
 -63.8 4.0
 -64.0 3.9
 -64.1 4.1
 -64.2 4.1
 -64.6 4.1
 -64.6 4.2
 -64.7 4.3
 -64.8 4.3
 -64.8 4.2
 -64.7 4.1
 -64.5 3.8
 -64.2 3.6
 -64.2 3.5
 -64.2 3.4
 -64.2 3.1
 -64.0 2.8
 -64.0 2.6
 -64.0 2.5
 -63.5 2.4
 -63.4 2.4
 -63.4 2.3
 -63.4 2.2
 -63.7 2.1
 -63.8 2.0
 -64.0 2.0
 -64.0 1.9
 -64.1 1.7
 -64.3 1.5
 -64.3 1.4
 -64.4 1.4
 -64.3 1.5
 -64.4 1.5
 -64.5 1.4
 -64.7 1.3
 -64.8 1.2
 -64.8 1.3
 -65.0 1.1
 -65.1 1.1
 -65.2 1.0
 -65.2 0.9
 -65.3 0.9
 -65.4 0.8
 -65.4 0.7
 -65.5 0.6
 -65.6 0.7
 -65.5 0.8
 -65.5 0.9
 -65.6 1.0
 -65.7 1.0
 -65.9 0.9
 -66.0 0.8
 -66.1 0.7
 -66.3 0.8
 -66.9 1.2
 -67.1 1.2
 -67.1 1.6
 -67.2 1.8
 -67.3 2.1
 -67.4 2.1
 -67.5 2.1
 -67.8 1.8
 -68.0 1.7
 -68.0 1.8
 -68.1 1.9
 -68.2 2.0
 -68.3 1.8
 -68.2 1.7
 -69.4 1.7
 -69.5 1.8
 -69.7 1.7
 -69.8 1.7
 -69.8 1.1
 -69.7 1.1
 -69.4 1.1
 -69.4 1.0
 -69.3 1.0
 -69.2 1.0
 -69.2 0.9
 -69.1 0.9
 -69.2 0.7
 -69.1 0.7
 -69.1 0.6
 -69.2 0.6
 -69.3 0.7
 -69.5 0.7
 -69.6 0.6
 -69.7 0.7
 -69.9 0.6
 -70.0 0.6
 -70.0 0.5
 -70.1 -0.2
 -69.9 -0.3
 -69.6 -0.5
 -69.6 -0.6
 -69.6 -0.7
 -69.6 -0.8
 -69.5 -1.0
 -69.4 -1.0
 -69.4 -1.2
 -69.4 -1.4
 -69.5 -1.5
 -69.6 -2.2
 -69.7 -2.9
 -69.8 -3.5
 -69.9 -4.2
 

