-70.4 -18.3
 -70.3 -18.4
 -70.3 -18.9
 -70.2 -19.4
 -70.2 -19.6
 -70.2 -19.7
 -70.2 -20.2
 -70.1 -20.3
 -70.2 -20.5
 -70.2 -20.7
 -70.1 -20.9
 -70.2 -21.0
 -70.1 -21.3
 -70.1 -21.4
 -70.2 -21.9
 -70.2 -22.4
 -70.3 -22.9
 -70.3 -23.0
 -70.4 -23.1
 -70.5 -23.1
 -70.5 -23.0
 -70.6 -23.1
 -70.6 -23.2
 -70.6 -23.5
 -70.5 -23.5
 -70.4 -23.5
 -70.4 -23.6
 -70.4 -23.7
 -70.5 -23.8
 -70.5 -23.9
 -70.5 -24.2
 -70.6 -24.5
 -70.6 -24.7
 -70.5 -24.8
 -70.5 -25.0
 -70.5 -25.1
 -70.4 -25.2
 -70.4 -25.4
 -70.5 -25.4
 -70.5 -25.5
 -70.6 -25.5
 -70.6 -25.6
 -70.7 -25.8
 -70.6 -26.0
 -70.7 -26.3
 -70.6 -26.3
 -70.7 -26.5
 -70.7 -26.6
 -70.8 -26.9
 -70.8 -27.0
 -70.9 -27.1
 -71.0 -27.2
 -70.9 -27.3
 -71.0 -27.4
 -70.9 -27.5
 -70.9 -27.6
 -71.0 -27.7
 -71.2 -28.2
 -71.2 -28.4
 -71.3 -28.6
 -71.3 -28.7
 -71.5 -28.9
 -71.5 -29.0
 -71.5 -29.2
 -71.4 -29.3
 -71.3 -29.4
 -71.3 -29.6
 -71.3 -29.8
 -71.3 -29.9
 -71.4 -30.0
 -71.4 -30.1
 -71.4 -30.2
 -71.5 -30.3
 -71.6 -30.2
 -71.7 -30.5
 -71.7 -30.9
 -71.7 -31.1
 -71.6 -31.2
 -71.6 -31.6
 -71.5 -31.8
 -71.5 -32.2
 -71.4 -32.4
 -71.5 -32.5
 -71.4 -32.6
 -71.5 -32.7
 -71.5 -32.8
 -71.6 -33.0
 -71.8 -33.1
 -71.7 -33.3
 -71.7 -33.4
 -71.6 -33.5
 -71.7 -33.7
 -71.8 -33.8
 -72.0 -34.1
 -72.0 -34.4
 -72.1 -34.4
 -72.1 -34.6
 -72.2 -34.8
 -72.2 -34.9
 -72.2 -35.1
 -72.4 -35.2
 -72.5 -35.5
 -72.6 -35.6
 -72.7 -35.6
 -72.6 -35.7
 -72.6 -35.8
 -72.8 -36.0
 -72.9 -36.4
 -72.9 -36.5
 -73.0 -36.5
 -73.0 -36.6
 -73.0 -36.7
 -73.1 -36.7
 -73.1 -36.6
 -73.1 -36.7
 -73.2 -36.8
 -73.1 -36.8
 -73.2 -37.1
 -73.2 -37.2
 -73.3 -37.2
 -73.5 -37.2
 -73.6 -37.1
 -73.6 -37.2
 -73.7 -37.3
 -73.6 -37.4
 -73.6 -37.5
 -73.7 -37.6
 -73.7 -37.7
 -73.5 -38.0
 -73.5 -38.1
 -73.5 -38.2
 -73.5 -38.3
 -73.5 -38.5
 -73.4 -38.7
 -73.3 -39.2
 -73.2 -39.3
 -73.3 -39.6
 -73.4 -39.7
 -73.4 -39.9
 -73.4 -39.8
 -73.5 -39.8
 -73.6 -39.9
 -73.7 -39.9
 -73.7 -40.0
 -73.7 -40.1
 -73.7 -40.3
 -73.7 -40.5
 -73.8 -40.6
 -73.9 -40.6
 -73.9 -40.7
 -73.9 -40.8
 -73.9 -40.9
 -74.0 -41.0
 -74.0 -41.2
 -73.9 -41.3
 -73.8 -41.6
 -73.6 -41.6
 -73.5 -41.5
 -73.6 -41.6
 -73.7 -41.7
 -73.8 -41.8
 -73.4 -41.8
 -73.3 -41.8
 -73.2 -41.8
 -73.1 -41.7
 -73.1 -41.6
 -73.0 -41.5
 -72.9 -41.5
 -72.8 -41.5
 -72.7 -41.7
 -72.6 -41.7
 -72.4 -41.7
 -72.4 -41.5
 -72.3 -41.4
 -72.3 -41.6
 -72.4 -41.7
 -72.6 -41.7
 -72.7 -41.7
 -72.9 -41.9
 -72.7 -42.0
 -72.6 -42.0
 -72.5 -42.0
 -72.5 -42.1
 -72.4 -42.2
 -72.5 -42.3
 -72.4 -42.4
 -72.5 -42.5
 -72.6 -42.2
 -72.8 -42.3
 -72.7 -42.5
 -72.5 -42.5
 -72.6 -42.6
 -72.7 -42.5
 -72.8 -42.5
 -72.9 -42.6
 -72.9 -42.8
 -72.8 -42.9
 -72.7 -42.9
 -72.7 -43.1
 -72.8 -43.1
 -72.8 -43.0
 -72.9 -43.1
 -72.9 -43.2
 -73.1 -43.3
 -73.1 -43.4
 -73.0 -43.6
 -72.9 -43.6
 -73.0 -43.6
 -73.1 -43.7
 -73.0 -43.7
 -72.9 -43.8
 -72.9 -43.7
 -72.8 -43.8
 -73.0 -43.8
 -73.1 -44.0
 -73.1 -44.1
 -73.2 -44.1
 -73.3 -44.1
 -73.3 -44.2
 -73.2 -44.2
 -73.1 -44.1
 -73.1 -44.2
 -73.2 -44.2
 -73.2 -44.3
 -72.9 -44.3
 -72.8 -44.4
 -72.7 -44.5
 -72.6 -44.3
 -72.6 -44.5
 -72.7 -44.5
 -72.7 -44.8
 -72.8 -44.8
 -73.2 -45.0
 -73.4 -45.0
 -73.4 -45.1
 -73.3 -45.1
 -73.3 -45.2
 -73.4 -45.2
 -73.5 -45.3
 -73.4 -45.3
 -73.3 -45.3
 -73.3 -45.2
 -73.1 -45.3
 -73.0 -45.4
 -72.8 -45.4
 -72.9 -45.5
 -73.0 -45.5
 -73.2 -45.3
 -73.3 -45.3
 -73.3 -45.4
 -73.4 -45.4
 -73.4 -45.5
 -73.4 -45.4
 -73.5 -45.5
 -73.6 -45.8
 -73.3 -45.6
 -73.2 -45.7
 -73.4 -45.7
 -73.5 -45.8
 -73.6 -45.8
 -73.5 -45.9
 -73.6 -45.9
 -73.7 -46.0
 -73.6 -46.1
 -73.7 -46.3
 -73.6 -46.3
 -73.6 -46.2
 -73.4 -46.0
 -73.3 -46.0
 -73.5 -46.2
 -73.6 -46.3
 -73.5 -46.3
 -73.6 -46.3
 -73.7 -46.4
 -73.8 -46.5
 -73.8 -46.6
 -73.9 -46.6
 -74.0 -46.6
 -73.8 -46.4
 -73.8 -46.2
 -73.9 -46.1
 -74.0 -46.1
 -74.0 -46.2
 -73.9 -46.3
 -74.0 -46.3
 -74.1 -46.2
 -74.0 -46.2
 -74.3 -46.3
 -74.5 -46.2
 -74.4 -46.2
 -74.3 -46.3
 -74.1 -46.2
 -74.0 -46.1
 -74.0 -46.0
 -74.1 -46.0
 -74.1 -46.1
 -74.2 -46.1
 -74.1 -46.1
 -74.1 -46.0
 -74.2 -46.0
 -74.1 -46.0
 -74.1 -45.9
 -74.2 -45.9
 -74.1 -45.9
 -74.1 -45.8
 -74.2 -45.8
 -74.3 -45.8
 -74.5 -45.8
 -74.4 -46.0
 -74.5 -46.0
 -74.5 -45.9
 -74.6 -45.8
 -74.7 -45.8
 -74.7 -45.9
 -74.7 -46.0
 -74.8 -46.0
 -74.8 -46.1
 -74.8 -46.2
 -74.9 -46.1
 -75.0 -46.2
 -74.9 -46.3
 -75.0 -46.2
 -75.1 -46.2
 -75.1 -46.3
 -75.1 -46.4
 -75.2 -46.3
 -75.2 -46.4
 -75.3 -46.4
 -75.4 -46.4
 -75.4 -46.5
 -75.5 -46.5
 -75.6 -46.6
 -75.7 -46.7
 -75.7 -46.8
 -75.6 -46.9
 -75.5 -47.0
 -75.4 -46.9
 -75.3 -46.9
 -75.4 -46.9
 -75.4 -46.8
 -75.5 -46.8
 -75.4 -46.7
 -75.5 -46.7
 -75.6 -46.8
 -75.7 -46.8
 -75.5 -46.7
 -75.4 -46.6
 -75.3 -46.6
 -75.1 -46.6
 -75.0 -46.4
 -74.9 -46.5
 -75.1 -46.6
 -75.1 -46.7
 -74.9 -46.8
 -74.7 -46.8
 -74.7 -46.9
 -74.5 -46.9
 -74.4 -46.9
 -74.7 -46.9
 -74.7 -46.8
 -74.5 -46.8
 -74.6 -46.7
 -74.3 -46.8
 -74.2 -46.9
 -74.1 -46.8
 -74.2 -46.9
 -74.1 -47.0
 -73.9 -47.0
 -74.1 -47.2
 -74.0 -47.2
 -74.0 -47.3
 -74.0 -47.2
 -74.1 -47.2
 -74.1 -47.3
 -74.2 -47.2
 -74.3 -47.2
 -74.5 -47.4
 -74.5 -47.5
 -74.5 -47.4
 -74.4 -47.5
 -74.5 -47.5
 -74.4 -47.5
 -74.3 -47.6
 -74.1 -47.6
 -74.0 -47.6
 -74.1 -47.6
 -74.2 -47.6
 -74.3 -47.6
 -74.3 -47.7
 -74.5 -47.7
 -74.4 -47.7
 -74.4 -47.6
 -74.5 -47.6
 -74.6 -47.6
 -74.6 -47.7
 -74.6 -47.6
 -74.7 -47.7
 -74.5 -47.8
 -74.4 -47.7
 -74.4 -47.8
 -74.1 -47.8
 -74.0 -47.8
 -73.9 -47.8
 -73.8 -47.8
 -73.8 -47.7
 -73.7 -47.6
 -73.7 -47.5
 -73.7 -47.6
 -73.7 -47.7
 -73.7 -47.8
 -73.6 -47.8
 -73.6 -47.9
 -73.5 -47.9
 -73.5 -48.0
 -73.3 -48.0
 -73.2 -48.0
 -73.5 -48.0
 -73.6 -47.9
 -73.6 -48.0
 -73.5 -48.1
 -73.4 -48.2
 -73.3 -48.1
 -73.3 -48.2
 -73.4 -48.2
 -73.5 -48.2
 -73.6 -48.2
 -73.6 -48.1
 -73.7 -48.1
 -73.8 -48.1
 -73.8 -48.0
 -73.8 -48.1
 -73.9 -48.1
 -73.9 -48.0
 -74.3 -48.0
 -74.3 -48.1
 -74.2 -48.2
 -74.3 -48.0
 -74.5 -48.0
 -74.6 -48.0
 -74.7 -48.0
 -74.6 -48.1
 -74.5 -48.0
 -74.5 -48.1
 -74.4 -48.2
 -74.3 -48.2
 -74.3 -48.3
 -74.1 -48.3
 -74.2 -48.3
 -74.0 -48.4
 -73.9 -48.4
 -74.0 -48.4
 -74.0 -48.5
 -74.0 -48.6
 -74.1 -48.5
 -74.2 -48.5
 -74.4 -48.6
 -74.4 -48.7
 -74.3 -48.7
 -74.2 -48.7
 -74.1 -48.7
 -74.4 -48.7
 -74.4 -48.8
 -74.4 -48.9
 -74.4 -49.0
 -74.5 -49.0
 -74.5 -49.1
 -74.4 -49.1
 -74.4 -49.3
 -74.4 -49.4
 -74.2 -49.5
 -74.2 -49.3
 -74.2 -49.2
 -74.1 -49.2
 -74.0 -49.2
 -74.1 -49.0
 -73.9 -49.0
 -73.8 -49.0
 -73.8 -49.1
 -73.9 -49.0
 -74.0 -49.1
 -74.0 -49.2
 -73.9 -49.3
 -74.0 -49.3
 -74.1 -49.3
 -74.1 -49.5
 -73.9 -49.5
 -73.8 -49.6
 -73.7 -49.7
 -73.7 -49.8
 -73.9 -49.6
 -74.0 -49.6
 -74.1 -49.5
 -74.3 -49.6
 -74.3 -49.7
 -74.1 -49.7
 -74.3 -49.8
 -74.3 -49.9
 -74.2 -49.9
 -74.1 -50.0
 -74.0 -50.0
 -73.9 -49.9
 -74.0 -50.0
 -73.9 -50.0
 -74.2 -50.0
 -74.3 -49.9
 -74.4 -50.0
 -74.3 -50.1
 -74.2 -50.1
 -74.2 -50.2
 -74.0 -50.2
 -73.9 -50.3
 -74.0 -50.3
 -74.1 -50.2
 -74.2 -50.3
 -74.3 -50.2
 -74.3 -50.1
 -74.5 -50.1
 -74.6 -50.1
 -74.7 -50.2
 -74.5 -50.2
 -74.5 -50.3
 -74.4 -50.4
 -74.3 -50.3
 -74.3 -50.4
 -74.1 -50.4
 -74.0 -50.4
 -74.1 -50.4
 -74.1 -50.5
 -74.0 -50.5
 -73.9 -50.5
 -74.0 -50.5
 -74.1 -50.5
 -74.1 -50.6
 -74.2 -50.5
 -74.3 -50.5
 -74.2 -50.6
 -74.1 -50.7
 -74.1 -50.8
 -74.0 -50.8
 -73.9 -50.8
 -73.8 -50.8
 -73.8 -50.5
 -73.7 -50.5
 -73.6 -50.5
 -73.6 -50.4
 -73.6 -50.5
 -73.7 -50.5
 -73.7 -50.6
 -73.5 -50.7
 -73.6 -50.6
 -73.7 -50.7
 -73.8 -50.7
 -73.7 -50.8
 -73.8 -50.8
 -73.9 -50.8
 -73.8 -50.9
 -73.8 -51.0
 -73.9 -50.9
 -74.2 -50.9
 -74.3 -50.9
 -74.2 -51.0
 -74.1 -51.0
 -74.2 -51.1
 -74.1 -51.2
 -74.0 -51.2
 -74.0 -51.1
 -73.9 -51.2
 -73.8 -51.2
 -73.8 -51.1
 -73.7 -51.1
 -73.7 -51.2
 -73.7 -51.3
 -73.7 -51.2
 -73.8 -51.2
 -73.7 -51.3
 -73.7 -51.4
 -73.6 -51.6
 -73.8 -51.4
 -73.9 -51.4
 -73.9 -51.5
 -73.8 -51.5
 -73.9 -51.6
 -73.7 -51.7
 -73.8 -51.7
 -73.7 -51.8
 -73.7 -51.7
 -73.5 -51.7
 -73.6 -51.7
 -73.6 -51.8
 -73.5 -51.9
 -73.4 -52.0
 -73.6 -51.8
 -73.6 -51.9
 -73.6 -52.0
 -73.3 -52.2
 -73.3 -52.0
 -73.4 -51.7
 -73.3 -51.7
 -73.2 -52.1
 -73.1 -51.9
 -72.9 -51.9
 -72.9 -51.8
 -73.0 -51.8
 -73.2 -51.9
 -73.1 -51.8
 -73.0 -51.8
 -73.1 -51.8
 -73.0 -51.8
 -73.0 -51.7
 -73.1 -51.7
 -73.2 -51.7
 -73.3 -51.6
 -73.2 -51.6
 -73.2 -51.7
 -73.0 -51.7
 -73.0 -51.8
 -72.6 -51.8
 -72.6 -51.7
 -72.7 -51.7
 -72.8 -51.6
 -73.0 -51.5
 -73.1 -51.6
 -73.0 -51.5
 -73.3 -51.5
 -73.2 -51.5
 -73.1 -51.4
 -73.1 -51.5
 -72.8 -51.6
 -72.7 -51.6
 -72.5 -51.8
 -72.5 -51.9
 -72.7 -51.9
 -72.7 -52.0
 -72.5 -52.2
 -72.5 -52.3
 -72.6 -52.4
 -72.5 -52.4
 -72.5 -52.5
 -72.7 -52.4
 -72.9 -52.5
 -72.9 -52.4
 -72.6 -52.3
 -72.5 -52.2
 -72.6 -52.1
 -72.7 -52.1
 -72.7 -52.0
 -72.8 -51.9
 -72.9 -52.0
 -72.9 -52.1
 -72.9 -52.2
 -72.8 -52.1
 -72.7 -52.1
 -72.8 -52.2
 -72.9 -52.3
 -73.0 -52.2
 -73.1 -52.2
 -73.0 -52.2
 -73.0 -52.1
 -73.1 -52.1
 -73.2 -52.1
 -73.2 -52.2
 -73.3 -52.2
 -73.5 -52.1
 -73.5 -52.2
 -73.7 -52.0
 -73.7 -52.1
 -73.6 -52.2
 -73.6 -52.4
 -73.7 -52.4
 -73.6 -52.4
 -73.5 -52.5
 -73.6 -52.5
 -73.5 -52.5
 -73.7 -52.6
 -73.6 -52.6
 -73.7 -52.7
 -73.6 -52.7
 -73.5 -52.7
 -73.4 -52.6
 -73.4 -52.5
 -73.3 -52.6
 -73.3 -52.7
 -73.2 -52.6
 -73.2 -52.5
 -73.2 -52.4
 -73.1 -52.5
 -73.2 -52.6
 -73.2 -52.7
 -73.3 -52.7
 -73.3 -52.8
 -73.2 -52.8
 -73.4 -52.8
 -73.6 -52.8
 -73.5 -52.8
 -73.2 -52.9
 -73.2 -53.0
 -73.4 -53.0
 -73.5 -53.0
 -73.2 -53.1
 -73.2 -53.0
 -73.2 -53.1
 -73.1 -53.1
 -73.0 -53.1
 -72.9 -53.0
 -73.0 -52.8
 -72.9 -52.8
 -72.8 -52.7
 -72.7 -52.7
 -72.7 -52.6
 -72.8 -52.6
 -73.0 -52.7
 -72.9 -52.6
 -72.9 -52.5
 -72.6 -52.6
 -72.4 -52.5
 -72.5 -52.5
 -72.5 -52.6
 -72.4 -52.7
 -72.4 -52.6
 -72.3 -52.5
 -72.1 -52.5
 -71.5 -52.6
 -71.7 -52.7
 -71.9 -52.7
 -72.0 -52.6
 -72.2 -52.7
 -72.4 -52.9
 -72.5 -52.8
 -72.6 -52.8
 -72.7 -52.9
 -72.6 -52.8
 -72.7 -52.7
 -73.0 -52.8
 -72.9 -53.0
 -72.9 -53.1
 -72.7 -53.1
 -72.7 -53.2
 -72.8 -53.1
 -72.7 -53.2
 -72.8 -53.2
 -72.7 -53.3
 -72.8 -53.3
 -72.8 -53.2
 -72.9 -53.2
 -73.3 -53.2
 -73.1 -53.3
 -72.8 -53.4
 -72.6 -53.5
 -72.4 -53.5
 -72.5 -53.4
 -72.6 -53.4
 -72.5 -53.4
 -72.5 -53.3
 -72.4 -53.3
 -72.4 -53.2
 -72.5 -53.2
 -72.3 -53.2
 -72.2 -53.2
 -72.3 -53.1
 -72.4 -53.1
 -72.6 -53.1
 -72.5 -53.1
 -72.2 -53.0
 -72.1 -53.1
 -72.0 -53.1
 -71.8 -53.0
 -71.4 -52.8
 -71.4 -52.7
 -71.4 -52.8
 -71.2 -52.8
 -71.1 -52.9
 -71.3 -53.1
 -71.4 -53.1
 -71.6 -53.2
 -71.7 -53.2
 -71.8 -53.5
 -72.0 -53.6
 -72.0 -53.5
 -71.8 -53.5
 -71.8 -53.4
 -71.8 -53.2
 -71.9 -53.2
 -72.0 -53.2
 -72.0 -53.3
 -72.0 -53.4
 -72.2 -53.4
 -72.1 -53.4
 -72.1 -53.3
 -72.3 -53.2
 -72.4 -53.3
 -72.4 -53.4
 -72.5 -53.4
 -72.4 -53.5
 -72.1 -53.7
 -72.0 -53.7
 -71.9 -53.7
 -71.7 -53.8
 -71.3 -53.9
 -71.1 -53.8
 -71.0 -53.8
 -70.9 -53.6
 -71.0 -53.4
 -70.9 -53.1
 -70.8 -53.0
 -70.8 -52.9
 -70.9 -52.9
 -70.7 -52.8
 -70.8 -52.8
 -70.9 -52.7
 -70.8 -52.7
 -70.6 -52.7
 -70.5 -52.6
 -70.5 -52.7
 -70.3 -52.6
 -70.2 -52.6
 -69.8 -52.5
 -69.7 -52.5
 -69.6 -52.5
 -69.6 -52.4
 -69.5 -52.4
 -69.5 -52.3
 -69.4 -52.3
 -69.3 -52.2
 -69.1 -52.2
 -68.8 -52.3
 -68.5 -52.3
 -68.4 -52.4
 -68.4 -52.3
 -69.2 -52.1
 -69.5 -52.1
 -70.0 -52.0
 -70.9 -52.0
 -71.9 -52.0
 -72.0 -52.0
 -71.9 -51.9
 -72.0 -51.8
 -72.3 -51.7
 -72.3 -51.6
 -72.4 -51.6
 -72.4 -51.5
 -72.3 -51.5
 -72.2 -51.2
 -72.4 -51.1
 -72.3 -51.0
 -72.2 -50.9
 -72.3 -50.7
 -72.3 -50.6
 -72.4 -50.6
 -72.5 -50.6
 -72.6 -50.7
 -72.7 -50.6
 -72.8 -50.6
 -73.0 -50.7
 -73.1 -50.8
 -73.2 -50.7
 -73.3 -50.6
 -73.3 -50.4
 -73.3 -50.3
 -73.4 -50.2
 -73.5 -50.1
 -73.5 -50.0
 -73.6 -49.9
 -73.4 -49.8
 -73.5 -49.7
 -73.5 -49.6
 -73.6 -49.5
 -73.5 -49.5
 -73.5 -49.4
 -73.4 -49.4
 -73.5 -49.3
 -73.1 -49.3
 -73.2 -49.2
 -73.1 -49.1
 -73.0 -49.0
 -72.8 -48.9
 -72.7 -48.9
 -72.6 -48.8
 -72.6 -48.7
 -72.6 -48.5
 -72.3 -48.3
 -72.3 -48.1
 -72.5 -47.9
 -72.3 -47.5
 -72.4 -47.5
 -72.3 -47.4
 -72.2 -47.4
 -72.0 -47.3
 -72.0 -47.2
 -71.9 -47.2
 -71.9 -47.1
 -72.0 -47.1
 -72.0 -47.0
 -71.9 -47.0
 -72.0 -46.9
 -71.9 -46.8
 -71.8 -46.8
 -71.7 -46.7
 -71.7 -46.5
 -71.8 -46.3
 -71.8 -46.2
 -71.9 -46.2
 -71.9 -46.1
 -71.8 -46.1
 -71.6 -46.0
 -71.6 -45.9
 -71.8 -45.8
 -71.8 -45.7
 -71.7 -45.6
 -71.7 -45.5
 -71.5 -45.5
 -71.5 -45.4
 -71.3 -45.3
 -71.3 -45.2
 -71.5 -45.2
 -71.5 -45.1
 -71.6 -45.0
 -72.1 -44.9
 -72.1 -44.8
 -71.9 -44.8
 -71.5 -44.7
 -71.3 -44.8
 -71.2 -44.7
 -71.2 -44.6
 -71.1 -44.6
 -71.1 -44.5
 -71.2 -44.4
 -71.8 -44.4
 -71.9 -44.4
 -71.8 -44.3
 -71.9 -44.1
 -71.7 -44.0
 -71.6 -43.9
 -71.7 -43.9
 -71.7 -43.8
 -71.8 -43.8
 -71.8 -43.7
 -71.7 -43.7
 -71.7 -43.6
 -71.9 -43.5
 -71.8 -43.5
 -71.9 -43.5
 -71.9 -43.4
 -71.7 -43.3
 -71.7 -43.2
 -71.8 -43.2
 -72.1 -43.1
 -72.1 -43.0
 -72.1 -42.8
 -72.1 -42.7
 -72.1 -42.5
 -72.0 -42.5
 -72.1 -42.4
 -72.0 -42.4
 -72.1 -42.3
 -72.0 -42.1
 -71.9 -42.2
 -71.7 -42.1
 -71.9 -41.6
 -71.8 -41.6
 -71.9 -41.4
 -71.9 -41.1
 -71.8 -41.0
 -72.0 -40.7
 -71.8 -40.5
 -71.8 -40.4
 -71.7 -40.4
 -71.7 -40.3
 -71.8 -40.2
 -71.8 -40.1
 -71.7 -40.1
 -71.6 -39.9
 -71.7 -39.9
 -71.7 -39.6
 -71.5 -39.6
 -71.5 -39.5
 -71.5 -39.4
 -71.4 -39.3
 -71.4 -39.1
 -71.4 -39.0
 -71.4 -38.9
 -71.1 -38.8
 -70.9 -38.7
 -70.9 -38.6
 -70.8 -38.6
 -71.0 -38.4
 -71.1 -37.9
 -71.2 -37.7
 -71.2 -37.6
 -71.1 -37.5
 -71.2 -37.3
 -71.1 -37.1
 -71.2 -37.0
 -71.1 -37.0
 -71.2 -36.8
 -71.1 -36.7
 -71.0 -36.7
 -71.1 -36.6
 -71.0 -36.5
 -70.9 -36.5
 -70.9 -36.4
 -70.7 -36.4
 -70.7 -36.3
 -70.6 -36.1
 -70.4 -36.1
 -70.4 -36.0
 -70.3 -35.8
 -70.4 -35.6
 -70.4 -35.5
 -70.5 -35.4
 -70.4 -35.3
 -70.6 -35.3
 -70.5 -35.2
 -70.4 -35.2
 -70.4 -35.1
 -70.4 -35.0
 -70.3 -34.8
 -70.3 -34.7
 -70.2 -34.7
 -70.2 -34.6
 -70.0 -34.4
 -70.1 -34.3
 -70.0 -34.3
 -69.8 -34.3
 -69.8 -34.2
 -69.9 -34.1
 -69.8 -34.0
 -69.9 -34.0
 -69.9 -33.8
 -69.8 -33.7
 -69.9 -33.6
 -69.8 -33.4
 -69.8 -33.3
 -69.9 -33.2
 -70.0 -33.3
 -70.1 -33.2
 -70.1 -33.0
 -70.0 -32.9
 -70.1 -32.8
 -70.2 -32.6
 -70.1 -32.5
 -70.2 -32.5
 -70.2 -32.4
 -70.2 -32.3
 -70.3 -32.2
 -70.4 -32.1
 -70.3 -32.0
 -70.2 -32.0
 -70.3 -31.9
 -70.4 -31.9
 -70.5 -31.8
 -70.6 -31.6
 -70.5 -31.2
 -70.5 -31.1
 -70.4 -31.1
 -70.4 -31.2
 -70.3 -31.1
 -70.3 -31.0
 -70.3 -30.8
 -70.1 -30.4
 -70.2 -30.4
 -70.1 -30.4
 -70.0 -30.4
 -69.9 -30.4
 -69.9 -30.3
 -69.8 -30.2
 -69.8 -30.1
 -70.0 -30.1
 -69.9 -29.8
 -69.9 -29.7
 -70.0 -29.7
 -70.0 -29.4
 -70.0 -29.3
 -69.8 -29.1
 -69.7 -28.6
 -69.7 -28.4
 -69.5 -28.3
 -69.5 -28.2
 -69.4 -28.2
 -69.3 -28.0
 -69.2 -28.0
 -69.0 -27.5
 -68.9 -27.4
 -68.9 -27.3
 -68.9 -27.2
 -68.8 -27.1
 -68.7 -27.1
 -68.6 -27.2
 -68.5 -27.1
 -68.3 -27.0
 -68.3 -26.9
 -68.6 -26.5
 -68.6 -26.3
 -68.4 -26.2
 -68.5 -25.8
 -68.6 -25.5
 -68.6 -25.4
 -68.5 -25.2
 -68.4 -25.1
 -68.5 -24.9
 -68.6 -24.8
 -68.5 -24.6
 -68.4 -24.6
 -68.4 -24.5
 -68.3 -24.5
 -68.3 -24.4
 -67.3 -24.0
 -67.2 -23.4
 -67.0 -23.0
 -67.2 -22.8
 -67.6 -22.9
 -67.8 -22.9
 -67.9 -22.8
 -67.9 -22.4
 -67.9 -22.3
 -67.9 -22.2
 -68.0 -22.1
 -68.1 -22.0
 -68.1 -21.7
 -68.2 -21.6
 -68.2 -21.3
 -68.4 -20.9
 -68.5 -20.9
 -68.6 -20.9
 -68.6 -20.7
 -68.5 -20.6
 -68.7 -20.5
 -68.7 -20.4
 -68.8 -20.4
 -68.7 -20.3
 -68.7 -20.2
 -68.7 -20.1
 -68.8 -20.1
 -68.7 -20.1
 -68.6 -20.1
 -68.5 -19.8
 -68.7 -19.7
 -68.5 -19.4
 -68.4 -19.4
 -68.5 -19.4
 -68.7 -19.2
 -69.0 -19.0
 -68.9 -18.9
 -69.0 -18.7
 -69.0 -18.5
 -69.1 -18.1
 -69.1 -18.0
 -69.3 -18.0
 -69.3 -17.8
 -69.5 -17.6
 -69.5 -17.5
 -69.7 -17.7
 -69.8 -17.7
 -69.8 -17.9
 -69.8 -18.1
 -70.0 -18.3
 -70.2 -18.3
 -70.4 -18.3
 

-70.4 -18.3
 -70.3 -18.4
 -70.3 -18.9
 -70.2 -19.4
 -70.2 -19.6
 -70.2 -19.7
 -70.2 -20.2
 -70.1 -20.3
 -70.2 -20.5
 -70.2 -20.7
 -70.1 -20.9
 -70.2 -21.0
 -70.1 -21.3
 -70.1 -21.4
 -70.2 -21.9
 -70.2 -22.4
 -70.3 -22.9
 -70.3 -23.0
 -70.4 -23.1
 -70.5 -23.1
 -70.5 -23.0
 -70.6 -23.1
 -70.6 -23.2
 -70.6 -23.5
 -70.5 -23.5
 -70.4 -23.5
 -70.4 -23.6
 -70.4 -23.7
 -70.5 -23.8
 -70.5 -23.9
 -70.5 -24.2
 -70.6 -24.5
 -70.6 -24.7
 -70.5 -24.8
 -70.5 -25.0
 -70.5 -25.1
 -70.4 -25.2
 -70.4 -25.4
 -70.5 -25.4
 -70.5 -25.5
 -70.6 -25.5
 -70.6 -25.6
 -70.7 -25.8
 -70.6 -26.0
 -70.7 -26.3
 -70.6 -26.3
 -70.7 -26.5
 -70.7 -26.6
 -70.8 -26.9
 -70.8 -27.0
 -70.9 -27.1
 -71.0 -27.2
 -70.9 -27.3
 -71.0 -27.4
 -70.9 -27.5
 -70.9 -27.6
 -71.0 -27.7
 -71.2 -28.2
 -71.2 -28.4
 -71.3 -28.6
 -71.3 -28.7
 -71.5 -28.9
 -71.5 -29.0
 -71.5 -29.2
 -71.4 -29.3
 -71.3 -29.4
 -71.3 -29.6
 -71.3 -29.8
 -71.3 -29.9
 -71.4 -30.0
 -71.4 -30.1
 -71.4 -30.2
 -71.5 -30.3
 -71.6 -30.2
 -71.7 -30.5
 -71.7 -30.9
 -71.7 -31.1
 -71.6 -31.2
 -71.6 -31.6
 -71.5 -31.8
 -71.5 -32.2
 -71.4 -32.4
 -71.5 -32.5
 -71.4 -32.6
 -71.5 -32.7
 -71.5 -32.8
 -71.6 -33.0
 -71.8 -33.1
 -71.7 -33.3
 -71.7 -33.4
 -71.6 -33.5
 -71.7 -33.7
 -71.8 -33.8
 -72.0 -34.1
 -72.0 -34.4
 -72.1 -34.4
 -72.1 -34.6
 -72.2 -34.8
 -72.2 -34.9
 -72.2 -35.1
 -72.4 -35.2
 -72.5 -35.5
 -72.6 -35.6
 -72.7 -35.6
 -72.6 -35.7
 -72.6 -35.8
 -72.8 -36.0
 -72.9 -36.4
 -72.9 -36.5
 -73.0 -36.5
 -73.0 -36.6
 -73.0 -36.7
 -73.1 -36.7
 -73.1 -36.6
 -73.1 -36.7
 -73.2 -36.8
 -73.1 -36.8
 -73.2 -37.1
 -73.2 -37.2
 -73.3 -37.2
 -73.5 -37.2
 -73.6 -37.1
 -73.6 -37.2
 -73.7 -37.3
 -73.6 -37.4
 -73.6 -37.5
 -73.7 -37.6
 -73.7 -37.7
 -73.5 -38.0
 -73.5 -38.1
 -73.5 -38.2
 -73.5 -38.3
 -73.5 -38.5
 -73.4 -38.7
 -73.3 -39.2
 -73.2 -39.3
 -73.3 -39.6
 -73.4 -39.7
 -73.4 -39.9
 -73.4 -39.8
 -73.5 -39.8
 -73.6 -39.9
 -73.7 -39.9
 -73.7 -40.0
 -73.7 -40.1
 -73.7 -40.3
 -73.7 -40.5
 -73.8 -40.6
 -73.9 -40.6
 -73.9 -40.7
 -73.9 -40.8
 -73.9 -40.9
 -74.0 -41.0
 -74.0 -41.2
 -73.9 -41.3
 -73.8 -41.6
 -73.6 -41.6
 -73.5 -41.5
 -73.6 -41.6
 -73.7 -41.7
 -73.8 -41.8
 -73.4 -41.8
 -73.3 -41.8
 -73.2 -41.8
 -73.1 -41.7
 -73.1 -41.6
 -73.0 -41.5
 -72.9 -41.5
 -72.8 -41.5
 -72.7 -41.7
 -72.6 -41.7
 -72.4 -41.7
 -72.4 -41.5
 -72.3 -41.4
 -72.3 -41.6
 -72.4 -41.7
 -72.6 -41.7
 -72.7 -41.7
 -72.9 -41.9
 -72.7 -42.0
 -72.6 -42.0
 -72.5 -42.0
 -72.5 -42.1
 -72.4 -42.2
 -72.5 -42.3
 -72.4 -42.4
 -72.5 -42.5
 -72.6 -42.2
 -72.8 -42.3
 -72.7 -42.5
 -72.5 -42.5
 -72.6 -42.6
 -72.7 -42.5
 -72.8 -42.5
 -72.9 -42.6
 -72.9 -42.8
 -72.8 -42.9
 -72.7 -42.9
 -72.7 -43.1
 -72.8 -43.1
 -72.8 -43.0
 -72.9 -43.1
 -72.9 -43.2
 -73.1 -43.3
 -73.1 -43.4
 -73.0 -43.6
 -72.9 -43.6
 -73.0 -43.6
 -73.1 -43.7
 -73.0 -43.7
 -72.9 -43.8
 -72.9 -43.7
 -72.8 -43.8
 -73.0 -43.8
 -73.1 -44.0
 -73.1 -44.1
 -73.2 -44.1
 -73.3 -44.1
 -73.3 -44.2
 -73.2 -44.2
 -73.1 -44.1
 -73.1 -44.2
 -73.2 -44.2
 -73.2 -44.3
 -72.9 -44.3
 -72.8 -44.4
 -72.7 -44.5
 -72.6 -44.3
 -72.6 -44.5
 -72.7 -44.5
 -72.7 -44.8
 -72.8 -44.8
 -73.2 -45.0
 -73.4 -45.0
 -73.4 -45.1
 -73.3 -45.1
 -73.3 -45.2
 -73.4 -45.2
 -73.5 -45.3
 -73.4 -45.3
 -73.3 -45.3
 -73.3 -45.2
 -73.1 -45.3
 -73.0 -45.4
 -72.8 -45.4
 -72.9 -45.5
 -73.0 -45.5
 -73.2 -45.3
 -73.3 -45.3
 -73.3 -45.4
 -73.4 -45.4
 -73.4 -45.5
 -73.4 -45.4
 -73.5 -45.5
 -73.6 -45.8
 -73.3 -45.6
 -73.2 -45.7
 -73.4 -45.7
 -73.5 -45.8
 -73.6 -45.8
 -73.5 -45.9
 -73.6 -45.9
 -73.7 -46.0
 -73.6 -46.1
 -73.7 -46.3
 -73.6 -46.3
 -73.6 -46.2
 -73.4 -46.0
 -73.3 -46.0
 -73.5 -46.2
 -73.6 -46.3
 -73.5 -46.3
 -73.6 -46.3
 -73.7 -46.4
 -73.8 -46.5
 -73.8 -46.6
 -73.9 -46.6
 -74.0 -46.6
 -73.8 -46.4
 -73.8 -46.2
 -73.9 -46.1
 -74.0 -46.1
 -74.0 -46.2
 -73.9 -46.3
 -74.0 -46.3
 -74.1 -46.2
 -74.0 -46.2
 -74.3 -46.3
 -74.5 -46.2
 -74.4 -46.2
 -74.3 -46.3
 -74.1 -46.2
 -74.0 -46.1
 -74.0 -46.0
 -74.1 -46.0
 -74.1 -46.1
 -74.2 -46.1
 -74.1 -46.1
 -74.1 -46.0
 -74.2 -46.0
 -74.1 -46.0
 -74.1 -45.9
 -74.2 -45.9
 -74.1 -45.9
 -74.1 -45.8
 -74.2 -45.8
 -74.3 -45.8
 -74.5 -45.8
 -74.4 -46.0
 -74.5 -46.0
 -74.5 -45.9
 -74.6 -45.8
 -74.7 -45.8
 -74.7 -45.9
 -74.7 -46.0
 -74.8 -46.0
 -74.8 -46.1
 -74.8 -46.2
 -74.9 -46.1
 -75.0 -46.2
 -74.9 -46.3
 -75.0 -46.2
 -75.1 -46.2
 -75.1 -46.3
 -75.1 -46.4
 -75.2 -46.3
 -75.2 -46.4
 -75.3 -46.4
 -75.4 -46.4
 -75.4 -46.5
 -75.5 -46.5
 -75.6 -46.6
 -75.7 -46.7
 -75.7 -46.8
 -75.6 -46.9
 -75.5 -47.0
 -75.4 -46.9
 -75.3 -46.9
 -75.4 -46.9
 -75.4 -46.8
 -75.5 -46.8
 -75.4 -46.7
 -75.5 -46.7
 -75.6 -46.8
 -75.7 -46.8
 -75.5 -46.7
 -75.4 -46.6
 -75.3 -46.6
 -75.1 -46.6
 -75.0 -46.4
 -74.9 -46.5
 -75.1 -46.6
 -75.1 -46.7
 -74.9 -46.8
 -74.7 -46.8
 -74.7 -46.9
 -74.5 -46.9
 -74.4 -46.9
 -74.7 -46.9
 -74.7 -46.8
 -74.5 -46.8
 -74.6 -46.7
 -74.3 -46.8
 -74.2 -46.9
 -74.1 -46.8
 -74.2 -46.9
 -74.1 -47.0
 -73.9 -47.0
 -74.1 -47.2
 -74.0 -47.2
 -74.0 -47.3
 -74.0 -47.2
 -74.1 -47.2
 -74.1 -47.3
 -74.2 -47.2
 -74.3 -47.2
 -74.5 -47.4
 -74.5 -47.5
 -74.5 -47.4
 -74.4 -47.5
 -74.5 -47.5
 -74.4 -47.5
 -74.3 -47.6
 -74.1 -47.6
 -74.0 -47.6
 -74.1 -47.6
 -74.2 -47.6
 -74.3 -47.6
 -74.3 -47.7
 -74.5 -47.7
 -74.4 -47.7
 -74.4 -47.6
 -74.5 -47.6
 -74.6 -47.6
 -74.6 -47.7
 -74.6 -47.6
 -74.7 -47.7
 -74.5 -47.8
 -74.4 -47.7
 -74.4 -47.8
 -74.1 -47.8
 -74.0 -47.8
 -73.9 -47.8
 -73.8 -47.8
 -73.8 -47.7
 -73.7 -47.6
 -73.7 -47.5
 -73.7 -47.6
 -73.7 -47.7
 -73.7 -47.8
 -73.6 -47.8
 -73.6 -47.9
 -73.5 -47.9
 -73.5 -48.0
 -73.3 -48.0
 -73.2 -48.0
 -73.5 -48.0
 -73.6 -47.9
 -73.6 -48.0
 -73.5 -48.1
 -73.4 -48.2
 -73.3 -48.1
 -73.3 -48.2
 -73.4 -48.2
 -73.5 -48.2
 -73.6 -48.2
 -73.6 -48.1
 -73.7 -48.1
 -73.8 -48.1
 -73.8 -48.0
 -73.8 -48.1
 -73.9 -48.1
 -73.9 -48.0
 -74.3 -48.0
 -74.3 -48.1
 -74.2 -48.2
 -74.3 -48.0
 -74.5 -48.0
 -74.6 -48.0
 -74.7 -48.0
 -74.6 -48.1
 -74.5 -48.0
 -74.5 -48.1
 -74.4 -48.2
 -74.3 -48.2
 -74.3 -48.3
 -74.1 -48.3
 -74.2 -48.3
 -74.0 -48.4
 -73.9 -48.4
 -74.0 -48.4
 -74.0 -48.5
 -74.0 -48.6
 -74.1 -48.5
 -74.2 -48.5
 -74.4 -48.6
 -74.4 -48.7
 -74.3 -48.7
 -74.2 -48.7
 -74.1 -48.7
 -74.4 -48.7
 -74.4 -48.8
 -74.4 -48.9
 -74.4 -49.0
 -74.5 -49.0
 -74.5 -49.1
 -74.4 -49.1
 -74.4 -49.3
 -74.4 -49.4
 -74.2 -49.5
 -74.2 -49.3
 -74.2 -49.2
 -74.1 -49.2
 -74.0 -49.2
 -74.1 -49.0
 -73.9 -49.0
 -73.8 -49.0
 -73.8 -49.1
 -73.9 -49.0
 -74.0 -49.1
 -74.0 -49.2
 -73.9 -49.3
 -74.0 -49.3
 -74.1 -49.3
 -74.1 -49.5
 -73.9 -49.5
 -73.8 -49.6
 -73.7 -49.7
 -73.7 -49.8
 -73.9 -49.6
 -74.0 -49.6
 -74.1 -49.5
 -74.3 -49.6
 -74.3 -49.7
 -74.1 -49.7
 -74.3 -49.8
 -74.3 -49.9
 -74.2 -49.9
 -74.1 -50.0
 -74.0 -50.0
 -73.9 -49.9
 -74.0 -50.0
 -73.9 -50.0
 -74.2 -50.0
 -74.3 -49.9
 -74.4 -50.0
 -74.3 -50.1
 -74.2 -50.1
 -74.2 -50.2
 -74.0 -50.2
 -73.9 -50.3
 -74.0 -50.3
 -74.1 -50.2
 -74.2 -50.3
 -74.3 -50.2
 -74.3 -50.1
 -74.5 -50.1
 -74.6 -50.1
 -74.7 -50.2
 -74.5 -50.2
 -74.5 -50.3
 -74.4 -50.4
 -74.3 -50.3
 -74.3 -50.4
 -74.1 -50.4
 -74.0 -50.4
 -74.1 -50.4
 -74.1 -50.5
 -74.0 -50.5
 -73.9 -50.5
 -74.0 -50.5
 -74.1 -50.5
 -74.1 -50.6
 -74.2 -50.5
 -74.3 -50.5
 -74.2 -50.6
 -74.1 -50.7
 -74.1 -50.8
 -74.0 -50.8
 -73.9 -50.8
 -73.8 -50.8
 -73.8 -50.5
 -73.7 -50.5
 -73.6 -50.5
 -73.6 -50.4
 -73.6 -50.5
 -73.7 -50.5
 -73.7 -50.6
 -73.5 -50.7
 -73.6 -50.6
 -73.7 -50.7
 -73.8 -50.7
 -73.7 -50.8
 -73.8 -50.8
 -73.9 -50.8
 -73.8 -50.9
 -73.8 -51.0
 -73.9 -50.9
 -74.2 -50.9
 -74.3 -50.9
 -74.2 -51.0
 -74.1 -51.0
 -74.2 -51.1
 -74.1 -51.2
 -74.0 -51.2
 -74.0 -51.1
 -73.9 -51.2
 -73.8 -51.2
 -73.8 -51.1
 -73.7 -51.1
 -73.7 -51.2
 -73.7 -51.3
 -73.7 -51.2
 -73.8 -51.2
 -73.7 -51.3
 -73.7 -51.4
 -73.6 -51.6
 -73.8 -51.4
 -73.9 -51.4
 -73.9 -51.5
 -73.8 -51.5
 -73.9 -51.6
 -73.7 -51.7
 -73.8 -51.7
 -73.7 -51.8
 -73.7 -51.7
 -73.5 -51.7
 -73.6 -51.7
 -73.6 -51.8
 -73.5 -51.9
 -73.4 -52.0
 -73.6 -51.8
 -73.6 -51.9
 -73.6 -52.0
 -73.3 -52.2
 -73.3 -52.0
 -73.4 -51.7
 -73.3 -51.7
 -73.2 -52.1
 -73.1 -51.9
 -72.9 -51.9
 -72.9 -51.8
 -73.0 -51.8
 -73.2 -51.9
 -73.1 -51.8
 -73.0 -51.8
 -73.1 -51.8
 -73.0 -51.8
 -73.0 -51.7
 -73.1 -51.7
 -73.2 -51.7
 -73.3 -51.6
 -73.2 -51.6
 -73.2 -51.7
 -73.0 -51.7
 -73.0 -51.8
 -72.6 -51.8
 -72.6 -51.7
 -72.7 -51.7
 -72.8 -51.6
 -73.0 -51.5
 -73.1 -51.6
 -73.0 -51.5
 -73.3 -51.5
 -73.2 -51.5
 -73.1 -51.4
 -73.1 -51.5
 -72.8 -51.6
 -72.7 -51.6
 -72.5 -51.8
 -72.5 -51.9
 -72.7 -51.9
 -72.7 -52.0
 -72.5 -52.2
 -72.5 -52.3
 -72.6 -52.4
 -72.5 -52.4
 -72.5 -52.5
 -72.7 -52.4
 -72.9 -52.5
 -72.9 -52.4
 -72.6 -52.3
 -72.5 -52.2
 -72.6 -52.1
 -72.7 -52.1
 -72.7 -52.0
 -72.8 -51.9
 -72.9 -52.0
 -72.9 -52.1
 -72.9 -52.2
 -72.8 -52.1
 -72.7 -52.1
 -72.8 -52.2
 -72.9 -52.3
 -73.0 -52.2
 -73.1 -52.2
 -73.0 -52.2
 -73.0 -52.1
 -73.1 -52.1
 -73.2 -52.1
 -73.2 -52.2
 -73.3 -52.2
 -73.5 -52.1
 -73.5 -52.2
 -73.7 -52.0
 -73.7 -52.1
 -73.6 -52.2
 -73.6 -52.4
 -73.7 -52.4
 -73.6 -52.4
 -73.5 -52.5
 -73.6 -52.5
 -73.5 -52.5
 -73.7 -52.6
 -73.6 -52.6
 -73.7 -52.7
 -73.6 -52.7
 -73.5 -52.7
 -73.4 -52.6
 -73.4 -52.5
 -73.3 -52.6
 -73.3 -52.7
 -73.2 -52.6
 -73.2 -52.5
 -73.2 -52.4
 -73.1 -52.5
 -73.2 -52.6
 -73.2 -52.7
 -73.3 -52.7
 -73.3 -52.8
 -73.2 -52.8
 -73.4 -52.8
 -73.6 -52.8
 -73.5 -52.8
 -73.2 -52.9
 -73.2 -53.0
 -73.4 -53.0
 -73.5 -53.0
 -73.2 -53.1
 -73.2 -53.0
 -73.2 -53.1
 -73.1 -53.1
 -73.0 -53.1
 -72.9 -53.0
 -73.0 -52.8
 -72.9 -52.8
 -72.8 -52.7
 -72.7 -52.7
 -72.7 -52.6
 -72.8 -52.6
 -73.0 -52.7
 -72.9 -52.6
 -72.9 -52.5
 -72.6 -52.6
 -72.4 -52.5
 -72.5 -52.5
 -72.5 -52.6
 -72.4 -52.7
 -72.4 -52.6
 -72.3 -52.5
 -72.1 -52.5
 -71.5 -52.6
 -71.7 -52.7
 -71.9 -52.7
 -72.0 -52.6
 -72.2 -52.7
 -72.4 -52.9
 -72.5 -52.8
 -72.6 -52.8
 -72.7 -52.9
 -72.6 -52.8
 -72.7 -52.7
 -73.0 -52.8
 -72.9 -53.0
 -72.9 -53.1
 -72.7 -53.1
 -72.7 -53.2
 -72.8 -53.1
 -72.7 -53.2
 -72.8 -53.2
 -72.7 -53.3
 -72.8 -53.3
 -72.8 -53.2
 -72.9 -53.2
 -73.3 -53.2
 -73.1 -53.3
 -72.8 -53.4
 -72.6 -53.5
 -72.4 -53.5
 -72.5 -53.4
 -72.6 -53.4
 -72.5 -53.4
 -72.5 -53.3
 -72.4 -53.3
 -72.4 -53.2
 -72.5 -53.2
 -72.3 -53.2
 -72.2 -53.2
 -72.3 -53.1
 -72.4 -53.1
 -72.6 -53.1
 -72.5 -53.1
 -72.2 -53.0
 -72.1 -53.1
 -72.0 -53.1
 -71.8 -53.0
 -71.4 -52.8
 -71.4 -52.7
 -71.4 -52.8
 -71.2 -52.8
 -71.1 -52.9
 -71.3 -53.1
 -71.4 -53.1
 -71.6 -53.2
 -71.7 -53.2
 -71.8 -53.5
 -72.0 -53.6
 -72.0 -53.5
 -71.8 -53.5
 -71.8 -53.4
 -71.8 -53.2
 -71.9 -53.2
 -72.0 -53.2
 -72.0 -53.3
 -72.0 -53.4
 -72.2 -53.4
 -72.1 -53.4
 -72.1 -53.3
 -72.3 -53.2
 -72.4 -53.3
 -72.4 -53.4
 -72.5 -53.4
 -72.4 -53.5
 -72.1 -53.7
 -72.0 -53.7
 -71.9 -53.7
 -71.7 -53.8
 -71.3 -53.9
 -71.1 -53.8
 -71.0 -53.8
 -70.9 -53.6
 -71.0 -53.4
 -70.9 -53.1
 -70.8 -53.0
 -70.8 -52.9
 -70.9 -52.9
 -70.7 -52.8
 -70.8 -52.8
 -70.9 -52.7
 -70.8 -52.7
 -70.6 -52.7
 -70.5 -52.6
 -70.5 -52.7
 -70.3 -52.6
 -70.2 -52.6
 -69.8 -52.5
 -69.7 -52.5
 -69.6 -52.5
 -69.6 -52.4
 -69.5 -52.4
 -69.5 -52.3
 -69.4 -52.3
 -69.3 -52.2
 -69.1 -52.2
 -68.8 -52.3
 -68.5 -52.3
 -68.4 -52.4
 -68.4 -52.3
 -69.2 -52.1
 -69.5 -52.1
 -70.0 -52.0
 -70.9 -52.0
 -71.9 -52.0
 -72.0 -52.0
 -71.9 -51.9
 -72.0 -51.8
 -72.3 -51.7
 -72.3 -51.6
 -72.4 -51.6
 -72.4 -51.5
 -72.3 -51.5
 -72.2 -51.2
 -72.4 -51.1
 -72.3 -51.0
 -72.2 -50.9
 -72.3 -50.7
 -72.3 -50.6
 -72.4 -50.6
 -72.5 -50.6
 -72.6 -50.7
 -72.7 -50.6
 -72.8 -50.6
 -73.0 -50.7
 -73.1 -50.8
 -73.2 -50.7
 -73.3 -50.6
 -73.3 -50.4
 -73.3 -50.3
 -73.4 -50.2
 -73.5 -50.1
 -73.5 -50.0
 -73.6 -49.9
 -73.4 -49.8
 -73.5 -49.7
 -73.5 -49.6
 -73.6 -49.5
 -73.5 -49.5
 -73.5 -49.4
 -73.4 -49.4
 -73.5 -49.3
 -73.1 -49.3
 -73.2 -49.2
 -73.1 -49.1
 -73.0 -49.0
 -72.8 -48.9
 -72.7 -48.9
 -72.6 -48.8
 -72.6 -48.7
 -72.6 -48.5
 -72.3 -48.3
 -72.3 -48.1
 -72.5 -47.9
 -72.3 -47.5
 -72.4 -47.5
 -72.3 -47.4
 -72.2 -47.4
 -72.0 -47.3
 -72.0 -47.2
 -71.9 -47.2
 -71.9 -47.1
 -72.0 -47.1
 -72.0 -47.0
 -71.9 -47.0
 -72.0 -46.9
 -71.9 -46.8
 -71.8 -46.8
 -71.7 -46.7
 -71.7 -46.5
 -71.8 -46.3
 -71.8 -46.2
 -71.9 -46.2
 -71.9 -46.1
 -71.8 -46.1
 -71.6 -46.0
 -71.6 -45.9
 -71.8 -45.8
 -71.8 -45.7
 -71.7 -45.6
 -71.7 -45.5
 -71.5 -45.5
 -71.5 -45.4
 -71.3 -45.3
 -71.3 -45.2
 -71.5 -45.2
 -71.5 -45.1
 -71.6 -45.0
 -72.1 -44.9
 -72.1 -44.8
 -71.9 -44.8
 -71.5 -44.7
 -71.3 -44.8
 -71.2 -44.7
 -71.2 -44.6
 -71.1 -44.6
 -71.1 -44.5
 -71.2 -44.4
 -71.8 -44.4
 -71.9 -44.4
 -71.8 -44.3
 -71.9 -44.1
 -71.7 -44.0
 -71.6 -43.9
 -71.7 -43.9
 -71.7 -43.8
 -71.8 -43.8
 -71.8 -43.7
 -71.7 -43.7
 -71.7 -43.6
 -71.9 -43.5
 -71.8 -43.5
 -71.9 -43.5
 -71.9 -43.4
 -71.7 -43.3
 -71.7 -43.2
 -71.8 -43.2
 -72.1 -43.1
 -72.1 -43.0
 -72.1 -42.8
 -72.1 -42.7
 -72.1 -42.5
 -72.0 -42.5
 -72.1 -42.4
 -72.0 -42.4
 -72.1 -42.3
 -72.0 -42.1
 -71.9 -42.2
 -71.7 -42.1
 -71.9 -41.6
 -71.8 -41.6
 -71.9 -41.4
 -71.9 -41.1
 -71.8 -41.0
 -72.0 -40.7
 -71.8 -40.5
 -71.8 -40.4
 -71.7 -40.4
 -71.7 -40.3
 -71.8 -40.2
 -71.8 -40.1
 -71.7 -40.1
 -71.6 -39.9
 -71.7 -39.9
 -71.7 -39.6
 -71.5 -39.6
 -71.5 -39.5
 -71.5 -39.4
 -71.4 -39.3
 -71.4 -39.1
 -71.4 -39.0
 -71.4 -38.9
 -71.1 -38.8
 -70.9 -38.7
 -70.9 -38.6
 -70.8 -38.6
 -71.0 -38.4
 -71.1 -37.9
 -71.2 -37.7
 -71.2 -37.6
 -71.1 -37.5
 -71.2 -37.3
 -71.1 -37.1
 -71.2 -37.0
 -71.1 -37.0
 -71.2 -36.8
 -71.1 -36.7
 -71.0 -36.7
 -71.1 -36.6
 -71.0 -36.5
 -70.9 -36.5
 -70.9 -36.4
 -70.7 -36.4
 -70.7 -36.3
 -70.6 -36.1
 -70.4 -36.1
 -70.4 -36.0
 -70.3 -35.8
 -70.4 -35.6
 -70.4 -35.5
 -70.5 -35.4
 -70.4 -35.3
 -70.6 -35.3
 -70.5 -35.2
 -70.4 -35.2
 -70.4 -35.1
 -70.4 -35.0
 -70.3 -34.8
 -70.3 -34.7
 -70.2 -34.7
 -70.2 -34.6
 -70.0 -34.4
 -70.1 -34.3
 -70.0 -34.3
 -69.8 -34.3
 -69.8 -34.2
 -69.9 -34.1
 -69.8 -34.0
 -69.9 -34.0
 -69.9 -33.8
 -69.8 -33.7
 -69.9 -33.6
 -69.8 -33.4
 -69.8 -33.3
 -69.9 -33.2
 -70.0 -33.3
 -70.1 -33.2
 -70.1 -33.0
 -70.0 -32.9
 -70.1 -32.8
 -70.2 -32.6
 -70.1 -32.5
 -70.2 -32.5
 -70.2 -32.4
 -70.2 -32.3
 -70.3 -32.2
 -70.4 -32.1
 -70.3 -32.0
 -70.2 -32.0
 -70.3 -31.9
 -70.4 -31.9
 -70.5 -31.8
 -70.6 -31.6
 -70.5 -31.2
 -70.5 -31.1
 -70.4 -31.1
 -70.4 -31.2
 -70.3 -31.1
 -70.3 -31.0
 -70.3 -30.8
 -70.1 -30.4
 -70.2 -30.4
 -70.1 -30.4
 -70.0 -30.4
 -69.9 -30.4
 -69.9 -30.3
 -69.8 -30.2
 -69.8 -30.1
 -70.0 -30.1
 -69.9 -29.8
 -69.9 -29.7
 -70.0 -29.7
 -70.0 -29.4
 -70.0 -29.3
 -69.8 -29.1
 -69.7 -28.6
 -69.7 -28.4
 -69.5 -28.3
 -69.5 -28.2
 -69.4 -28.2
 -69.3 -28.0
 -69.2 -28.0
 -69.0 -27.5
 -68.9 -27.4
 -68.9 -27.3
 -68.9 -27.2
 -68.8 -27.1
 -68.7 -27.1
 -68.6 -27.2
 -68.5 -27.1
 -68.3 -27.0
 -68.3 -26.9
 -68.6 -26.5
 -68.6 -26.3
 -68.4 -26.2
 -68.5 -25.8
 -68.6 -25.5
 -68.6 -25.4
 -68.5 -25.2
 -68.4 -25.1
 -68.5 -24.9
 -68.6 -24.8
 -68.5 -24.6
 -68.4 -24.6
 -68.4 -24.5
 -68.3 -24.5
 -68.3 -24.4
 -67.3 -24.0
 -67.2 -23.4
 -67.0 -23.0
 -67.2 -22.8
 -67.6 -22.9
 -67.8 -22.9
 -67.9 -22.8
 -67.9 -22.4
 -67.9 -22.3
 -67.9 -22.2
 -68.0 -22.1
 -68.1 -22.0
 -68.1 -21.7
 -68.2 -21.6
 -68.2 -21.3
 -68.4 -20.9
 -68.5 -20.9
 -68.6 -20.9
 -68.6 -20.7
 -68.5 -20.6
 -68.7 -20.5
 -68.7 -20.4
 -68.8 -20.4
 -68.7 -20.3
 -68.7 -20.2
 -68.7 -20.1
 -68.8 -20.1
 -68.7 -20.1
 -68.6 -20.1
 -68.5 -19.8
 -68.7 -19.7
 -68.5 -19.4
 -68.4 -19.4
 -68.5 -19.4
 -68.7 -19.2
 -69.0 -19.0
 -68.9 -18.9
 -69.0 -18.7
 -69.0 -18.5
 -69.1 -18.1
 -69.1 -18.0
 -69.3 -18.0
 -69.3 -17.8
 -69.5 -17.6
 -69.5 -17.5
 -69.7 -17.7
 -69.8 -17.7
 -69.8 -17.9
 -69.8 -18.1
 -70.0 -18.3
 -70.2 -18.3
 -70.4 -18.3
 

