-77.9 7.2
 -77.8 7.2
 -77.7 7.1
 -77.7 7.0
 -77.7 6.9
 -77.7 6.8
 -77.7 6.9
 -77.6 6.8
 -77.5 6.7
 -77.3 6.6
 -77.4 6.5
 -77.4 6.4
 -77.4 6.3
 -77.4 6.2
 -77.5 6.3
 -77.5 6.2
 -77.2 5.8
 -77.3 5.7
 -77.3 5.6
 -77.4 5.6
 -77.5 5.6
 -77.5 5.5
 -77.4 5.4
 -77.4 5.0
 -77.3 4.7
 -77.3 4.6
 -77.3 4.4
 -77.4 4.3
 -77.2 4.3
 -77.3 4.2
 -77.4 4.2
 -77.4 4.1
 -77.4 3.9
 -77.3 3.9
 -77.3 4.0
 -77.3 4.1
 -77.2 4.1
 -77.2 4.0
 -77.3 4.0
 -77.3 3.9
 -77.3 3.8
 -77.1 3.9
 -77.0 3.9
 -77.1 3.8
 -77.2 3.8
 -77.1 3.8
 -77.2 3.8
 -77.2 3.7
 -77.1 3.7
 -77.2 3.6
 -77.3 3.6
 -77.3 3.5
 -77.4 3.3
 -77.4 3.4
 -77.5 3.3
 -77.4 3.3
 -77.5 3.2
 -77.5 3.1
 -77.6 3.1
 -77.7 3.0
 -77.6 3.0
 -77.6 2.9
 -77.7 2.9
 -77.6 2.9
 -77.6 2.8
 -77.8 2.8
 -77.8 2.7
 -77.7 2.6
 -77.8 2.6
 -77.9 2.6
 -78.0 2.6
 -77.9 2.6
 -78.0 2.5
 -78.1 2.6
 -78.1 2.5
 -78.2 2.5
 -78.4 2.4
 -78.4 2.5
 -78.5 2.5
 -78.5 2.4
 -78.7 2.2
 -78.7 2.0
 -78.6 2.0
 -78.6 1.9
 -78.5 1.9
 -78.6 1.8
 -78.9 1.8
 -79.0 1.8
 -79.1 1.6
 -79.0 1.6
 -78.9 1.6
 -78.8 1.4
 -78.6 1.3
 -78.6 1.2
 -78.5 1.2
 -78.4 1.1
 -77.9 0.9
 -77.9 0.8
 -77.8 0.8
 -77.7 0.8
 -77.7 0.7
 -77.5 0.7
 -77.4 0.6
 -77.4 0.4
 -77.2 0.3
 -77.1 0.4
 -76.9 0.2
 -76.7 0.2
 -76.7 0.3
 -76.4 0.2
 -76.4 0.4
 -76.3 0.4
 -76.1 0.4
 -76.1 0.3
 -76.0 0.3
 -75.8 0.1
 -75.6 0.0
 -75.6 0.1
 -75.4 -0.1
 -75.3 -0.1
 -75.2 -0.1
 -75.2 -0.0
 -74.9 -0.2
 -74.8 -0.2
 -74.7 -0.3
 -74.7 -0.4
 -74.7 -0.3
 -74.6 -0.4
 -74.4 -0.6
 -74.3 -0.8
 -74.2 -0.9
 -74.3 -0.9
 -74.2 -1.0
 -74.1 -1.1
 -74.0 -1.0
 -73.9 -1.2
 -73.8 -1.3
 -73.7 -1.2
 -73.6 -1.4
 -73.5 -1.5
 -73.4 -1.6
 -73.5 -1.7
 -73.3 -1.9
 -73.2 -1.8
 -73.1 -1.9
 -73.1 -2.1
 -73.1 -2.2
 -73.1 -2.4
 -73.0 -2.4
 -72.9 -2.4
 -72.9 -2.5
 -72.8 -2.5
 -72.7 -2.4
 -72.7 -2.5
 -72.7 -2.4
 -72.6 -2.5
 -72.6 -2.4
 -72.4 -2.4
 -72.3 -2.5
 -72.2 -2.5
 -72.1 -2.4
 -72.1 -2.5
 -72.0 -2.4
 -71.9 -2.4
 -71.7 -2.2
 -71.7 -2.1
 -71.7 -2.2
 -71.5 -2.2
 -71.5 -2.4
 -71.4 -2.3
 -71.4 -2.4
 -71.1 -2.4
 -71.1 -2.3
 -71.0 -2.3
 -71.0 -2.2
 -70.8 -2.3
 -70.6 -2.4
 -70.6 -2.5
 -70.5 -2.5
 -70.6 -2.4
 -70.5 -2.4
 -70.4 -2.5
 -70.3 -2.5
 -70.3 -2.6
 -70.2 -2.6
 -70.1 -2.7
 -70.0 -2.7
 -70.7 -3.8
 -70.6 -3.8
 -70.5 -3.9
 -70.4 -3.8
 -70.2 -3.9
 -69.9 -4.2
 -69.8 -3.5
 -69.7 -2.9
 -69.6 -2.2
 -69.5 -1.5
 -69.4 -1.4
 -69.4 -1.2
 -69.4 -1.0
 -69.5 -1.0
 -69.6 -0.8
 -69.6 -0.7
 -69.6 -0.6
 -69.6 -0.5
 -69.9 -0.3
 -70.1 -0.2
 -70.0 0.5
 -70.0 0.6
 -69.9 0.6
 -69.7 0.7
 -69.6 0.6
 -69.5 0.7
 -69.3 0.7
 -69.2 0.6
 -69.1 0.6
 -69.1 0.7
 -69.2 0.7
 -69.1 0.9
 -69.2 0.9
 -69.2 1.0
 -69.3 1.0
 -69.4 1.0
 -69.4 1.1
 -69.7 1.1
 -69.8 1.1
 -69.8 1.7
 -69.7 1.7
 -69.5 1.8
 -69.4 1.7
 -68.2 1.7
 -68.3 1.8
 -68.2 2.0
 -68.1 1.9
 -68.0 1.8
 -68.0 1.7
 -67.8 1.8
 -67.5 2.1
 -67.4 2.1
 -67.3 2.1
 -67.2 1.8
 -67.1 1.6
 -67.1 1.2
 -66.9 1.2
 -67.0 1.7
 -67.1 2.0
 -67.1 2.1
 -67.2 2.1
 -67.2 2.3
 -67.2 2.4
 -67.3 2.4
 -67.5 2.7
 -67.6 2.7
 -67.6 2.8
 -67.8 2.8
 -67.8 2.9
 -67.4 3.2
 -67.4 3.3
 -67.3 3.4
 -67.3 3.5
 -67.4 3.5
 -67.5 3.7
 -67.6 3.7
 -67.7 4.0
 -67.7 4.1
 -67.8 4.2
 -67.8 4.5
 -67.9 4.5
 -67.8 5.0
 -67.8 5.1
 -67.8 5.3
 -67.7 5.4
 -67.6 5.5
 -67.7 5.7
 -67.6 5.8
 -67.4 6.0
 -67.5 6.1
 -67.5 6.2
 -67.6 6.3
 -67.8 6.3
 -68.0 6.2
 -68.2 6.2
 -68.3 6.2
 -68.5 6.2
 -68.6 6.1
 -69.0 6.2
 -69.1 6.2
 -69.2 6.1
 -69.3 6.1
 -69.3 6.2
 -69.4 6.1
 -70.1 7.0
 -70.3 6.9
 -70.5 7.0
 -70.6 7.1
 -70.8 7.1
 -71.0 7.0
 -71.1 7.0
 -71.6 7.0
 -71.9 7.0
 -72.1 7.1
 -72.1 7.2
 -72.2 7.4
 -72.4 7.4
 -72.5 7.5
 -72.4 8.0
 -72.3 8.0
 -72.3 8.1
 -72.4 8.4
 -72.7 8.6
 -72.8 9.1
 -72.9 9.1
 -73.0 9.1
 -73.0 9.3
 -73.3 9.2
 -73.4 9.2
 -73.1 9.6
 -73.0 9.8
 -73.0 10.0
 -72.8 10.5
 -72.6 10.9
 -72.5 11.1
 -72.3 11.2
 -72.0 11.7
 -71.4 11.8
 -71.3 11.9
 -71.1 12.0
 -71.1 12.1
 -71.2 12.3
 -71.5 12.4
 -71.7 12.5
 -71.7 12.4
 -71.8 12.3
 -71.8 12.4
 -72.0 12.3
 -71.9 12.3
 -71.9 12.2
 -72.0 12.2
 -72.0 12.3
 -72.1 12.2
 -72.2 12.2
 -72.1 12.1
 -72.2 11.9
 -72.4 11.8
 -72.6 11.8
 -73.0 11.5
 -73.2 11.3
 -73.3 11.3
 -73.7 11.3
 -74.0 11.4
 -74.2 11.3
 -74.2 11.2
 -74.3 10.9
 -74.4 10.7
 -74.5 10.7
 -74.5 10.8
 -74.6 10.8
 -74.6 10.9
 -74.5 10.9
 -74.5 11.0
 -74.4 11.0
 -74.3 11.0
 -74.9 11.1
 -75.0 11.0
 -75.3 10.8
 -75.2 10.7
 -75.3 10.7
 -75.5 10.6
 -75.5 10.5
 -75.5 10.4
 -75.5 10.3
 -75.7 10.2
 -75.6 10.2
 -75.5 10.2
 -75.6 9.8
 -75.7 9.7
 -75.6 9.7
 -75.6 9.6
 -75.6 9.5
 -75.7 9.4
 -75.9 9.4
 -76.1 9.3
 -76.2 9.2
 -76.2 9.1
 -76.3 9.1
 -76.3 9.0
 -76.4 8.9
 -76.6 8.7
 -76.9 8.6
 -76.9 8.5
 -76.8 8.5
 -76.8 8.2
 -76.7 8.0
 -76.8 7.9
 -76.9 7.9
 -76.9 8.0
 -76.8 8.1
 -76.9 8.1
 -76.9 8.2
 -77.0 8.3
 -77.1 8.4
 -77.2 8.5
 -77.4 8.7
 -77.5 8.5
 -77.4 8.5
 -77.4 8.4
 -77.4 8.3
 -77.2 8.1
 -77.1 7.9
 -77.3 7.9
 -77.4 7.8
 -77.3 7.7
 -77.4 7.6
 -77.6 7.5
 -77.7 7.7
 -77.8 7.7
 -77.8 7.6
 -77.7 7.5
 -77.8 7.5
 -77.9 7.2
 

-77.9 7.2
 -77.8 7.2
 -77.7 7.1
 -77.7 7.0
 -77.7 6.9
 -77.7 6.8
 -77.7 6.9
 -77.6 6.8
 -77.5 6.7
 -77.3 6.6
 -77.4 6.5
 -77.4 6.4
 -77.4 6.3
 -77.4 6.2
 -77.5 6.3
 -77.5 6.2
 -77.2 5.8
 -77.3 5.7
 -77.3 5.6
 -77.4 5.6
 -77.5 5.6
 -77.5 5.5
 -77.4 5.4
 -77.4 5.0
 -77.3 4.7
 -77.3 4.6
 -77.3 4.4
 -77.4 4.3
 -77.2 4.3
 -77.3 4.2
 -77.4 4.2
 -77.4 4.1
 -77.4 3.9
 -77.3 3.9
 -77.3 4.0
 -77.3 4.1
 -77.2 4.1
 -77.2 4.0
 -77.3 4.0
 -77.3 3.9
 -77.3 3.8
 -77.1 3.9
 -77.0 3.9
 -77.1 3.8
 -77.2 3.8
 -77.1 3.8
 -77.2 3.8
 -77.2 3.7
 -77.1 3.7
 -77.2 3.6
 -77.3 3.6
 -77.3 3.5
 -77.4 3.3
 -77.4 3.4
 -77.5 3.3
 -77.4 3.3
 -77.5 3.2
 -77.5 3.1
 -77.6 3.1
 -77.7 3.0
 -77.6 3.0
 -77.6 2.9
 -77.7 2.9
 -77.6 2.9
 -77.6 2.8
 -77.8 2.8
 -77.8 2.7
 -77.7 2.6
 -77.8 2.6
 -77.9 2.6
 -78.0 2.6
 -77.9 2.6
 -78.0 2.5
 -78.1 2.6
 -78.1 2.5
 -78.2 2.5
 -78.4 2.4
 -78.4 2.5
 -78.5 2.5
 -78.5 2.4
 -78.7 2.2
 -78.7 2.0
 -78.6 2.0
 -78.6 1.9
 -78.5 1.9
 -78.6 1.8
 -78.9 1.8
 -79.0 1.8
 -79.1 1.6
 -79.0 1.6
 -78.9 1.6
 -78.8 1.4
 -78.6 1.3
 -78.6 1.2
 -78.5 1.2
 -78.4 1.1
 -77.9 0.9
 -77.9 0.8
 -77.8 0.8
 -77.7 0.8
 -77.7 0.7
 -77.5 0.7
 -77.4 0.6
 -77.4 0.4
 -77.2 0.3
 -77.1 0.4
 -76.9 0.2
 -76.7 0.2
 -76.7 0.3
 -76.4 0.2
 -76.4 0.4
 -76.3 0.4
 -76.1 0.4
 -76.1 0.3
 -76.0 0.3
 -75.8 0.1
 -75.6 0.0
 -75.6 0.1
 -75.4 -0.1
 -75.3 -0.1
 -75.2 -0.1
 -75.2 -0.0
 -74.9 -0.2
 -74.8 -0.2
 -74.7 -0.3
 -74.7 -0.4
 -74.7 -0.3
 -74.6 -0.4
 -74.4 -0.6
 -74.3 -0.8
 -74.2 -0.9
 -74.3 -0.9
 -74.2 -1.0
 -74.1 -1.1
 -74.0 -1.0
 -73.9 -1.2
 -73.8 -1.3
 -73.7 -1.2
 -73.6 -1.4
 -73.5 -1.5
 -73.4 -1.6
 -73.5 -1.7
 -73.3 -1.9
 -73.2 -1.8
 -73.1 -1.9
 -73.1 -2.1
 -73.1 -2.2
 -73.1 -2.4
 -73.0 -2.4
 -72.9 -2.4
 -72.9 -2.5
 -72.8 -2.5
 -72.7 -2.4
 -72.7 -2.5
 -72.7 -2.4
 -72.6 -2.5
 -72.6 -2.4
 -72.4 -2.4
 -72.3 -2.5
 -72.2 -2.5
 -72.1 -2.4
 -72.1 -2.5
 -72.0 -2.4
 -71.9 -2.4
 -71.7 -2.2
 -71.7 -2.1
 -71.7 -2.2
 -71.5 -2.2
 -71.5 -2.4
 -71.4 -2.3
 -71.4 -2.4
 -71.1 -2.4
 -71.1 -2.3
 -71.0 -2.3
 -71.0 -2.2
 -70.8 -2.3
 -70.6 -2.4
 -70.6 -2.5
 -70.5 -2.5
 -70.6 -2.4
 -70.5 -2.4
 -70.4 -2.5
 -70.3 -2.5
 -70.3 -2.6
 -70.2 -2.6
 -70.1 -2.7
 -70.0 -2.7
 -70.7 -3.8
 -70.6 -3.8
 -70.5 -3.9
 -70.4 -3.8
 -70.2 -3.9
 -69.9 -4.2
 -69.8 -3.5
 -69.7 -2.9
 -69.6 -2.2
 -69.5 -1.5
 -69.4 -1.4
 -69.4 -1.2
 -69.4 -1.0
 -69.5 -1.0
 -69.6 -0.8
 -69.6 -0.7
 -69.6 -0.6
 -69.6 -0.5
 -69.9 -0.3
 -70.1 -0.2
 -70.0 0.5
 -70.0 0.6
 -69.9 0.6
 -69.7 0.7
 -69.6 0.6
 -69.5 0.7
 -69.3 0.7
 -69.2 0.6
 -69.1 0.6
 -69.1 0.7
 -69.2 0.7
 -69.1 0.9
 -69.2 0.9
 -69.2 1.0
 -69.3 1.0
 -69.4 1.0
 -69.4 1.1
 -69.7 1.1
 -69.8 1.1
 -69.8 1.7
 -69.7 1.7
 -69.5 1.8
 -69.4 1.7
 -68.2 1.7
 -68.3 1.8
 -68.2 2.0
 -68.1 1.9
 -68.0 1.8
 -68.0 1.7
 -67.8 1.8
 -67.5 2.1
 -67.4 2.1
 -67.3 2.1
 -67.2 1.8
 -67.1 1.6
 -67.1 1.2
 -66.9 1.2
 -67.0 1.7
 -67.1 2.0
 -67.1 2.1
 -67.2 2.1
 -67.2 2.3
 -67.2 2.4
 -67.3 2.4
 -67.5 2.7
 -67.6 2.7
 -67.6 2.8
 -67.8 2.8
 -67.8 2.9
 -67.4 3.2
 -67.4 3.3
 -67.3 3.4
 -67.3 3.5
 -67.4 3.5
 -67.5 3.7
 -67.6 3.7
 -67.7 4.0
 -67.7 4.1
 -67.8 4.2
 -67.8 4.5
 -67.9 4.5
 -67.8 5.0
 -67.8 5.1
 -67.8 5.3
 -67.7 5.4
 -67.6 5.5
 -67.7 5.7
 -67.6 5.8
 -67.4 6.0
 -67.5 6.1
 -67.5 6.2
 -67.6 6.3
 -67.8 6.3
 -68.0 6.2
 -68.2 6.2
 -68.3 6.2
 -68.5 6.2
 -68.6 6.1
 -69.0 6.2
 -69.1 6.2
 -69.2 6.1
 -69.3 6.1
 -69.3 6.2
 -69.4 6.1
 -70.1 7.0
 -70.3 6.9
 -70.5 7.0
 -70.6 7.1
 -70.8 7.1
 -71.0 7.0
 -71.1 7.0
 -71.6 7.0
 -71.9 7.0
 -72.1 7.1
 -72.1 7.2
 -72.2 7.4
 -72.4 7.4
 -72.5 7.5
 -72.4 8.0
 -72.3 8.0
 -72.3 8.1
 -72.4 8.4
 -72.7 8.6
 -72.8 9.1
 -72.9 9.1
 -73.0 9.1
 -73.0 9.3
 -73.3 9.2
 -73.4 9.2
 -73.1 9.6
 -73.0 9.8
 -73.0 10.0
 -72.8 10.5
 -72.6 10.9
 -72.5 11.1
 -72.3 11.2
 -72.0 11.7
 -71.4 11.8
 -71.3 11.9
 -71.1 12.0
 -71.1 12.1
 -71.2 12.3
 -71.5 12.4
 -71.7 12.5
 -71.7 12.4
 -71.8 12.3
 -71.8 12.4
 -72.0 12.3
 -71.9 12.3
 -71.9 12.2
 -72.0 12.2
 -72.0 12.3
 -72.1 12.2
 -72.2 12.2
 -72.1 12.1
 -72.2 11.9
 -72.4 11.8
 -72.6 11.8
 -73.0 11.5
 -73.2 11.3
 -73.3 11.3
 -73.7 11.3
 -74.0 11.4
 -74.2 11.3
 -74.2 11.2
 -74.3 10.9
 -74.4 10.7
 -74.5 10.7
 -74.5 10.8
 -74.6 10.8
 -74.6 10.9
 -74.5 10.9
 -74.5 11.0
 -74.4 11.0
 -74.3 11.0
 -74.9 11.1
 -75.0 11.0
 -75.3 10.8
 -75.2 10.7
 -75.3 10.7
 -75.5 10.6
 -75.5 10.5
 -75.5 10.4
 -75.5 10.3
 -75.7 10.2
 -75.6 10.2
 -75.5 10.2
 -75.6 9.8
 -75.7 9.7
 -75.6 9.7
 -75.6 9.6
 -75.6 9.5
 -75.7 9.4
 -75.9 9.4
 -76.1 9.3
 -76.2 9.2
 -76.2 9.1
 -76.3 9.1
 -76.3 9.0
 -76.4 8.9
 -76.6 8.7
 -76.9 8.6
 -76.9 8.5
 -76.8 8.5
 -76.8 8.2
 -76.7 8.0
 -76.8 7.9
 -76.9 7.9
 -76.9 8.0
 -76.8 8.1
 -76.9 8.1
 -76.9 8.2
 -77.0 8.3
 -77.1 8.4
 -77.2 8.5
 -77.4 8.7
 -77.5 8.5
 -77.4 8.5
 -77.4 8.4
 -77.4 8.3
 -77.2 8.1
 -77.1 7.9
 -77.3 7.9
 -77.4 7.8
 -77.3 7.7
 -77.4 7.6
 -77.6 7.5
 -77.7 7.7
 -77.8 7.7
 -77.8 7.6
 -77.7 7.5
 -77.8 7.5
 -77.9 7.2
 

