-78.8 1.4
 -78.9 1.3
 -78.9 1.2
 -79.0 1.2
 -79.0 1.1
 -79.0 1.2
 -79.1 1.2
 -79.2 1.1
 -79.6 1.0
 -79.6 0.8
 -79.7 0.9
 -79.7 1.0
 -80.0 0.8
 -80.1 0.8
 -80.1 0.7
 -80.0 0.6
 -80.0 0.2
 -80.1 0.0
 -80.3 -0.2
 -80.4 -0.2
 -80.4 -0.3
 -80.5 -0.4
 -80.4 -0.6
 -80.3 -0.6
 -80.4 -0.6
 -80.6 -0.9
 -80.8 -0.9
 -80.9 -1.0
 -80.9 -1.1
 -80.8 -1.3
 -80.8 -1.5
 -80.9 -1.6
 -80.8 -1.7
 -80.7 -1.9
 -80.8 -2.1
 -80.9 -2.2
 -81.0 -2.2
 -80.9 -2.3
 -80.7 -2.4
 -80.3 -2.7
 -80.2 -2.7
 -80.3 -2.6
 -80.2 -2.6
 -80.1 -2.5
 -80.0 -2.3
 -80.0 -2.4
 -80.0 -2.5
 -79.9 -2.5
 -80.0 -2.5
 -80.1 -2.6
 -80.0 -2.6
 -79.9 -2.6
 -79.9 -2.4
 -79.9 -2.3
 -79.9 -2.2
 -79.9 -2.1
 -79.8 -2.0
 -79.9 -2.2
 -79.8 -2.5
 -79.7 -2.5
 -79.7 -2.6
 -79.9 -3.0
 -80.0 -3.3
 -80.0 -3.2
 -80.1 -3.2
 -80.1 -3.3
 -80.3 -3.4
 -80.3 -3.5
 -80.2 -3.6
 -80.2 -3.7
 -80.2 -3.9
 -80.3 -4.0
 -80.4 -4.0
 -80.5 -4.0
 -80.5 -4.2
 -80.4 -4.2
 -80.3 -4.2
 -80.5 -4.4
 -80.4 -4.5
 -80.1 -4.3
 -80.0 -4.4
 -79.9 -4.4
 -79.8 -4.5
 -79.6 -4.4
 -79.5 -4.5
 -79.5 -4.6
 -79.5 -4.7
 -79.4 -4.9
 -79.0 -5.0
 -78.9 -4.8
 -78.9 -4.7
 -78.7 -4.6
 -78.6 -4.4
 -78.7 -4.4
 -78.7 -4.3
 -78.5 -3.9
 -78.4 -3.8
 -78.3 -3.4
 -78.3 -3.5
 -78.2 -3.5
 -78.2 -3.4
 -77.9 -3.0
 -77.3 -2.8
 -76.7 -2.6
 -76.1 -2.2
 -75.6 -1.6
 -75.4 -0.9
 -75.3 -1.0
 -75.2 -1.0
 -75.3 -0.7
 -75.2 -0.6
 -75.3 -0.5
 -75.4 -0.5
 -75.5 -0.2
 -75.6 -0.2
 -75.6 -0.1
 -75.4 -0.2
 -75.3 -0.1
 -75.4 -0.1
 -75.6 0.1
 -75.6 0.0
 -75.8 0.1
 -76.0 0.3
 -76.1 0.3
 -76.1 0.4
 -76.3 0.4
 -76.4 0.4
 -76.4 0.2
 -76.7 0.3
 -76.7 0.2
 -76.9 0.2
 -77.1 0.4
 -77.2 0.3
 -77.4 0.4
 -77.4 0.6
 -77.5 0.7
 -77.7 0.7
 -77.7 0.8
 -77.8 0.8
 -77.9 0.8
 -77.9 0.9
 -78.4 1.1
 -78.5 1.2
 -78.6 1.2
 -78.6 1.3
 -78.8 1.4
 

-78.8 1.4
 -78.9 1.3
 -78.9 1.2
 -79.0 1.2
 -79.0 1.1
 -79.0 1.2
 -79.1 1.2
 -79.2 1.1
 -79.6 1.0
 -79.6 0.8
 -79.7 0.9
 -79.7 1.0
 -80.0 0.8
 -80.1 0.8
 -80.1 0.7
 -80.0 0.6
 -80.0 0.2
 -80.1 0.0
 -80.3 -0.2
 -80.4 -0.2
 -80.4 -0.3
 -80.5 -0.4
 -80.4 -0.6
 -80.3 -0.6
 -80.4 -0.6
 -80.6 -0.9
 -80.8 -0.9
 -80.9 -1.0
 -80.9 -1.1
 -80.8 -1.3
 -80.8 -1.5
 -80.9 -1.6
 -80.8 -1.7
 -80.7 -1.9
 -80.8 -2.1
 -80.9 -2.2
 -81.0 -2.2
 -80.9 -2.3
 -80.7 -2.4
 -80.3 -2.7
 -80.2 -2.7
 -80.3 -2.6
 -80.2 -2.6
 -80.1 -2.5
 -80.0 -2.3
 -80.0 -2.4
 -80.0 -2.5
 -79.9 -2.5
 -80.0 -2.5
 -80.1 -2.6
 -80.0 -2.6
 -79.9 -2.6
 -79.9 -2.4
 -79.9 -2.3
 -79.9 -2.2
 -79.9 -2.1
 -79.8 -2.0
 -79.9 -2.2
 -79.8 -2.5
 -79.7 -2.5
 -79.7 -2.6
 -79.9 -3.0
 -80.0 -3.3
 -80.0 -3.2
 -80.1 -3.2
 -80.1 -3.3
 -80.3 -3.4
 -80.3 -3.5
 -80.2 -3.6
 -80.2 -3.7
 -80.2 -3.9
 -80.3 -4.0
 -80.4 -4.0
 -80.5 -4.0
 -80.5 -4.2
 -80.4 -4.2
 -80.3 -4.2
 -80.5 -4.4
 -80.4 -4.5
 -80.1 -4.3
 -80.0 -4.4
 -79.9 -4.4
 -79.8 -4.5
 -79.6 -4.4
 -79.5 -4.5
 -79.5 -4.6
 -79.5 -4.7
 -79.4 -4.9
 -79.0 -5.0
 -78.9 -4.8
 -78.9 -4.7
 -78.7 -4.6
 -78.6 -4.4
 -78.7 -4.4
 -78.7 -4.3
 -78.5 -3.9
 -78.4 -3.8
 -78.3 -3.4
 -78.3 -3.5
 -78.2 -3.5
 -78.2 -3.4
 -77.9 -3.0
 -77.3 -2.8
 -76.7 -2.6
 -76.1 -2.2
 -75.6 -1.6
 -75.4 -0.9
 -75.3 -1.0
 -75.2 -1.0
 -75.3 -0.7
 -75.2 -0.6
 -75.3 -0.5
 -75.4 -0.5
 -75.5 -0.2
 -75.6 -0.2
 -75.6 -0.1
 -75.4 -0.2
 -75.3 -0.1
 -75.4 -0.1
 -75.6 0.1
 -75.6 0.0
 -75.8 0.1
 -76.0 0.3
 -76.1 0.3
 -76.1 0.4
 -76.3 0.4
 -76.4 0.4
 -76.4 0.2
 -76.7 0.3
 -76.7 0.2
 -76.9 0.2
 -77.1 0.4
 -77.2 0.3
 -77.4 0.4
 -77.4 0.6
 -77.5 0.7
 -77.7 0.7
 -77.7 0.8
 -77.8 0.8
 -77.9 0.8
 -77.9 0.9
 -78.4 1.1
 -78.5 1.2
 -78.6 1.2
 -78.6 1.3
 -78.8 1.4
 

