-54.2 5.3
 -54.3 5.2
 -54.5 5.0
 -54.5 4.7
 -54.4 4.7
 -54.4 4.2
 -54.3 4.1
 -54.4 4.0
 -54.3 3.9
 -54.1 3.8
 -54.1 3.7
 -54.0 3.6
 -54.0 3.4
 -54.1 3.3
 -54.2 3.2
 -54.2 3.0
 -54.2 2.9
 -54.2 2.8
 -54.4 2.4
 -54.5 2.4
 -54.5 2.3
 -54.6 2.4
 -54.6 2.3
 -54.5 2.3
 -54.5 2.2
 -54.2 2.1
 -54.2 2.2
 -54.1 2.1
 -54.0 2.2
 -53.9 2.2
 -53.9 2.3
 -53.8 2.3
 -53.8 2.4
 -53.7 2.4
 -53.6 2.3
 -53.5 2.3
 -53.3 2.4
 -53.2 2.3
 -53.3 2.2
 -53.1 2.2
 -52.9 2.2
 -52.6 2.5
 -52.4 2.9
 -52.3 3.1
 -52.3 3.2
 -52.1 3.4
 -51.8 3.8
 -51.7 4.0
 -51.6 4.2
 -51.7 4.2
 -51.7 4.3
 -51.8 4.5
 -51.9 4.7
 -51.9 4.6
 -51.9 4.4
 -52.0 4.4
 -52.0 4.3
 -52.0 4.4
 -52.0 4.6
 -52.1 4.7
 -52.2 4.9
 -52.3 4.8
 -52.3 4.7
 -52.3 4.8
 -52.3 4.9
 -52.4 4.9
 -52.4 5.0
 -52.6 5.1
 -52.9 5.5
 -53.5 5.6
 -53.7 5.7
 -53.9 5.8
 -54.0 5.7
 -54.1 5.4
 -54.2 5.3
 

-54.2 5.3
 -54.3 5.2
 -54.5 5.0
 -54.5 4.7
 -54.4 4.7
 -54.4 4.2
 -54.3 4.1
 -54.4 4.0
 -54.3 3.9
 -54.1 3.8
 -54.1 3.7
 -54.0 3.6
 -54.0 3.4
 -54.1 3.3
 -54.2 3.2
 -54.2 3.0
 -54.2 2.9
 -54.2 2.8
 -54.4 2.4
 -54.5 2.4
 -54.5 2.3
 -54.6 2.4
 -54.6 2.3
 -54.5 2.3
 -54.5 2.2
 -54.2 2.1
 -54.2 2.2
 -54.1 2.1
 -54.0 2.2
 -53.9 2.2
 -53.9 2.3
 -53.8 2.3
 -53.8 2.4
 -53.7 2.4
 -53.6 2.3
 -53.5 2.3
 -53.3 2.4
 -53.2 2.3
 -53.3 2.2
 -53.1 2.2
 -52.9 2.2
 -52.6 2.5
 -52.4 2.9
 -52.3 3.1
 -52.3 3.2
 -52.1 3.4
 -51.8 3.8
 -51.7 4.0
 -51.6 4.2
 -51.7 4.2
 -51.7 4.3
 -51.8 4.5
 -51.9 4.7
 -51.9 4.6
 -51.9 4.4
 -52.0 4.4
 -52.0 4.3
 -52.0 4.4
 -52.0 4.6
 -52.1 4.7
 -52.2 4.9
 -52.3 4.8
 -52.3 4.7
 -52.3 4.8
 -52.3 4.9
 -52.4 4.9
 -52.4 5.0
 -52.6 5.1
 -52.9 5.5
 -53.5 5.6
 -53.7 5.7
 -53.9 5.8
 -54.0 5.7
 -54.1 5.4
 -54.2 5.3
 

