-60.0 8.5
 -59.8 8.3
 -59.8 8.2
 -59.9 8.2
 -60.0 8.0
 -60.2 8.0
 -60.3 7.8
 -60.5 7.8
 -60.6 7.6
 -60.7 7.6
 -60.7 7.5
 -60.6 7.4
 -60.6 7.3
 -60.6 7.2
 -60.5 7.1
 -60.5 7.2
 -60.4 7.2
 -60.3 7.1
 -60.3 7.0
 -60.4 6.9
 -60.7 6.8
 -60.9 6.8
 -61.1 6.7
 -61.2 6.6
 -61.2 6.5
 -61.2 6.3
 -61.1 6.3
 -61.1 6.2
 -61.2 6.1
 -61.3 6.1
 -61.4 5.9
 -60.7 5.2
 -60.4 5.2
 -60.2 5.3
 -60.1 5.2
 -60.1 5.1
 -60.0 5.1
 -60.0 4.7
 -60.2 4.6
 -60.1 4.5
 -59.8 4.4
 -59.7 4.4
 -59.7 4.3
 -59.7 4.2
 -59.6 4.1
 -59.6 4.0
 -59.5 4.0
 -59.8 3.6
 -59.9 3.6
 -59.8 3.5
 -59.9 3.3
 -60.0 2.9
 -60.0 2.6
 -59.8 2.3
 -59.7 2.3
 -59.8 1.9
 -59.6 1.8
 -59.7 1.8
 -59.6 1.7
 -59.5 1.7
 -59.2 1.4
 -59.0 1.3
 -58.9 1.3
 -58.9 1.2
 -58.8 1.2
 -58.7 1.2
 -58.7 1.3
 -58.5 1.3
 -58.5 1.5
 -58.3 1.5
 -58.3 1.6
 -58.0 1.5
 -58.0 1.6
 -58.0 1.7
 -57.8 1.7
 -57.6 1.7
 -57.5 1.7
 -57.4 2.0
 -57.3 2.0
 -57.2 1.9
 -57.1 2.0
 -57.0 1.9
 -56.7 1.9
 -56.6 1.9
 -56.5 1.9
 -56.6 2.0
 -56.7 2.0
 -57.0 2.6
 -57.1 2.7
 -57.1 2.8
 -57.2 2.8
 -57.2 3.0
 -57.3 3.3
 -57.3 3.4
 -57.6 3.4
 -57.7 3.4
 -57.6 3.5
 -57.7 3.6
 -57.8 3.7
 -57.9 3.9
 -58.0 4.0
 -58.1 4.2
 -58.0 4.3
 -57.9 4.6
 -57.8 4.7
 -57.9 4.8
 -57.9 4.9
 -57.7 5.0
 -57.4 5.0
 -57.3 5.0
 -57.3 5.2
 -57.2 5.1
 -57.2 5.2
 -57.3 5.3
 -57.3 5.2
 -57.3 5.3
 -57.2 5.5
 -57.2 5.6
 -57.2 6.0
 -57.2 6.2
 -57.4 6.3
 -57.5 6.3
 -57.6 6.5
 -58.0 6.8
 -58.3 6.9
 -58.4 6.9
 -58.5 6.8
 -58.6 6.4
 -58.7 6.4
 -58.6 6.4
 -58.6 6.5
 -58.6 6.9
 -58.5 7.0
 -58.5 7.3
 -58.7 7.6
 -59.0 7.9
 -59.3 8.2
 -59.8 8.4
 -59.8 8.3
 -59.5 8.2
 -59.4 8.1
 -59.9 8.4
 -60.0 8.5
 

-60.0 8.5
 -59.8 8.3
 -59.8 8.2
 -59.9 8.2
 -60.0 8.0
 -60.2 8.0
 -60.3 7.8
 -60.5 7.8
 -60.6 7.6
 -60.7 7.6
 -60.7 7.5
 -60.6 7.4
 -60.6 7.3
 -60.6 7.2
 -60.5 7.1
 -60.5 7.2
 -60.4 7.2
 -60.3 7.1
 -60.3 7.0
 -60.4 6.9
 -60.7 6.8
 -60.9 6.8
 -61.1 6.7
 -61.2 6.6
 -61.2 6.5
 -61.2 6.3
 -61.1 6.3
 -61.1 6.2
 -61.2 6.1
 -61.3 6.1
 -61.4 5.9
 -60.7 5.2
 -60.4 5.2
 -60.2 5.3
 -60.1 5.2
 -60.1 5.1
 -60.0 5.1
 -60.0 4.7
 -60.2 4.6
 -60.1 4.5
 -59.8 4.4
 -59.7 4.4
 -59.7 4.3
 -59.7 4.2
 -59.6 4.1
 -59.6 4.0
 -59.5 4.0
 -59.8 3.6
 -59.9 3.6
 -59.8 3.5
 -59.9 3.3
 -60.0 2.9
 -60.0 2.6
 -59.8 2.3
 -59.7 2.3
 -59.8 1.9
 -59.6 1.8
 -59.7 1.8
 -59.6 1.7
 -59.5 1.7
 -59.2 1.4
 -59.0 1.3
 -58.9 1.3
 -58.9 1.2
 -58.8 1.2
 -58.7 1.2
 -58.7 1.3
 -58.5 1.3
 -58.5 1.5
 -58.3 1.5
 -58.3 1.6
 -58.0 1.5
 -58.0 1.6
 -58.0 1.7
 -57.8 1.7
 -57.6 1.7
 -57.5 1.7
 -57.4 2.0
 -57.3 2.0
 -57.2 1.9
 -57.1 2.0
 -57.0 1.9
 -56.7 1.9
 -56.6 1.9
 -56.5 1.9
 -56.6 2.0
 -56.7 2.0
 -57.0 2.6
 -57.1 2.7
 -57.1 2.8
 -57.2 2.8
 -57.2 3.0
 -57.3 3.3
 -57.3 3.4
 -57.6 3.4
 -57.7 3.4
 -57.6 3.5
 -57.7 3.6
 -57.8 3.7
 -57.9 3.9
 -58.0 4.0
 -58.1 4.2
 -58.0 4.3
 -57.9 4.6
 -57.8 4.7
 -57.9 4.8
 -57.9 4.9
 -57.7 5.0
 -57.4 5.0
 -57.3 5.0
 -57.3 5.2
 -57.2 5.1
 -57.2 5.2
 -57.3 5.3
 -57.3 5.2
 -57.3 5.3
 -57.2 5.5
 -57.2 5.6
 -57.2 6.0
 -57.2 6.2
 -57.4 6.3
 -57.5 6.3
 -57.6 6.5
 -58.0 6.8
 -58.3 6.9
 -58.4 6.9
 -58.5 6.8
 -58.6 6.4
 -58.7 6.4
 -58.6 6.4
 -58.6 6.5
 -58.6 6.9
 -58.5 7.0
 -58.5 7.3
 -58.7 7.6
 -59.0 7.9
 -59.3 8.2
 -59.8 8.4
 -59.8 8.3
 -59.5 8.2
 -59.4 8.1
 -59.9 8.4
 -60.0 8.5
 

