-80.3 -3.4
 -80.4 -3.5
 -80.5 -3.5
 -80.6 -3.6
 -80.8 -3.7
 -80.9 -3.9
 -81.0 -4.0
 -81.2 -4.2
 -81.3 -4.3
 -81.3 -4.5
 -81.3 -4.6
 -81.4 -4.7
 -81.1 -5.0
 -81.1 -5.1
 -81.2 -5.1
 -81.2 -5.2
 -80.9 -5.5
 -80.9 -5.6
 -80.9 -5.8
 -80.9 -5.9
 -81.0 -5.9
 -81.1 -5.8
 -81.2 -5.9
 -81.2 -6.1
 -80.4 -6.5
 -80.1 -6.6
 -80.0 -6.8
 -79.9 -6.9
 -79.7 -7.1
 -79.7 -7.2
 -79.6 -7.3
 -79.4 -7.8
 -79.2 -8.0
 -79.1 -8.1
 -79.0 -8.3
 -78.9 -8.4
 -78.8 -8.6
 -78.8 -8.7
 -78.8 -8.8
 -78.7 -8.9
 -78.6 -9.1
 -78.6 -9.2
 -78.5 -9.2
 -78.5 -9.3
 -78.4 -9.4
 -78.4 -9.6
 -78.2 -9.8
 -78.2 -10.0
 -78.2 -10.1
 -77.9 -10.5
 -77.7 -10.9
 -77.6 -11.2
 -77.7 -11.2
 -77.7 -11.3
 -77.3 -11.5
 -77.2 -11.8
 -77.1 -11.9
 -77.2 -12.1
 -77.1 -12.1
 -77.0 -12.2
 -76.9 -12.3
 -76.8 -12.4
 -76.8 -12.5
 -76.6 -12.7
 -76.6 -12.8
 -76.5 -12.8
 -76.5 -13.0
 -76.2 -13.4
 -76.2 -13.6
 -76.3 -13.9
 -76.3 -13.8
 -76.4 -13.8
 -76.4 -13.9
 -76.3 -13.9
 -76.3 -14.1
 -76.3 -14.2
 -76.2 -14.2
 -76.1 -14.3
 -76.2 -14.3
 -76.0 -14.5
 -75.9 -14.7
 -75.5 -14.9
 -75.5 -15.0
 -75.4 -15.1
 -75.3 -15.2
 -75.2 -15.2
 -75.3 -15.3
 -75.2 -15.3
 -75.2 -15.4
 -74.8 -15.6
 -74.5 -15.7
 -74.4 -15.8
 -74.1 -16.0
 -73.9 -16.1
 -73.7 -16.2
 -73.6 -16.3
 -73.3 -16.3
 -73.3 -16.4
 -73.2 -16.4
 -72.7 -16.7
 -72.5 -16.7
 -72.4 -16.8
 -72.2 -17.0
 -72.0 -17.0
 -71.8 -17.2
 -71.5 -17.3
 -71.4 -17.4
 -71.4 -17.6
 -71.4 -17.7
 -71.2 -17.8
 -71.1 -17.9
 -70.9 -17.9
 -70.8 -18.1
 -70.4 -18.3
 -70.2 -18.3
 -70.0 -18.3
 -69.8 -18.1
 -69.8 -17.9
 -69.8 -17.7
 -69.7 -17.7
 -69.5 -17.5
 -69.5 -17.4
 -69.6 -17.3
 -69.7 -17.3
 -69.6 -17.2
 -69.4 -17.1
 -69.4 -17.0
 -69.3 -17.0
 -69.2 -16.7
 -69.1 -16.7
 -69.0 -16.6
 -69.0 -16.5
 -69.1 -16.5
 -69.0 -16.4
 -69.0 -16.3
 -69.1 -16.3
 -69.0 -16.2
 -69.1 -16.2
 -69.3 -16.3
 -69.4 -16.3
 -69.4 -16.2
 -69.5 -16.2
 -69.4 -16.1
 -69.4 -16.0
 -69.7 -16.0
 -69.7 -15.9
 -69.8 -15.8
 -69.9 -15.8
 -69.9 -15.9
 -69.8 -15.9
 -69.9 -15.9
 -70.0 -15.9
 -70.0 -15.7
 -69.9 -15.6
 -69.9 -15.7
 -69.8 -15.7
 -69.9 -15.5
 -70.0 -15.4
 -69.9 -15.3
 -69.8 -15.3
 -69.7 -15.3
 -69.8 -15.3
 -69.7 -15.3
 -69.5 -15.4
 -69.4 -15.5
 -69.3 -15.4
 -69.1 -15.3
 -69.1 -15.2
 -69.3 -15.1
 -69.4 -15.0
 -69.4 -14.8
 -69.2 -14.7
 -69.2 -14.6
 -69.0 -14.4
 -69.0 -14.3
 -69.0 -14.2
 -68.9 -14.2
 -68.9 -14.1
 -69.0 -14.0
 -69.0 -13.9
 -69.1 -13.7
 -69.1 -13.6
 -69.0 -13.6
 -69.0 -13.5
 -69.0 -12.9
 -68.9 -12.8
 -68.8 -12.7
 -68.7 -12.7
 -68.8 -12.6
 -68.7 -12.5
 -68.8 -12.3
 -69.2 -11.6
 -69.6 -11.0
 -69.9 -10.9
 -70.0 -11.0
 -70.3 -11.1
 -70.4 -11.1
 -70.5 -10.9
 -70.6 -11.0
 -70.6 -10.5
 -70.6 -9.8
 -70.5 -9.7
 -70.6 -9.6
 -70.5 -9.5
 -70.6 -9.4
 -70.7 -9.5
 -70.9 -9.7
 -71.3 -10.0
 -71.5 -10.0
 -72.2 -10.0
 -72.2 -9.9
 -72.2 -9.8
 -72.3 -9.7
 -72.3 -9.5
 -72.4 -9.5
 -72.6 -9.5
 -73.2 -9.4
 -73.0 -9.2
 -72.9 -9.1
 -73.0 -9.0
 -73.2 -8.7
 -73.3 -8.7
 -73.4 -8.5
 -73.5 -8.4
 -73.7 -8.0
 -73.8 -8.0
 -73.8 -7.9
 -73.7 -7.9
 -73.7 -7.8
 -73.8 -7.7
 -74.0 -7.5
 -73.9 -7.5
 -74.0 -7.3
 -73.9 -7.4
 -73.7 -7.3
 -73.8 -7.1
 -73.8 -6.9
 -73.4 -6.6
 -73.2 -6.6
 -73.1 -6.4
 -73.2 -6.2
 -73.2 -6.0
 -73.0 -5.6
 -72.9 -5.3
 -72.9 -5.2
 -72.7 -5.1
 -72.6 -5.1
 -72.5 -5.0
 -72.4 -4.9
 -72.3 -4.8
 -72.2 -4.8
 -71.8 -4.5
 -71.7 -4.5
 -71.4 -4.4
 -71.3 -4.4
 -71.2 -4.4
 -71.1 -4.4
 -71.0 -4.3
 -71.0 -4.4
 -70.9 -4.3
 -70.8 -4.2
 -70.8 -4.1
 -70.7 -4.2
 -70.7 -4.1
 -70.6 -4.1
 -70.6 -4.2
 -70.5 -4.1
 -70.5 -4.2
 -70.4 -4.1
 -70.3 -4.1
 -70.2 -4.3
 -70.1 -4.3
 -70.0 -4.3
 -69.9 -4.2
 -70.2 -3.9
 -70.4 -3.8
 -70.5 -3.9
 -70.6 -3.8
 -70.7 -3.8
 -70.0 -2.7
 -70.1 -2.7
 -70.2 -2.6
 -70.3 -2.6
 -70.3 -2.5
 -70.4 -2.5
 -70.5 -2.4
 -70.6 -2.4
 -70.5 -2.5
 -70.6 -2.5
 -70.6 -2.4
 -70.8 -2.3
 -71.0 -2.2
 -71.0 -2.3
 -71.1 -2.3
 -71.1 -2.4
 -71.4 -2.4
 -71.4 -2.3
 -71.5 -2.4
 -71.5 -2.2
 -71.7 -2.2
 -71.7 -2.1
 -71.7 -2.2
 -71.9 -2.4
 -72.0 -2.4
 -72.1 -2.5
 -72.1 -2.4
 -72.2 -2.5
 -72.3 -2.5
 -72.4 -2.4
 -72.6 -2.4
 -72.6 -2.5
 -72.7 -2.4
 -72.7 -2.5
 -72.7 -2.4
 -72.8 -2.5
 -72.9 -2.5
 -72.9 -2.4
 -73.0 -2.4
 -73.1 -2.4
 -73.1 -2.2
 -73.1 -2.1
 -73.1 -1.9
 -73.2 -1.8
 -73.3 -1.9
 -73.5 -1.7
 -73.4 -1.6
 -73.5 -1.5
 -73.6 -1.4
 -73.7 -1.2
 -73.8 -1.3
 -73.9 -1.2
 -74.0 -1.0
 -74.1 -1.1
 -74.2 -1.0
 -74.3 -0.9
 -74.2 -0.9
 -74.3 -0.8
 -74.4 -0.6
 -74.6 -0.4
 -74.7 -0.3
 -74.7 -0.4
 -74.7 -0.3
 -74.8 -0.2
 -74.9 -0.2
 -75.2 -0.0
 -75.2 -0.1
 -75.3 -0.1
 -75.4 -0.2
 -75.6 -0.1
 -75.6 -0.2
 -75.5 -0.2
 -75.4 -0.5
 -75.3 -0.5
 -75.2 -0.6
 -75.3 -0.7
 -75.2 -1.0
 -75.3 -1.0
 -75.4 -0.9
 -75.6 -1.6
 -76.1 -2.2
 -76.7 -2.6
 -77.3 -2.8
 -77.9 -3.0
 -78.2 -3.4
 -78.2 -3.5
 -78.3 -3.5
 -78.3 -3.4
 -78.4 -3.8
 -78.5 -3.9
 -78.7 -4.3
 -78.7 -4.4
 -78.6 -4.4
 -78.7 -4.6
 -78.9 -4.7
 -78.9 -4.8
 -79.0 -5.0
 -79.4 -4.9
 -79.5 -4.7
 -79.5 -4.6
 -79.5 -4.5
 -79.6 -4.4
 -79.8 -4.5
 -79.9 -4.4
 -80.0 -4.4
 -80.1 -4.3
 -80.4 -4.5
 -80.5 -4.4
 -80.3 -4.2
 -80.4 -4.2
 -80.5 -4.2
 -80.5 -4.0
 -80.4 -4.0
 -80.3 -4.0
 -80.2 -3.9
 -80.2 -3.7
 -80.2 -3.6
 -80.3 -3.5
 -80.3 -3.4
 

-80.3 -3.4
 -80.4 -3.5
 -80.5 -3.5
 -80.6 -3.6
 -80.8 -3.7
 -80.9 -3.9
 -81.0 -4.0
 -81.2 -4.2
 -81.3 -4.3
 -81.3 -4.5
 -81.3 -4.6
 -81.4 -4.7
 -81.1 -5.0
 -81.1 -5.1
 -81.2 -5.1
 -81.2 -5.2
 -80.9 -5.5
 -80.9 -5.6
 -80.9 -5.8
 -80.9 -5.9
 -81.0 -5.9
 -81.1 -5.8
 -81.2 -5.9
 -81.2 -6.1
 -80.4 -6.5
 -80.1 -6.6
 -80.0 -6.8
 -79.9 -6.9
 -79.7 -7.1
 -79.7 -7.2
 -79.6 -7.3
 -79.4 -7.8
 -79.2 -8.0
 -79.1 -8.1
 -79.0 -8.3
 -78.9 -8.4
 -78.8 -8.6
 -78.8 -8.7
 -78.8 -8.8
 -78.7 -8.9
 -78.6 -9.1
 -78.6 -9.2
 -78.5 -9.2
 -78.5 -9.3
 -78.4 -9.4
 -78.4 -9.6
 -78.2 -9.8
 -78.2 -10.0
 -78.2 -10.1
 -77.9 -10.5
 -77.7 -10.9
 -77.6 -11.2
 -77.7 -11.2
 -77.7 -11.3
 -77.3 -11.5
 -77.2 -11.8
 -77.1 -11.9
 -77.2 -12.1
 -77.1 -12.1
 -77.0 -12.2
 -76.9 -12.3
 -76.8 -12.4
 -76.8 -12.5
 -76.6 -12.7
 -76.6 -12.8
 -76.5 -12.8
 -76.5 -13.0
 -76.2 -13.4
 -76.2 -13.6
 -76.3 -13.9
 -76.3 -13.8
 -76.4 -13.8
 -76.4 -13.9
 -76.3 -13.9
 -76.3 -14.1
 -76.3 -14.2
 -76.2 -14.2
 -76.1 -14.3
 -76.2 -14.3
 -76.0 -14.5
 -75.9 -14.7
 -75.5 -14.9
 -75.5 -15.0
 -75.4 -15.1
 -75.3 -15.2
 -75.2 -15.2
 -75.3 -15.3
 -75.2 -15.3
 -75.2 -15.4
 -74.8 -15.6
 -74.5 -15.7
 -74.4 -15.8
 -74.1 -16.0
 -73.9 -16.1
 -73.7 -16.2
 -73.6 -16.3
 -73.3 -16.3
 -73.3 -16.4
 -73.2 -16.4
 -72.7 -16.7
 -72.5 -16.7
 -72.4 -16.8
 -72.2 -17.0
 -72.0 -17.0
 -71.8 -17.2
 -71.5 -17.3
 -71.4 -17.4
 -71.4 -17.6
 -71.4 -17.7
 -71.2 -17.8
 -71.1 -17.9
 -70.9 -17.9
 -70.8 -18.1
 -70.4 -18.3
 -70.2 -18.3
 -70.0 -18.3
 -69.8 -18.1
 -69.8 -17.9
 -69.8 -17.7
 -69.7 -17.7
 -69.5 -17.5
 -69.5 -17.4
 -69.6 -17.3
 -69.7 -17.3
 -69.6 -17.2
 -69.4 -17.1
 -69.4 -17.0
 -69.3 -17.0
 -69.2 -16.7
 -69.1 -16.7
 -69.0 -16.6
 -69.0 -16.5
 -69.1 -16.5
 -69.0 -16.4
 -69.0 -16.3
 -69.1 -16.3
 -69.0 -16.2
 -69.1 -16.2
 -69.3 -16.3
 -69.4 -16.3
 -69.4 -16.2
 -69.5 -16.2
 -69.4 -16.1
 -69.4 -16.0
 -69.7 -16.0
 -69.7 -15.9
 -69.8 -15.8
 -69.9 -15.8
 -69.9 -15.9
 -69.8 -15.9
 -69.9 -15.9
 -70.0 -15.9
 -70.0 -15.7
 -69.9 -15.6
 -69.9 -15.7
 -69.8 -15.7
 -69.9 -15.5
 -70.0 -15.4
 -69.9 -15.3
 -69.8 -15.3
 -69.7 -15.3
 -69.8 -15.3
 -69.7 -15.3
 -69.5 -15.4
 -69.4 -15.5
 -69.3 -15.4
 -69.1 -15.3
 -69.1 -15.2
 -69.3 -15.1
 -69.4 -15.0
 -69.4 -14.8
 -69.2 -14.7
 -69.2 -14.6
 -69.0 -14.4
 -69.0 -14.3
 -69.0 -14.2
 -68.9 -14.2
 -68.9 -14.1
 -69.0 -14.0
 -69.0 -13.9
 -69.1 -13.7
 -69.1 -13.6
 -69.0 -13.6
 -69.0 -13.5
 -69.0 -12.9
 -68.9 -12.8
 -68.8 -12.7
 -68.7 -12.7
 -68.8 -12.6
 -68.7 -12.5
 -68.8 -12.3
 -69.2 -11.6
 -69.6 -11.0
 -69.9 -10.9
 -70.0 -11.0
 -70.3 -11.1
 -70.4 -11.1
 -70.5 -10.9
 -70.6 -11.0
 -70.6 -10.5
 -70.6 -9.8
 -70.5 -9.7
 -70.6 -9.6
 -70.5 -9.5
 -70.6 -9.4
 -70.7 -9.5
 -70.9 -9.7
 -71.3 -10.0
 -71.5 -10.0
 -72.2 -10.0
 -72.2 -9.9
 -72.2 -9.8
 -72.3 -9.7
 -72.3 -9.5
 -72.4 -9.5
 -72.6 -9.5
 -73.2 -9.4
 -73.0 -9.2
 -72.9 -9.1
 -73.0 -9.0
 -73.2 -8.7
 -73.3 -8.7
 -73.4 -8.5
 -73.5 -8.4
 -73.7 -8.0
 -73.8 -8.0
 -73.8 -7.9
 -73.7 -7.9
 -73.7 -7.8
 -73.8 -7.7
 -74.0 -7.5
 -73.9 -7.5
 -74.0 -7.3
 -73.9 -7.4
 -73.7 -7.3
 -73.8 -7.1
 -73.8 -6.9
 -73.4 -6.6
 -73.2 -6.6
 -73.1 -6.4
 -73.2 -6.2
 -73.2 -6.0
 -73.0 -5.6
 -72.9 -5.3
 -72.9 -5.2
 -72.7 -5.1
 -72.6 -5.1
 -72.5 -5.0
 -72.4 -4.9
 -72.3 -4.8
 -72.2 -4.8
 -71.8 -4.5
 -71.7 -4.5
 -71.4 -4.4
 -71.3 -4.4
 -71.2 -4.4
 -71.1 -4.4
 -71.0 -4.3
 -71.0 -4.4
 -70.9 -4.3
 -70.8 -4.2
 -70.8 -4.1
 -70.7 -4.2
 -70.7 -4.1
 -70.6 -4.1
 -70.6 -4.2
 -70.5 -4.1
 -70.5 -4.2
 -70.4 -4.1
 -70.3 -4.1
 -70.2 -4.3
 -70.1 -4.3
 -70.0 -4.3
 -69.9 -4.2
 -70.2 -3.9
 -70.4 -3.8
 -70.5 -3.9
 -70.6 -3.8
 -70.7 -3.8
 -70.0 -2.7
 -70.1 -2.7
 -70.2 -2.6
 -70.3 -2.6
 -70.3 -2.5
 -70.4 -2.5
 -70.5 -2.4
 -70.6 -2.4
 -70.5 -2.5
 -70.6 -2.5
 -70.6 -2.4
 -70.8 -2.3
 -71.0 -2.2
 -71.0 -2.3
 -71.1 -2.3
 -71.1 -2.4
 -71.4 -2.4
 -71.4 -2.3
 -71.5 -2.4
 -71.5 -2.2
 -71.7 -2.2
 -71.7 -2.1
 -71.7 -2.2
 -71.9 -2.4
 -72.0 -2.4
 -72.1 -2.5
 -72.1 -2.4
 -72.2 -2.5
 -72.3 -2.5
 -72.4 -2.4
 -72.6 -2.4
 -72.6 -2.5
 -72.7 -2.4
 -72.7 -2.5
 -72.7 -2.4
 -72.8 -2.5
 -72.9 -2.5
 -72.9 -2.4
 -73.0 -2.4
 -73.1 -2.4
 -73.1 -2.2
 -73.1 -2.1
 -73.1 -1.9
 -73.2 -1.8
 -73.3 -1.9
 -73.5 -1.7
 -73.4 -1.6
 -73.5 -1.5
 -73.6 -1.4
 -73.7 -1.2
 -73.8 -1.3
 -73.9 -1.2
 -74.0 -1.0
 -74.1 -1.1
 -74.2 -1.0
 -74.3 -0.9
 -74.2 -0.9
 -74.3 -0.8
 -74.4 -0.6
 -74.6 -0.4
 -74.7 -0.3
 -74.7 -0.4
 -74.7 -0.3
 -74.8 -0.2
 -74.9 -0.2
 -75.2 -0.0
 -75.2 -0.1
 -75.3 -0.1
 -75.4 -0.2
 -75.6 -0.1
 -75.6 -0.2
 -75.5 -0.2
 -75.4 -0.5
 -75.3 -0.5
 -75.2 -0.6
 -75.3 -0.7
 -75.2 -1.0
 -75.3 -1.0
 -75.4 -0.9
 -75.6 -1.6
 -76.1 -2.2
 -76.7 -2.6
 -77.3 -2.8
 -77.9 -3.0
 -78.2 -3.4
 -78.2 -3.5
 -78.3 -3.5
 -78.3 -3.4
 -78.4 -3.8
 -78.5 -3.9
 -78.7 -4.3
 -78.7 -4.4
 -78.6 -4.4
 -78.7 -4.6
 -78.9 -4.7
 -78.9 -4.8
 -79.0 -5.0
 -79.4 -4.9
 -79.5 -4.7
 -79.5 -4.6
 -79.5 -4.5
 -79.6 -4.4
 -79.8 -4.5
 -79.9 -4.4
 -80.0 -4.4
 -80.1 -4.3
 -80.4 -4.5
 -80.5 -4.4
 -80.3 -4.2
 -80.4 -4.2
 -80.5 -4.2
 -80.5 -4.0
 -80.4 -4.0
 -80.3 -4.0
 -80.2 -3.9
 -80.2 -3.7
 -80.2 -3.6
 -80.3 -3.5
 -80.3 -3.4
 

