-62.6 -22.2
 -62.6 -22.2
 -62.6 -22.3
 -62.3 -22.5
 -62.2 -22.6
 -62.3 -22.6
 -62.0 -22.9
 -62.0 -23.0
 -61.6 -23.3
 -61.2 -23.6
 -61.1 -23.6
 -61.0 -23.8
 -60.6 -23.9
 -60.3 -24.0
 -60.2 -24.0
 -60.0 -24.0
 -59.6 -24.2
 -59.6 -24.3
 -59.4 -24.4
 -59.1 -24.6
 -58.9 -24.7
 -58.7 -24.8
 -58.5 -24.9
 -58.3 -25.0
 -58.2 -24.9
 -58.0 -25.1
 -57.9 -25.1
 -57.7 -25.3
 -57.6 -25.4
 -57.6 -25.6
 -57.8 -25.7
 -57.9 -26.0
 -58.1 -26.2
 -58.2 -26.3
 -58.2 -26.4
 -58.2 -26.5
 -58.2 -26.6
 -58.2 -26.7
 -58.2 -26.6
 -58.2 -26.8
 -58.3 -26.8
 -58.3 -26.9
 -58.5 -26.9
 -58.5 -27.1
 -58.5 -27.0
 -58.6 -27.1
 -58.7 -27.2
 -58.6 -27.3
 -58.0 -27.3
 -57.7 -27.3
 -57.4 -27.4
 -57.1 -27.5
 -56.9 -27.4
 -56.8 -27.5
 -56.7 -27.5
 -56.6 -27.4
 -56.5 -27.5
 -56.5 -27.6
 -56.4 -27.6
 -56.3 -27.5
 -56.3 -27.4
 -56.1 -27.3
 -56.0 -27.3
 -55.9 -27.3
 -55.8 -27.4
 -55.6 -27.3
 -55.6 -27.2
 -55.5 -27.1
 -55.4 -27.0
 -55.3 -26.9
 -55.2 -27.0
 -55.1 -26.9
 -55.0 -26.8
 -54.9 -26.7
 -54.8 -26.7
 -54.6 -26.2
 -54.7 -26.0
 -54.6 -26.0
 -54.6 -25.7
 -54.6 -25.6
 -54.6 -25.4
 -54.4 -25.1
 -54.5 -25.0
 -54.4 -24.8
 -54.3 -24.6
 -54.3 -24.5
 -54.3 -24.4
 -54.3 -24.3
 -54.3 -24.2
 -54.3 -24.1
 -54.2 -24.1
 -54.4 -23.9
 -54.6 -23.8
 -54.9 -24.0
 -55.2 -24.0
 -55.4 -24.0
 -55.4 -23.9
 -55.4 -23.7
 -55.5 -23.6
 -55.5 -23.4
 -55.6 -23.3
 -55.5 -23.2
 -55.6 -23.0
 -55.6 -22.7
 -55.7 -22.5
 -55.7 -22.4
 -55.9 -22.3
 -56.2 -22.3
 -56.4 -22.1
 -56.5 -22.1
 -56.6 -22.3
 -56.7 -22.2
 -56.8 -22.3
 -56.9 -22.3
 -56.9 -22.2
 -57.0 -22.2
 -57.2 -22.2
 -57.3 -22.2
 -57.5 -22.2
 -57.6 -22.2
 -57.6 -22.1
 -57.9 -22.1
 -58.0 -22.1
 -57.9 -21.9
 -58.0 -21.8
 -57.9 -21.7
 -58.0 -21.5
 -57.9 -21.3
 -57.8 -21.2
 -57.8 -21.0
 -57.9 -20.9
 -57.9 -20.8
 -57.9 -20.7
 -58.0 -20.7
 -58.0 -20.6
 -58.0 -20.4
 -58.1 -20.4
 -58.1 -20.3
 -58.2 -20.2
 -58.1 -20.2
 -58.2 -20.2
 -58.2 -19.8
 -59.1 -19.3
 -60.0 -19.3
 -60.6 -19.5
 -61.7 -19.6
 -61.9 -20.1
 -62.3 -20.6
 -62.3 -21.1
 -62.6 -22.2
 

-62.6 -22.2
 -62.6 -22.2
 -62.6 -22.3
 -62.3 -22.5
 -62.2 -22.6
 -62.3 -22.6
 -62.0 -22.9
 -62.0 -23.0
 -61.6 -23.3
 -61.2 -23.6
 -61.1 -23.6
 -61.0 -23.8
 -60.6 -23.9
 -60.3 -24.0
 -60.2 -24.0
 -60.0 -24.0
 -59.6 -24.2
 -59.6 -24.3
 -59.4 -24.4
 -59.1 -24.6
 -58.9 -24.7
 -58.7 -24.8
 -58.5 -24.9
 -58.3 -25.0
 -58.2 -24.9
 -58.0 -25.1
 -57.9 -25.1
 -57.7 -25.3
 -57.6 -25.4
 -57.6 -25.6
 -57.8 -25.7
 -57.9 -26.0
 -58.1 -26.2
 -58.2 -26.3
 -58.2 -26.4
 -58.2 -26.5
 -58.2 -26.6
 -58.2 -26.7
 -58.2 -26.6
 -58.2 -26.8
 -58.3 -26.8
 -58.3 -26.9
 -58.5 -26.9
 -58.5 -27.1
 -58.5 -27.0
 -58.6 -27.1
 -58.7 -27.2
 -58.6 -27.3
 -58.0 -27.3
 -57.7 -27.3
 -57.4 -27.4
 -57.1 -27.5
 -56.9 -27.4
 -56.8 -27.5
 -56.7 -27.5
 -56.6 -27.4
 -56.5 -27.5
 -56.5 -27.6
 -56.4 -27.6
 -56.3 -27.5
 -56.3 -27.4
 -56.1 -27.3
 -56.0 -27.3
 -55.9 -27.3
 -55.8 -27.4
 -55.6 -27.3
 -55.6 -27.2
 -55.5 -27.1
 -55.4 -27.0
 -55.3 -26.9
 -55.2 -27.0
 -55.1 -26.9
 -55.0 -26.8
 -54.9 -26.7
 -54.8 -26.7
 -54.6 -26.2
 -54.7 -26.0
 -54.6 -26.0
 -54.6 -25.7
 -54.6 -25.6
 -54.6 -25.4
 -54.4 -25.1
 -54.5 -25.0
 -54.4 -24.8
 -54.3 -24.6
 -54.3 -24.5
 -54.3 -24.4
 -54.3 -24.3
 -54.3 -24.2
 -54.3 -24.1
 -54.2 -24.1
 -54.4 -23.9
 -54.6 -23.8
 -54.9 -24.0
 -55.2 -24.0
 -55.4 -24.0
 -55.4 -23.9
 -55.4 -23.7
 -55.5 -23.6
 -55.5 -23.4
 -55.6 -23.3
 -55.5 -23.2
 -55.6 -23.0
 -55.6 -22.7
 -55.7 -22.5
 -55.7 -22.4
 -55.9 -22.3
 -56.2 -22.3
 -56.4 -22.1
 -56.5 -22.1
 -56.6 -22.3
 -56.7 -22.2
 -56.8 -22.3
 -56.9 -22.3
 -56.9 -22.2
 -57.0 -22.2
 -57.2 -22.2
 -57.3 -22.2
 -57.5 -22.2
 -57.6 -22.2
 -57.6 -22.1
 -57.9 -22.1
 -58.0 -22.1
 -57.9 -21.9
 -58.0 -21.8
 -57.9 -21.7
 -58.0 -21.5
 -57.9 -21.3
 -57.8 -21.2
 -57.8 -21.0
 -57.9 -20.9
 -57.9 -20.8
 -57.9 -20.7
 -58.0 -20.7
 -58.0 -20.6
 -58.0 -20.4
 -58.1 -20.4
 -58.1 -20.3
 -58.2 -20.2
 -58.1 -20.2
 -58.2 -20.2
 -58.2 -19.8
 -59.1 -19.3
 -60.0 -19.3
 -60.6 -19.5
 -61.7 -19.6
 -61.9 -20.1
 -62.3 -20.6
 -62.3 -21.1
 -62.6 -22.2
 

