-57.2 5.5
 -57.3 5.3
 -57.3 5.2
 -57.3 5.3
 -57.2 5.2
 -57.2 5.1
 -57.3 5.2
 -57.3 5.0
 -57.4 5.0
 -57.7 5.0
 -57.9 4.9
 -57.9 4.8
 -57.8 4.7
 -57.9 4.6
 -58.0 4.3
 -58.1 4.2
 -58.0 4.0
 -57.9 3.9
 -57.8 3.7
 -57.7 3.6
 -57.6 3.5
 -57.7 3.4
 -57.6 3.4
 -57.3 3.4
 -57.3 3.3
 -57.2 3.0
 -57.2 2.8
 -57.1 2.8
 -57.1 2.7
 -57.0 2.6
 -56.7 2.0
 -56.6 2.0
 -56.5 1.9
 -56.0 1.8
 -55.9 1.9
 -55.9 2.0
 -56.1 2.3
 -56.0 2.3
 -56.0 2.5
 -55.9 2.5
 -55.7 2.4
 -55.4 2.4
 -55.3 2.5
 -55.2 2.6
 -55.1 2.5
 -55.0 2.6
 -54.9 2.4
 -54.8 2.4
 -54.8 2.5
 -54.7 2.5
 -54.7 2.3
 -54.6 2.3
 -54.6 2.4
 -54.5 2.3
 -54.5 2.4
 -54.4 2.4
 -54.2 2.8
 -54.2 2.9
 -54.2 3.0
 -54.2 3.2
 -54.1 3.3
 -54.0 3.4
 -54.0 3.6
 -54.1 3.7
 -54.1 3.8
 -54.3 3.9
 -54.4 4.0
 -54.3 4.1
 -54.4 4.2
 -54.4 4.7
 -54.5 4.7
 -54.5 5.0
 -54.3 5.2
 -54.2 5.3
 -54.0 5.6
 -54.0 5.7
 -54.0 5.8
 -54.4 5.9
 -55.0 6.0
 -55.1 6.0
 -55.2 6.0
 -55.1 5.9
 -55.0 5.9
 -55.1 5.9
 -55.3 5.9
 -55.7 6.0
 -55.8 6.0
 -55.9 5.9
 -55.9 5.7
 -56.0 5.8
 -56.5 5.9
 -57.0 6.0
 -57.1 5.9
 -57.2 5.5
 

-57.2 5.5
 -57.3 5.3
 -57.3 5.2
 -57.3 5.3
 -57.2 5.2
 -57.2 5.1
 -57.3 5.2
 -57.3 5.0
 -57.4 5.0
 -57.7 5.0
 -57.9 4.9
 -57.9 4.8
 -57.8 4.7
 -57.9 4.6
 -58.0 4.3
 -58.1 4.2
 -58.0 4.0
 -57.9 3.9
 -57.8 3.7
 -57.7 3.6
 -57.6 3.5
 -57.7 3.4
 -57.6 3.4
 -57.3 3.4
 -57.3 3.3
 -57.2 3.0
 -57.2 2.8
 -57.1 2.8
 -57.1 2.7
 -57.0 2.6
 -56.7 2.0
 -56.6 2.0
 -56.5 1.9
 -56.0 1.8
 -55.9 1.9
 -55.9 2.0
 -56.1 2.3
 -56.0 2.3
 -56.0 2.5
 -55.9 2.5
 -55.7 2.4
 -55.4 2.4
 -55.3 2.5
 -55.2 2.6
 -55.1 2.5
 -55.0 2.6
 -54.9 2.4
 -54.8 2.4
 -54.8 2.5
 -54.7 2.5
 -54.7 2.3
 -54.6 2.3
 -54.6 2.4
 -54.5 2.3
 -54.5 2.4
 -54.4 2.4
 -54.2 2.8
 -54.2 2.9
 -54.2 3.0
 -54.2 3.2
 -54.1 3.3
 -54.0 3.4
 -54.0 3.6
 -54.1 3.7
 -54.1 3.8
 -54.3 3.9
 -54.4 4.0
 -54.3 4.1
 -54.4 4.2
 -54.4 4.7
 -54.5 4.7
 -54.5 5.0
 -54.3 5.2
 -54.2 5.3
 -54.0 5.6
 -54.0 5.7
 -54.0 5.8
 -54.4 5.9
 -55.0 6.0
 -55.1 6.0
 -55.2 6.0
 -55.1 5.9
 -55.0 5.9
 -55.1 5.9
 -55.3 5.9
 -55.7 6.0
 -55.8 6.0
 -55.9 5.9
 -55.9 5.7
 -56.0 5.8
 -56.5 5.9
 -57.0 6.0
 -57.1 5.9
 -57.2 5.5
 

