-58.2 -32.5
 -58.1 -32.8
 -58.1 -32.9
 -58.0 -32.9
 -58.1 -33.1
 -58.2 -33.1
 -58.3 -33.1
 -58.4 -33.2
 -58.3 -33.3
 -58.4 -33.6
 -58.4 -33.9
 -58.2 -34.2
 -58.1 -34.2
 -57.8 -34.5
 -57.4 -34.4
 -57.1 -34.5
 -56.9 -34.7
 -56.4 -34.8
 -56.3 -34.9
 -56.0 -34.9
 -55.7 -34.8
 -55.4 -34.8
 -55.3 -34.9
 -55.1 -34.9
 -55.0 -34.9
 -55.0 -35.0
 -54.4 -34.8
 -54.3 -34.7
 -54.3 -34.6
 -54.3 -34.7
 -54.1 -34.7
 -54.1 -34.6
 -53.9 -34.5
 -53.8 -34.4
 -53.8 -34.3
 -53.5 -34.1
 -53.5 -33.8
 -53.4 -33.7
 -53.5 -33.7
 -53.5 -33.6
 -53.5 -33.4
 -53.5 -33.2
 -53.5 -33.1
 -53.1 -32.7
 -53.2 -32.7
 -53.3 -32.6
 -53.4 -32.6
 -53.6 -32.4
 -53.7 -32.1
 -53.9 -32.0
 -53.9 -31.9
 -54.1 -31.9
 -54.5 -31.7
 -54.5 -31.6
 -54.6 -31.5
 -54.9 -31.4
 -55.0 -31.3
 -55.1 -31.3
 -55.2 -31.2
 -55.4 -31.0
 -55.6 -30.8
 -55.6 -30.9
 -55.7 -30.9
 -55.8 -31.1
 -56.0 -31.1
 -56.0 -30.9
 -56.0 -30.8
 -56.2 -30.6
 -56.3 -30.5
 -56.6 -30.3
 -56.8 -30.1
 -57.0 -30.1
 -57.1 -30.1
 -57.1 -30.2
 -57.2 -30.2
 -57.2 -30.3
 -57.5 -30.3
 -57.6 -30.3
 -57.6 -30.2
 -57.6 -30.3
 -57.8 -30.4
 -57.9 -30.5
 -57.9 -30.6
 -57.8 -30.7
 -57.8 -30.9
 -57.9 -30.9
 -57.9 -31.0
 -58.0 -31.4
 -58.1 -31.5
 -58.0 -31.6
 -58.0 -31.8
 -58.2 -31.9
 -58.1 -32.0
 -58.2 -32.2
 -58.1 -32.3
 -58.2 -32.5
 

-58.2 -32.5
 -58.1 -32.8
 -58.1 -32.9
 -58.0 -32.9
 -58.1 -33.1
 -58.2 -33.1
 -58.3 -33.1
 -58.4 -33.2
 -58.3 -33.3
 -58.4 -33.6
 -58.4 -33.9
 -58.2 -34.2
 -58.1 -34.2
 -57.8 -34.5
 -57.4 -34.4
 -57.1 -34.5
 -56.9 -34.7
 -56.4 -34.8
 -56.3 -34.9
 -56.0 -34.9
 -55.7 -34.8
 -55.4 -34.8
 -55.3 -34.9
 -55.1 -34.9
 -55.0 -34.9
 -55.0 -35.0
 -54.4 -34.8
 -54.3 -34.7
 -54.3 -34.6
 -54.3 -34.7
 -54.1 -34.7
 -54.1 -34.6
 -53.9 -34.5
 -53.8 -34.4
 -53.8 -34.3
 -53.5 -34.1
 -53.5 -33.8
 -53.4 -33.7
 -53.5 -33.7
 -53.5 -33.6
 -53.5 -33.4
 -53.5 -33.2
 -53.5 -33.1
 -53.1 -32.7
 -53.2 -32.7
 -53.3 -32.6
 -53.4 -32.6
 -53.6 -32.4
 -53.7 -32.1
 -53.9 -32.0
 -53.9 -31.9
 -54.1 -31.9
 -54.5 -31.7
 -54.5 -31.6
 -54.6 -31.5
 -54.9 -31.4
 -55.0 -31.3
 -55.1 -31.3
 -55.2 -31.2
 -55.4 -31.0
 -55.6 -30.8
 -55.6 -30.9
 -55.7 -30.9
 -55.8 -31.1
 -56.0 -31.1
 -56.0 -30.9
 -56.0 -30.8
 -56.2 -30.6
 -56.3 -30.5
 -56.6 -30.3
 -56.8 -30.1
 -57.0 -30.1
 -57.1 -30.1
 -57.1 -30.2
 -57.2 -30.2
 -57.2 -30.3
 -57.5 -30.3
 -57.6 -30.3
 -57.6 -30.2
 -57.6 -30.3
 -57.8 -30.4
 -57.9 -30.5
 -57.9 -30.6
 -57.8 -30.7
 -57.8 -30.9
 -57.9 -30.9
 -57.9 -31.0
 -58.0 -31.4
 -58.1 -31.5
 -58.0 -31.6
 -58.0 -31.8
 -58.2 -31.9
 -58.1 -32.0
 -58.2 -32.2
 -58.1 -32.3
 -58.2 -32.5
 

