-71.3 11.9
 -71.4 11.8
 -72.0 11.7
 -72.3 11.2
 -72.5 11.1
 -72.6 10.9
 -72.8 10.5
 -73.0 10.0
 -73.0 9.8
 -73.1 9.6
 -73.4 9.2
 -73.3 9.2
 -73.0 9.3
 -73.0 9.1
 -72.9 9.1
 -72.8 9.1
 -72.7 8.6
 -72.4 8.4
 -72.3 8.1
 -72.3 8.0
 -72.4 8.0
 -72.5 7.5
 -72.4 7.4
 -72.2 7.4
 -72.1 7.2
 -72.1 7.1
 -71.9 7.0
 -71.6 7.0
 -71.1 7.0
 -71.0 7.0
 -70.8 7.1
 -70.6 7.1
 -70.5 7.0
 -70.3 6.9
 -70.1 7.0
 -69.4 6.1
 -69.3 6.2
 -69.3 6.1
 -69.2 6.1
 -69.1 6.2
 -69.0 6.2
 -68.6 6.1
 -68.5 6.2
 -68.3 6.2
 -68.2 6.2
 -68.0 6.2
 -67.8 6.3
 -67.6 6.3
 -67.5 6.2
 -67.5 6.1
 -67.4 6.0
 -67.6 5.8
 -67.7 5.7
 -67.6 5.5
 -67.7 5.4
 -67.8 5.3
 -67.8 5.1
 -67.8 5.0
 -67.9 4.5
 -67.8 4.5
 -67.8 4.2
 -67.7 4.1
 -67.7 4.0
 -67.6 3.7
 -67.5 3.7
 -67.4 3.5
 -67.3 3.5
 -67.3 3.4
 -67.4 3.3
 -67.4 3.2
 -67.8 2.9
 -67.8 2.8
 -67.6 2.8
 -67.6 2.7
 -67.5 2.7
 -67.3 2.4
 -67.2 2.4
 -67.2 2.3
 -67.2 2.1
 -67.1 2.1
 -67.1 2.0
 -67.0 1.7
 -66.9 1.2
 -66.3 0.8
 -66.1 0.7
 -66.0 0.8
 -65.9 0.9
 -65.7 1.0
 -65.6 1.0
 -65.5 0.9
 -65.5 0.8
 -65.6 0.7
 -65.5 0.6
 -65.4 0.7
 -65.4 0.8
 -65.3 0.9
 -65.2 0.9
 -65.2 1.0
 -65.1 1.1
 -65.0 1.1
 -64.8 1.3
 -64.8 1.2
 -64.7 1.3
 -64.5 1.4
 -64.4 1.5
 -64.3 1.5
 -64.4 1.4
 -64.3 1.4
 -64.3 1.5
 -64.1 1.7
 -64.0 1.9
 -64.0 2.0
 -63.8 2.0
 -63.7 2.1
 -63.4 2.2
 -63.4 2.3
 -63.4 2.4
 -63.5 2.4
 -64.0 2.5
 -64.0 2.6
 -64.0 2.8
 -64.2 3.1
 -64.2 3.4
 -64.2 3.5
 -64.2 3.6
 -64.5 3.8
 -64.7 4.1
 -64.8 4.2
 -64.8 4.3
 -64.7 4.3
 -64.6 4.2
 -64.6 4.1
 -64.2 4.1
 -64.1 4.1
 -64.0 3.9
 -63.8 4.0
 -63.6 3.9
 -63.5 3.9
 -63.4 4.0
 -63.3 3.9
 -63.0 3.6
 -62.9 3.6
 -62.8 3.6
 -62.7 3.7
 -62.8 3.8
 -62.8 4.0
 -62.7 4.0
 -62.5 4.0
 -62.5 4.1
 -62.4 4.2
 -62.2 4.1
 -62.1 4.1
 -62.1 4.2
 -61.9 4.2
 -61.7 4.2
 -61.6 4.2
 -61.5 4.3
 -61.5 4.4
 -61.3 4.4
 -61.3 4.5
 -61.0 4.5
 -60.9 4.6
 -60.9 4.7
 -60.8 4.7
 -60.6 4.9
 -60.6 5.0
 -60.7 5.2
 -61.4 5.9
 -61.3 6.1
 -61.2 6.1
 -61.1 6.2
 -61.1 6.3
 -61.2 6.3
 -61.2 6.5
 -61.2 6.6
 -61.1 6.7
 -60.9 6.8
 -60.7 6.8
 -60.4 6.9
 -60.3 7.0
 -60.3 7.1
 -60.4 7.2
 -60.5 7.2
 -60.5 7.1
 -60.6 7.2
 -60.6 7.3
 -60.6 7.4
 -60.7 7.5
 -60.7 7.6
 -60.6 7.6
 -60.5 7.8
 -60.3 7.8
 -60.2 8.0
 -60.0 8.0
 -59.9 8.2
 -59.8 8.2
 -59.8 8.3
 -60.0 8.5
 -60.0 8.6
 -60.2 8.6
 -60.4 8.6
 -60.5 8.5
 -60.7 8.6
 -61.0 8.6
 -61.0 8.5
 -61.1 8.5
 -61.0 8.5
 -61.2 8.5
 -61.2 8.4
 -61.7 8.6
 -61.6 8.6
 -61.5 8.6
 -61.2 8.6
 -61.2 8.7
 -61.1 8.9
 -60.9 9.2
 -61.0 9.2
 -61.1 9.0
 -61.0 9.1
 -60.8 9.3
 -60.8 9.4
 -60.9 9.5
 -61.0 9.5
 -61.2 9.6
 -61.3 9.6
 -61.5 9.8
 -61.6 9.9
 -61.7 9.9
 -61.6 9.8
 -61.8 9.8
 -61.7 9.7
 -61.8 9.7
 -61.8 9.8
 -62.1 10.0
 -62.2 10.0
 -62.2 9.9
 -62.0 9.9
 -62.2 9.9
 -62.2 9.7
 -62.2 9.6
 -62.2 9.9
 -62.3 10.0
 -62.2 9.9
 -62.3 9.7
 -62.4 10.0
 -62.5 10.2
 -62.6 10.2
 -62.6 10.1
 -62.7 10.1
 -62.7 10.0
 -62.8 10.0
 -62.9 10.1
 -62.9 10.0
 -63.0 10.1
 -62.9 10.1
 -62.7 10.1
 -62.6 10.1
 -62.7 10.3
 -62.8 10.4
 -62.9 10.4
 -63.0 10.4
 -62.9 10.3
 -63.0 10.3
 -63.0 10.4
 -62.9 10.4
 -62.8 10.4
 -62.8 10.5
 -62.9 10.5
 -62.3 10.5
 -62.2 10.6
 -61.9 10.7
 -62.1 10.7
 -62.6 10.7
 -62.8 10.7
 -63.0 10.7
 -63.4 10.7
 -63.7 10.6
 -63.8 10.7
 -63.9 10.6
 -64.2 10.6
 -64.3 10.7
 -64.3 10.6
 -64.2 10.5
 -64.2 10.6
 -64.0 10.6
 -63.8 10.5
 -63.7 10.5
 -63.8 10.4
 -64.2 10.5
 -64.2 10.4
 -64.4 10.4
 -64.4 10.3
 -64.6 10.3
 -64.7 10.2
 -64.7 10.1
 -64.8 10.1
 -64.9 10.1
 -65.0 10.1
 -65.1 10.1
 -65.5 10.2
 -65.7 10.2
 -65.8 10.2
 -66.1 10.5
 -66.0 10.6
 -66.2 10.6
 -66.7 10.6
 -67.3 10.5
 -67.8 10.5
 -68.2 10.5
 -68.3 10.6
 -68.3 10.8
 -68.3 10.9
 -68.2 10.9
 -68.3 10.9
 -68.4 10.9
 -68.3 10.9
 -68.4 11.2
 -68.8 11.4
 -69.3 11.5
 -69.4 11.5
 -69.5 11.5
 -69.6 11.5
 -69.7 11.5
 -69.7 11.6
 -69.8 12.0
 -69.9 12.2
 -70.0 12.2
 -70.1 12.1
 -70.2 12.1
 -70.3 11.9
 -70.2 11.8
 -70.2 11.6
 -69.8 11.7
 -69.7 11.5
 -69.8 11.4
 -69.9 11.4
 -70.0 11.5
 -70.0 11.4
 -70.2 11.5
 -70.1 11.4
 -70.4 11.3
 -70.8 11.2
 -71.1 11.1
 -71.5 11.0
 -71.4 10.9
 -71.4 10.8
 -71.6 10.8
 -71.5 10.7
 -71.5 10.6
 -71.4 10.3
 -71.1 9.9
 -71.0 9.7
 -71.1 9.5
 -71.1 9.3
 -71.2 9.3
 -71.3 9.1
 -71.5 9.0
 -71.6 9.0
 -71.8 9.1
 -71.7 9.2
 -71.8 9.2
 -71.7 9.3
 -71.8 9.4
 -71.9 9.4
 -71.8 9.4
 -71.9 9.5
 -72.0 9.5
 -72.0 9.6
 -72.1 9.8
 -72.0 10.0
 -71.8 10.4
 -71.6 10.5
 -71.6 10.7
 -71.8 11.0
 -71.7 11.0
 -71.6 11.0
 -71.8 11.1
 -71.9 11.3
 -72.0 11.5
 -72.0 11.6
 -71.9 11.6
 -71.4 11.8
 -71.3 11.9
 

-71.3 11.9
 -71.4 11.8
 -72.0 11.7
 -72.3 11.2
 -72.5 11.1
 -72.6 10.9
 -72.8 10.5
 -73.0 10.0
 -73.0 9.8
 -73.1 9.6
 -73.4 9.2
 -73.3 9.2
 -73.0 9.3
 -73.0 9.1
 -72.9 9.1
 -72.8 9.1
 -72.7 8.6
 -72.4 8.4
 -72.3 8.1
 -72.3 8.0
 -72.4 8.0
 -72.5 7.5
 -72.4 7.4
 -72.2 7.4
 -72.1 7.2
 -72.1 7.1
 -71.9 7.0
 -71.6 7.0
 -71.1 7.0
 -71.0 7.0
 -70.8 7.1
 -70.6 7.1
 -70.5 7.0
 -70.3 6.9
 -70.1 7.0
 -69.4 6.1
 -69.3 6.2
 -69.3 6.1
 -69.2 6.1
 -69.1 6.2
 -69.0 6.2
 -68.6 6.1
 -68.5 6.2
 -68.3 6.2
 -68.2 6.2
 -68.0 6.2
 -67.8 6.3
 -67.6 6.3
 -67.5 6.2
 -67.5 6.1
 -67.4 6.0
 -67.6 5.8
 -67.7 5.7
 -67.6 5.5
 -67.7 5.4
 -67.8 5.3
 -67.8 5.1
 -67.8 5.0
 -67.9 4.5
 -67.8 4.5
 -67.8 4.2
 -67.7 4.1
 -67.7 4.0
 -67.6 3.7
 -67.5 3.7
 -67.4 3.5
 -67.3 3.5
 -67.3 3.4
 -67.4 3.3
 -67.4 3.2
 -67.8 2.9
 -67.8 2.8
 -67.6 2.8
 -67.6 2.7
 -67.5 2.7
 -67.3 2.4
 -67.2 2.4
 -67.2 2.3
 -67.2 2.1
 -67.1 2.1
 -67.1 2.0
 -67.0 1.7
 -66.9 1.2
 -66.3 0.8
 -66.1 0.7
 -66.0 0.8
 -65.9 0.9
 -65.7 1.0
 -65.6 1.0
 -65.5 0.9
 -65.5 0.8
 -65.6 0.7
 -65.5 0.6
 -65.4 0.7
 -65.4 0.8
 -65.3 0.9
 -65.2 0.9
 -65.2 1.0
 -65.1 1.1
 -65.0 1.1
 -64.8 1.3
 -64.8 1.2
 -64.7 1.3
 -64.5 1.4
 -64.4 1.5
 -64.3 1.5
 -64.4 1.4
 -64.3 1.4
 -64.3 1.5
 -64.1 1.7
 -64.0 1.9
 -64.0 2.0
 -63.8 2.0
 -63.7 2.1
 -63.4 2.2
 -63.4 2.3
 -63.4 2.4
 -63.5 2.4
 -64.0 2.5
 -64.0 2.6
 -64.0 2.8
 -64.2 3.1
 -64.2 3.4
 -64.2 3.5
 -64.2 3.6
 -64.5 3.8
 -64.7 4.1
 -64.8 4.2
 -64.8 4.3
 -64.7 4.3
 -64.6 4.2
 -64.6 4.1
 -64.2 4.1
 -64.1 4.1
 -64.0 3.9
 -63.8 4.0
 -63.6 3.9
 -63.5 3.9
 -63.4 4.0
 -63.3 3.9
 -63.0 3.6
 -62.9 3.6
 -62.8 3.6
 -62.7 3.7
 -62.8 3.8
 -62.8 4.0
 -62.7 4.0
 -62.5 4.0
 -62.5 4.1
 -62.4 4.2
 -62.2 4.1
 -62.1 4.1
 -62.1 4.2
 -61.9 4.2
 -61.7 4.2
 -61.6 4.2
 -61.5 4.3
 -61.5 4.4
 -61.3 4.4
 -61.3 4.5
 -61.0 4.5
 -60.9 4.6
 -60.9 4.7
 -60.8 4.7
 -60.6 4.9
 -60.6 5.0
 -60.7 5.2
 -61.4 5.9
 -61.3 6.1
 -61.2 6.1
 -61.1 6.2
 -61.1 6.3
 -61.2 6.3
 -61.2 6.5
 -61.2 6.6
 -61.1 6.7
 -60.9 6.8
 -60.7 6.8
 -60.4 6.9
 -60.3 7.0
 -60.3 7.1
 -60.4 7.2
 -60.5 7.2
 -60.5 7.1
 -60.6 7.2
 -60.6 7.3
 -60.6 7.4
 -60.7 7.5
 -60.7 7.6
 -60.6 7.6
 -60.5 7.8
 -60.3 7.8
 -60.2 8.0
 -60.0 8.0
 -59.9 8.2
 -59.8 8.2
 -59.8 8.3
 -60.0 8.5
 -60.0 8.6
 -60.2 8.6
 -60.4 8.6
 -60.5 8.5
 -60.7 8.6
 -61.0 8.6
 -61.0 8.5
 -61.1 8.5
 -61.0 8.5
 -61.2 8.5
 -61.2 8.4
 -61.7 8.6
 -61.6 8.6
 -61.5 8.6
 -61.2 8.6
 -61.2 8.7
 -61.1 8.9
 -60.9 9.2
 -61.0 9.2
 -61.1 9.0
 -61.0 9.1
 -60.8 9.3
 -60.8 9.4
 -60.9 9.5
 -61.0 9.5
 -61.2 9.6
 -61.3 9.6
 -61.5 9.8
 -61.6 9.9
 -61.7 9.9
 -61.6 9.8
 -61.8 9.8
 -61.7 9.7
 -61.8 9.7
 -61.8 9.8
 -62.1 10.0
 -62.2 10.0
 -62.2 9.9
 -62.0 9.9
 -62.2 9.9
 -62.2 9.7
 -62.2 9.6
 -62.2 9.9
 -62.3 10.0
 -62.2 9.9
 -62.3 9.7
 -62.4 10.0
 -62.5 10.2
 -62.6 10.2
 -62.6 10.1
 -62.7 10.1
 -62.7 10.0
 -62.8 10.0
 -62.9 10.1
 -62.9 10.0
 -63.0 10.1
 -62.9 10.1
 -62.7 10.1
 -62.6 10.1
 -62.7 10.3
 -62.8 10.4
 -62.9 10.4
 -63.0 10.4
 -62.9 10.3
 -63.0 10.3
 -63.0 10.4
 -62.9 10.4
 -62.8 10.4
 -62.8 10.5
 -62.9 10.5
 -62.3 10.5
 -62.2 10.6
 -61.9 10.7
 -62.1 10.7
 -62.6 10.7
 -62.8 10.7
 -63.0 10.7
 -63.4 10.7
 -63.7 10.6
 -63.8 10.7
 -63.9 10.6
 -64.2 10.6
 -64.3 10.7
 -64.3 10.6
 -64.2 10.5
 -64.2 10.6
 -64.0 10.6
 -63.8 10.5
 -63.7 10.5
 -63.8 10.4
 -64.2 10.5
 -64.2 10.4
 -64.4 10.4
 -64.4 10.3
 -64.6 10.3
 -64.7 10.2
 -64.7 10.1
 -64.8 10.1
 -64.9 10.1
 -65.0 10.1
 -65.1 10.1
 -65.5 10.2
 -65.7 10.2
 -65.8 10.2
 -66.1 10.5
 -66.0 10.6
 -66.2 10.6
 -66.7 10.6
 -67.3 10.5
 -67.8 10.5
 -68.2 10.5
 -68.3 10.6
 -68.3 10.8
 -68.3 10.9
 -68.2 10.9
 -68.3 10.9
 -68.4 10.9
 -68.3 10.9
 -68.4 11.2
 -68.8 11.4
 -69.3 11.5
 -69.4 11.5
 -69.5 11.5
 -69.6 11.5
 -69.7 11.5
 -69.7 11.6
 -69.8 12.0
 -69.9 12.2
 -70.0 12.2
 -70.1 12.1
 -70.2 12.1
 -70.3 11.9
 -70.2 11.8
 -70.2 11.6
 -69.8 11.7
 -69.7 11.5
 -69.8 11.4
 -69.9 11.4
 -70.0 11.5
 -70.0 11.4
 -70.2 11.5
 -70.1 11.4
 -70.4 11.3
 -70.8 11.2
 -71.1 11.1
 -71.5 11.0
 -71.4 10.9
 -71.4 10.8
 -71.6 10.8
 -71.5 10.7
 -71.5 10.6
 -71.4 10.3
 -71.1 9.9
 -71.0 9.7
 -71.1 9.5
 -71.1 9.3
 -71.2 9.3
 -71.3 9.1
 -71.5 9.0
 -71.6 9.0
 -71.8 9.1
 -71.7 9.2
 -71.8 9.2
 -71.7 9.3
 -71.8 9.4
 -71.9 9.4
 -71.8 9.4
 -71.9 9.5
 -72.0 9.5
 -72.0 9.6
 -72.1 9.8
 -72.0 10.0
 -71.8 10.4
 -71.6 10.5
 -71.6 10.7
 -71.8 11.0
 -71.7 11.0
 -71.6 11.0
 -71.8 11.1
 -71.9 11.3
 -72.0 11.5
 -72.0 11.6
 -71.9 11.6
 -71.4 11.8
 -71.3 11.9
 

