13.2 -5.9
 13.1 -5.9
 13.0 -5.9
 12.8 -6.0
 12.3 -6.1
 12.2 -6.1
 12.5 -6.6
 12.6 -6.7
 12.8 -6.9
 12.8 -7.2
 13.1 -7.9
 13.4 -8.3
 13.4 -8.5
 13.3 -8.5
 13.4 -8.7
 13.4 -8.8
 13.2 -8.8
 13.0 -9.1
 13.1 -8.9
 13.0 -9.0
 13.0 -9.1
 13.1 -9.3
 13.2 -9.6
 13.2 -9.7
 13.3 -9.9
 13.4 -10.1
 13.5 -10.3
 13.5 -10.4
 13.8 -10.7
 13.7 -10.8
 13.8 -11.0
 13.8 -11.3
 13.8 -11.5
 13.8 -11.9
 13.6 -12.3
 13.5 -12.4
 13.4 -12.6
 13.3 -12.6
 13.2 -12.6
 13.0 -12.8
 12.9 -12.8
 13.0 -13.0
 12.7 -13.2
 12.6 -13.3
 12.5 -13.4
 12.5 -13.8
 12.5 -13.9
 12.4 -13.9
 12.3 -14.2
 12.3 -14.4
 12.1 -15.2
 12.0 -15.6
 11.9 -15.8
 11.8 -15.8
 11.7 -15.8
 11.7 -15.9
 11.8 -16.0
 11.8 -16.2
 11.8 -16.8
 11.8 -17.2
 11.8 -17.3
 12.0 -17.2
 12.1 -17.1
 12.2 -17.2
 12.4 -17.2
 12.5 -17.3
 12.5 -17.2
 12.9 -17.0
 13.4 -17.0
 13.5 -17.0
 13.5 -17.1
 14.0 -17.4
 14.2 -17.4
 15.6 -17.4
 17.0 -17.4
 18.4 -17.4
 18.5 -17.4
 18.7 -17.7
 18.9 -17.8
 19.5 -17.9
 19.7 -17.8
 19.8 -17.9
 19.9 -17.9
 20.1 -17.9
 20.4 -17.9
 20.8 -18.0
 21.0 -18.0
 21.2 -17.9
 21.4 -18.0
 22.8 -17.7
 23.5 -17.6
 23.2 -17.5
 22.2 -16.6
 22.1 -16.5
 22.1 -16.2
 22.0 -16.2
 22.0 -14.5
 22.0 -13.3
 22.0 -13.0
 22.6 -13.0
 23.3 -13.0
 24.0 -13.0
 23.9 -12.8
 23.9 -12.7
 24.1 -12.4
 24.0 -12.3
 24.0 -12.2
 24.0 -11.8
 24.0 -11.5
 24.1 -11.4
 24.0 -10.9
 23.9 -11.0
 23.5 -11.0
 23.4 -11.0
 23.1 -11.1
 22.9 -11.1
 22.7 -11.1
 22.6 -11.0
 22.5 -11.0
 22.5 -11.1
 22.2 -11.3
 22.2 -11.1
 22.2 -10.9
 22.2 -10.8
 22.3 -10.8
 22.3 -10.5
 22.3 -10.4
 22.1 -9.9
 22.0 -9.9
 21.8 -9.5
 21.8 -9.4
 21.9 -9.2
 21.9 -8.9
 21.9 -8.4
 21.8 -8.1
 21.7 -7.9
 21.8 -7.5
 21.8 -7.3
 21.1 -7.3
 20.5 -7.3
 20.5 -7.1
 20.6 -6.9
 20.3 -6.9
 20.3 -7.0
 19.6 -7.0
 19.5 -7.0
 19.6 -7.1
 19.5 -7.1
 19.5 -7.4
 19.5 -7.5
 19.5 -7.6
 19.4 -7.6
 19.4 -7.9
 19.4 -8.0
 18.8 -8.0
 18.8 -7.9
 18.5 -7.9
 18.5 -8.0
 18.1 -8.0
 18.1 -8.1
 18.0 -8.1
 17.9 -8.0
 17.8 -8.1
 17.7 -8.1
 17.6 -8.1
 17.5 -8.1
 17.5 -8.0
 17.4 -7.9
 17.4 -7.8
 17.3 -7.7
 17.3 -7.6
 17.2 -7.6
 17.1 -7.5
 17.2 -7.4
 17.1 -7.4
 17.0 -7.3
 16.9 -7.2
 17.0 -7.0
 16.9 -6.9
 16.8 -6.8
 16.7 -6.5
 16.7 -6.2
 16.6 -6.0
 16.6 -5.9
 16.4 -5.9
 15.7 -5.9
 15.0 -5.9
 14.3 -5.9
 14.0 -5.8
 13.5 -5.9
 13.4 -5.9
 13.3 -5.9
 13.2 -5.9
 

13.2 -5.9
 13.1 -5.9
 13.0 -5.9
 12.8 -6.0
 12.3 -6.1
 12.2 -6.1
 12.5 -6.6
 12.6 -6.7
 12.8 -6.9
 12.8 -7.2
 13.1 -7.9
 13.4 -8.3
 13.4 -8.5
 13.3 -8.5
 13.4 -8.7
 13.4 -8.8
 13.2 -8.8
 13.0 -9.1
 13.1 -8.9
 13.0 -9.0
 13.0 -9.1
 13.1 -9.3
 13.2 -9.6
 13.2 -9.7
 13.3 -9.9
 13.4 -10.1
 13.5 -10.3
 13.5 -10.4
 13.8 -10.7
 13.7 -10.8
 13.8 -11.0
 13.8 -11.3
 13.8 -11.5
 13.8 -11.9
 13.6 -12.3
 13.5 -12.4
 13.4 -12.6
 13.3 -12.6
 13.2 -12.6
 13.0 -12.8
 12.9 -12.8
 13.0 -13.0
 12.7 -13.2
 12.6 -13.3
 12.5 -13.4
 12.5 -13.8
 12.5 -13.9
 12.4 -13.9
 12.3 -14.2
 12.3 -14.4
 12.1 -15.2
 12.0 -15.6
 11.9 -15.8
 11.8 -15.8
 11.7 -15.8
 11.7 -15.9
 11.8 -16.0
 11.8 -16.2
 11.8 -16.8
 11.8 -17.2
 11.8 -17.3
 12.0 -17.2
 12.1 -17.1
 12.2 -17.2
 12.4 -17.2
 12.5 -17.3
 12.5 -17.2
 12.9 -17.0
 13.4 -17.0
 13.5 -17.0
 13.5 -17.1
 14.0 -17.4
 14.2 -17.4
 15.6 -17.4
 17.0 -17.4
 18.4 -17.4
 18.5 -17.4
 18.7 -17.7
 18.9 -17.8
 19.5 -17.9
 19.7 -17.8
 19.8 -17.9
 19.9 -17.9
 20.1 -17.9
 20.4 -17.9
 20.8 -18.0
 21.0 -18.0
 21.2 -17.9
 21.4 -18.0
 22.8 -17.7
 23.5 -17.6
 23.2 -17.5
 22.2 -16.6
 22.1 -16.5
 22.1 -16.2
 22.0 -16.2
 22.0 -14.5
 22.0 -13.3
 22.0 -13.0
 22.6 -13.0
 23.3 -13.0
 24.0 -13.0
 23.9 -12.8
 23.9 -12.7
 24.1 -12.4
 24.0 -12.3
 24.0 -12.2
 24.0 -11.8
 24.0 -11.5
 24.1 -11.4
 24.0 -10.9
 23.9 -11.0
 23.5 -11.0
 23.4 -11.0
 23.1 -11.1
 22.9 -11.1
 22.7 -11.1
 22.6 -11.0
 22.5 -11.0
 22.5 -11.1
 22.2 -11.3
 22.2 -11.1
 22.2 -10.9
 22.2 -10.8
 22.3 -10.8
 22.3 -10.5
 22.3 -10.4
 22.1 -9.9
 22.0 -9.9
 21.8 -9.5
 21.8 -9.4
 21.9 -9.2
 21.9 -8.9
 21.9 -8.4
 21.8 -8.1
 21.7 -7.9
 21.8 -7.5
 21.8 -7.3
 21.1 -7.3
 20.5 -7.3
 20.5 -7.1
 20.6 -6.9
 20.3 -6.9
 20.3 -7.0
 19.6 -7.0
 19.5 -7.0
 19.6 -7.1
 19.5 -7.1
 19.5 -7.4
 19.5 -7.5
 19.5 -7.6
 19.4 -7.6
 19.4 -7.9
 19.4 -8.0
 18.8 -8.0
 18.8 -7.9
 18.5 -7.9
 18.5 -8.0
 18.1 -8.0
 18.1 -8.1
 18.0 -8.1
 17.9 -8.0
 17.8 -8.1
 17.7 -8.1
 17.6 -8.1
 17.5 -8.1
 17.5 -8.0
 17.4 -7.9
 17.4 -7.8
 17.3 -7.7
 17.3 -7.6
 17.2 -7.6
 17.1 -7.5
 17.2 -7.4
 17.1 -7.4
 17.0 -7.3
 16.9 -7.2
 17.0 -7.0
 16.9 -6.9
 16.8 -6.8
 16.7 -6.5
 16.7 -6.2
 16.6 -6.0
 16.6 -5.9
 16.4 -5.9
 15.7 -5.9
 15.0 -5.9
 14.3 -5.9
 14.0 -5.8
 13.5 -5.9
 13.4 -5.9
 13.3 -5.9
 13.2 -5.9
 

