0.9 11.0
 0.8 10.5
 0.8 10.4
 1.4 10.0
 1.4 9.6
 1.3 9.5
 1.5 9.3
 1.6 9.1
 1.6 8.9
 1.6 8.5
 1.7 8.5
 1.6 8.4
 1.6 7.3
 1.6 7.0
 1.5 7.0
 1.6 6.8
 1.6 6.7
 1.8 6.4
 1.8 6.3
 1.6 6.2
 1.7 6.2
 2.3 6.3
 2.7 6.4
 2.7 6.6
 2.8 6.7
 2.7 7.0
 2.8 7.0
 2.7 7.1
 2.8 7.1
 2.8 7.4
 2.8 7.5
 2.7 7.6
 2.7 7.8
 2.7 7.9
 2.7 8.1
 2.8 8.6
 2.8 9.1
 3.0 9.1
 3.1 9.1
 3.2 9.3
 3.1 9.4
 3.3 9.6
 3.4 9.7
 3.3 9.8
 3.5 9.8
 3.6 9.9
 3.7 10.2
 3.6 10.3
 3.6 10.4
 3.7 10.4
 3.8 10.4
 3.9 10.6
 3.8 10.7
 3.8 10.8
 3.7 11.1
 3.5 11.4
 3.6 11.7
 3.6 11.8
 3.5 11.9
 3.3 11.9
 3.3 12.0
 3.2 12.1
 2.8 12.4
 2.7 12.3
 2.6 12.3
 2.4 12.2
 2.4 12.0
 2.5 12.0
 2.4 11.9
 2.3 11.8
 2.3 11.7
 2.0 11.4
 1.9 11.4
 1.8 11.4
 1.6 11.4
 1.5 11.5
 1.4 11.4
 1.3 11.3
 1.2 11.3
 1.1 11.2
 1.2 11.2
 1.1 11.1
 1.1 11.0
 1.0 11.1
 1.0 11.0
 0.9 11.0
 

0.9 11.0
 0.8 10.5
 0.8 10.4
 1.4 10.0
 1.4 9.6
 1.3 9.5
 1.5 9.3
 1.6 9.1
 1.6 8.9
 1.6 8.5
 1.7 8.5
 1.6 8.4
 1.6 7.3
 1.6 7.0
 1.5 7.0
 1.6 6.8
 1.6 6.7
 1.8 6.4
 1.8 6.3
 1.6 6.2
 1.7 6.2
 2.3 6.3
 2.7 6.4
 2.7 6.6
 2.8 6.7
 2.7 7.0
 2.8 7.0
 2.7 7.1
 2.8 7.1
 2.8 7.4
 2.8 7.5
 2.7 7.6
 2.7 7.8
 2.7 7.9
 2.7 8.1
 2.8 8.6
 2.8 9.1
 3.0 9.1
 3.1 9.1
 3.2 9.3
 3.1 9.4
 3.3 9.6
 3.4 9.7
 3.3 9.8
 3.5 9.8
 3.6 9.9
 3.7 10.2
 3.6 10.3
 3.6 10.4
 3.7 10.4
 3.8 10.4
 3.9 10.6
 3.8 10.7
 3.8 10.8
 3.7 11.1
 3.5 11.4
 3.6 11.7
 3.6 11.8
 3.5 11.9
 3.3 11.9
 3.3 12.0
 3.2 12.1
 2.8 12.4
 2.7 12.3
 2.6 12.3
 2.4 12.2
 2.4 12.0
 2.5 12.0
 2.4 11.9
 2.3 11.8
 2.3 11.7
 2.0 11.4
 1.9 11.4
 1.8 11.4
 1.6 11.4
 1.5 11.5
 1.4 11.4
 1.3 11.3
 1.2 11.3
 1.1 11.2
 1.2 11.2
 1.1 11.1
 1.1 11.0
 1.0 11.1
 1.0 11.0
 0.9 11.0
 

