21.0 -18.3
 21.0 -19.3
 21.0 -20.6
 21.0 -22.0
 20.0 -22.0
 20.0 -22.1
 20.0 -23.4
 20.0 -24.8
 20.2 -24.9
 20.4 -25.0
 20.6 -25.4
 20.7 -25.5
 20.6 -25.5
 20.7 -25.6
 20.7 -25.7
 20.8 -25.8
 20.9 -26.1
 20.7 -26.4
 20.6 -26.4
 20.6 -26.8
 20.7 -26.9
 20.9 -26.8
 21.1 -26.9
 21.3 -26.8
 21.5 -26.9
 21.7 -26.9
 21.8 -26.8
 21.8 -26.7
 21.9 -26.7
 22.1 -26.6
 22.2 -26.4
 22.5 -26.2
 22.7 -26.0
 22.7 -25.9
 22.8 -25.8
 22.7 -25.8
 22.8 -25.7
 22.8 -25.6
 22.9 -25.4
 23.1 -25.3
 23.5 -25.3
 23.7 -25.5
 23.8 -25.6
 24.0 -25.6
 24.0 -25.7
 24.2 -25.6
 24.3 -25.7
 24.4 -25.8
 24.4 -25.7
 24.5 -25.8
 24.8 -25.8
 25.0 -25.7
 25.2 -25.8
 25.4 -25.7
 25.6 -25.6
 25.8 -25.0
 25.9 -24.7
 26.4 -24.6
 26.5 -24.6
 26.6 -24.4
 26.8 -24.3
 27.0 -23.8
 27.0 -23.6
 27.0 -23.7
 27.1 -23.7
 27.1 -23.6
 27.4 -23.4
 27.5 -23.4
 27.6 -23.3
 27.6 -23.2
 27.7 -23.2
 27.8 -23.2
 27.8 -23.1
 27.9 -23.1
 27.9 -23.0
 28.0 -22.9
 28.1 -22.9
 28.0 -22.8
 28.1 -22.8
 28.2 -22.7
 28.4 -22.6
 28.6 -22.6
 28.9 -22.5
 29.0 -22.4
 29.0 -22.3
 29.1 -22.2
 29.4 -22.2
 29.3 -22.1
 29.2 -22.1
 29.1 -22.0
 29.0 -22.0
 29.0 -21.9
 29.1 -21.8
 28.6 -21.6
 28.5 -21.7
 28.4 -21.6
 28.2 -21.6
 28.0 -21.6
 27.9 -21.3
 27.7 -21.1
 27.7 -20.8
 27.7 -20.6
 27.7 -20.5
 27.4 -20.5
 27.3 -20.5
 27.3 -20.3
 27.2 -20.1
 27.0 -20.0
 26.6 -19.9
 26.6 -19.8
 26.4 -19.7
 26.3 -19.7
 26.3 -19.6
 26.2 -19.5
 26.0 -19.1
 26.0 -18.9
 25.8 -18.8
 25.8 -18.7
 25.7 -18.5
 25.4 -18.1
 25.3 -18.1
 25.2 -17.9
 25.3 -17.8
 24.8 -17.8
 24.6 -18.0
 24.5 -18.1
 24.5 -18.0
 24.4 -17.9
 24.0 -18.2
 23.8 -18.3
 23.6 -18.5
 23.5 -18.3
 23.5 -18.2
 23.3 -18.0
 21.5 -18.3
 21.0 -18.3
 

21.0 -18.3
 21.0 -19.3
 21.0 -20.6
 21.0 -22.0
 20.0 -22.0
 20.0 -22.1
 20.0 -23.4
 20.0 -24.8
 20.2 -24.9
 20.4 -25.0
 20.6 -25.4
 20.7 -25.5
 20.6 -25.5
 20.7 -25.6
 20.7 -25.7
 20.8 -25.8
 20.9 -26.1
 20.7 -26.4
 20.6 -26.4
 20.6 -26.8
 20.7 -26.9
 20.9 -26.8
 21.1 -26.9
 21.3 -26.8
 21.5 -26.9
 21.7 -26.9
 21.8 -26.8
 21.8 -26.7
 21.9 -26.7
 22.1 -26.6
 22.2 -26.4
 22.5 -26.2
 22.7 -26.0
 22.7 -25.9
 22.8 -25.8
 22.7 -25.8
 22.8 -25.7
 22.8 -25.6
 22.9 -25.4
 23.1 -25.3
 23.5 -25.3
 23.7 -25.5
 23.8 -25.6
 24.0 -25.6
 24.0 -25.7
 24.2 -25.6
 24.3 -25.7
 24.4 -25.8
 24.4 -25.7
 24.5 -25.8
 24.8 -25.8
 25.0 -25.7
 25.2 -25.8
 25.4 -25.7
 25.6 -25.6
 25.8 -25.0
 25.9 -24.7
 26.4 -24.6
 26.5 -24.6
 26.6 -24.4
 26.8 -24.3
 27.0 -23.8
 27.0 -23.6
 27.0 -23.7
 27.1 -23.7
 27.1 -23.6
 27.4 -23.4
 27.5 -23.4
 27.6 -23.3
 27.6 -23.2
 27.7 -23.2
 27.8 -23.2
 27.8 -23.1
 27.9 -23.1
 27.9 -23.0
 28.0 -22.9
 28.1 -22.9
 28.0 -22.8
 28.1 -22.8
 28.2 -22.7
 28.4 -22.6
 28.6 -22.6
 28.9 -22.5
 29.0 -22.4
 29.0 -22.3
 29.1 -22.2
 29.4 -22.2
 29.3 -22.1
 29.2 -22.1
 29.1 -22.0
 29.0 -22.0
 29.0 -21.9
 29.1 -21.8
 28.6 -21.6
 28.5 -21.7
 28.4 -21.6
 28.2 -21.6
 28.0 -21.6
 27.9 -21.3
 27.7 -21.1
 27.7 -20.8
 27.7 -20.6
 27.7 -20.5
 27.4 -20.5
 27.3 -20.5
 27.3 -20.3
 27.2 -20.1
 27.0 -20.0
 26.6 -19.9
 26.6 -19.8
 26.4 -19.7
 26.3 -19.7
 26.3 -19.6
 26.2 -19.5
 26.0 -19.1
 26.0 -18.9
 25.8 -18.8
 25.8 -18.7
 25.7 -18.5
 25.4 -18.1
 25.3 -18.1
 25.2 -17.9
 25.3 -17.8
 24.8 -17.8
 24.6 -18.0
 24.5 -18.1
 24.5 -18.0
 24.4 -17.9
 24.0 -18.2
 23.8 -18.3
 23.6 -18.5
 23.5 -18.3
 23.5 -18.2
 23.3 -18.0
 21.5 -18.3
 21.0 -18.3
 

