13.2 -5.9
 13.3 -5.9
 13.4 -5.9
 13.5 -5.9
 14.0 -5.8
 14.3 -5.9
 15.0 -5.9
 15.7 -5.9
 16.4 -5.9
 16.6 -5.9
 16.6 -6.0
 16.7 -6.2
 16.7 -6.5
 16.8 -6.8
 16.9 -6.9
 17.0 -7.0
 16.9 -7.2
 17.0 -7.3
 17.1 -7.4
 17.2 -7.4
 17.1 -7.5
 17.2 -7.6
 17.3 -7.6
 17.3 -7.7
 17.4 -7.8
 17.4 -7.9
 17.5 -8.0
 17.5 -8.1
 17.6 -8.1
 17.7 -8.1
 17.8 -8.1
 17.9 -8.0
 18.0 -8.1
 18.1 -8.1
 18.1 -8.0
 18.5 -8.0
 18.5 -7.9
 18.8 -7.9
 18.8 -8.0
 19.4 -8.0
 19.4 -7.9
 19.4 -7.6
 19.5 -7.6
 19.5 -7.5
 19.5 -7.4
 19.5 -7.1
 19.6 -7.1
 19.5 -7.0
 19.6 -7.0
 20.3 -7.0
 20.3 -6.9
 20.6 -6.9
 20.5 -7.1
 20.5 -7.3
 21.1 -7.3
 21.8 -7.3
 21.8 -7.5
 21.7 -7.9
 21.8 -8.1
 21.9 -8.4
 21.9 -8.9
 21.9 -9.2
 21.8 -9.4
 21.8 -9.5
 22.0 -9.9
 22.1 -9.9
 22.3 -10.4
 22.3 -10.5
 22.3 -10.8
 22.2 -10.8
 22.2 -10.9
 22.2 -11.1
 22.2 -11.3
 22.5 -11.1
 22.5 -11.0
 22.6 -11.0
 22.7 -11.1
 22.9 -11.1
 23.1 -11.1
 23.4 -11.0
 23.5 -11.0
 23.9 -11.0
 24.0 -10.9
 24.1 -10.9
 24.1 -11.0
 24.3 -11.1
 24.4 -11.1
 24.4 -11.3
 24.4 -11.4
 24.3 -11.4
 24.4 -11.4
 24.4 -11.5
 24.5 -11.5
 24.7 -11.3
 24.8 -11.3
 25.3 -11.2
 25.3 -11.4
 25.4 -11.6
 25.5 -11.7
 25.5 -11.8
 25.6 -11.8
 25.8 -11.8
 25.9 -11.8
 26.0 -11.9
 26.5 -11.9
 26.7 -12.0
 26.9 -12.0
 27.0 -11.9
 27.0 -11.6
 27.1 -11.6
 27.2 -11.6
 27.2 -11.8
 27.5 -12.0
 27.5 -12.2
 27.7 -12.3
 27.8 -12.3
 27.9 -12.3
 28.0 -12.3
 28.0 -12.4
 28.2 -12.4
 28.4 -12.5
 28.5 -12.7
 28.6 -12.9
 28.6 -12.8
 28.7 -12.8
 28.8 -13.0
 28.8 -13.1
 28.9 -13.2
 29.0 -13.3
 29.0 -13.4
 29.1 -13.4
 29.2 -13.4
 29.6 -13.2
 29.7 -13.3
 29.6 -13.4
 29.7 -13.4
 29.8 -13.5
 29.8 -12.8
 29.8 -12.2
 29.5 -12.2
 29.5 -12.3
 29.5 -12.4
 29.5 -12.5
 29.2 -12.4
 29.0 -12.4
 28.8 -12.1
 28.5 -11.8
 28.4 -11.5
 28.4 -11.4
 28.5 -11.2
 28.5 -11.0
 28.6 -10.7
 28.7 -10.7
 28.6 -10.2
 28.6 -10.1
 28.7 -9.8
 28.6 -9.6
 28.5 -9.4
 28.4 -9.3
 28.4 -9.2
 28.5 -9.2
 28.7 -9.0
 29.0 -8.7
 29.0 -8.6
 28.9 -8.5
 29.4 -8.4
 30.1 -8.3
 30.6 -8.2
 30.4 -7.9
 30.3 -7.9
 30.2 -7.6
 30.2 -7.5
 30.1 -7.2
 30.0 -7.1
 29.8 -7.1
 29.5 -6.7
 29.5 -6.5
 29.4 -6.5
 29.3 -6.2
 29.2 -6.1
 29.2 -5.9
 29.3 -5.8
 29.3 -5.7
 29.3 -5.6
 29.4 -5.6
 29.3 -5.5
 29.1 -5.2
 29.1 -4.8
 29.2 -4.5
 29.3 -4.1
 29.2 -4.1
 29.1 -4.3
 29.0 -4.3
 29.1 -4.2
 29.1 -3.9
 29.1 -3.8
 29.2 -3.7
 29.1 -3.4
 29.2 -3.4
 29.2 -3.3
 29.2 -3.2
 29.2 -3.1
 29.2 -3.0
 29.1 -3.0
 29.1 -2.9
 29.0 -2.8
 29.0 -2.7
 28.9 -2.7
 28.9 -2.5
 28.9 -2.4
 29.0 -2.4
 29.0 -2.3
 29.1 -2.3
 29.1 -2.2
 29.2 -2.1
 29.1 -1.9
 29.1 -1.8
 29.2 -1.7
 29.4 -1.5
 29.6 -1.4
 29.6 -0.9
 29.6 -0.6
 29.7 -0.6
 29.7 -0.5
 29.7 -0.1
 29.7 0.1
 29.8 0.2
 29.9 0.4
 30.0 0.5
 29.9 0.6
 30.0 0.8
 30.2 1.0
 30.2 1.1
 30.3 1.2
 30.5 1.2
 30.5 1.3
 30.4 1.2
 30.4 1.3
 30.7 1.7
 31.0 2.0
 31.3 2.2
 31.2 2.2
 31.2 2.3
 31.0 2.3
 31.1 2.3
 31.0 2.4
 30.9 2.4
 30.9 2.3
 30.9 2.4
 30.8 2.4
 30.7 2.4
 30.8 2.7
 30.9 2.8
 30.9 2.9
 30.8 3.0
 30.8 3.1
 30.9 3.4
 30.9 3.5
 30.9 3.6
 30.8 3.7
 30.6 3.6
 30.6 3.7
 30.5 3.9
 30.2 4.0
 30.1 4.1
 30.0 4.2
 29.9 4.2
 30.0 4.3
 29.9 4.3
 29.8 4.3
 29.8 4.4
 29.8 4.6
 29.7 4.6
 29.5 4.7
 29.3 4.4
 29.2 4.3
 29.1 4.5
 28.9 4.5
 28.8 4.6
 28.7 4.4
 28.5 4.4
 28.4 4.3
 28.3 4.4
 28.2 4.3
 28.2 4.4
 28.1 4.4
 28.0 4.6
 27.9 4.6
 27.8 4.6
 27.8 4.8
 27.7 4.8
 27.6 4.9
 27.5 5.0
 27.4 5.1
 27.1 5.2
 26.9 5.1
 26.9 5.0
 26.6 5.1
 26.5 5.0
 26.2 5.2
 26.1 5.2
 26.0 5.2
 25.9 5.2
 25.8 5.2
 25.5 5.3
 25.4 5.3
 25.3 5.2
 25.3 5.1
 25.2 5.0
 25.1 5.0
 25.1 4.9
 25.0 5.0
 24.7 4.9
 24.5 5.1
 24.4 5.1
 24.4 5.0
 24.2 4.9
 24.1 4.9
 23.7 4.8
 23.4 4.7
 23.4 4.6
 23.3 4.6
 23.2 4.7
 23.0 4.7
 23.0 4.8
 22.9 4.8
 22.9 4.7
 22.8 4.7
 22.7 4.6
 22.7 4.5
 22.6 4.5
 22.6 4.4
 22.5 4.2
 22.4 4.1
 22.3 4.1
 21.9 4.2
 21.7 4.3
 21.6 4.2
 21.4 4.3
 21.3 4.3
 21.2 4.3
 21.0 4.4
 20.8 4.4
 20.6 4.4
 20.5 4.5
 20.4 4.7
 20.3 4.8
 19.9 5.0
 19.8 5.1
 19.6 5.2
 19.4 5.1
 19.3 5.0
 19.1 4.9
 18.8 4.5
 18.8 4.4
 18.7 4.4
 18.6 4.4
 18.5 4.3
 18.6 4.2
 18.6 4.0
 18.6 3.8
 18.6 3.5
 18.6 3.2
 18.6 3.1
 18.5 3.1
 18.4 2.7
 18.3 2.6
 18.2 2.4
 18.1 2.2
 18.1 1.7
 18.0 1.4
 17.9 1.0
 18.0 0.4
 17.9 0.4
 17.8 0.1
 17.7 -0.2
 17.7 -0.3
 17.7 -0.4
 17.6 -0.7
 17.3 -1.0
 17.0 -1.2
 16.8 -1.3
 16.6 -1.8
 16.4 -2.0
 16.2 -2.2
 16.2 -2.8
 16.2 -3.1
 16.2 -3.3
 16.0 -3.8
 15.9 -3.9
 15.8 -4.0
 15.6 -4.0
 15.5 -4.1
 15.5 -4.2
 15.4 -4.3
 15.3 -4.3
 15.2 -4.4
 14.8 -4.8
 14.7 -4.9
 14.5 -4.8
 14.4 -4.9
 14.4 -4.6
 14.5 -4.5
 14.5 -4.4
 14.4 -4.3
 14.0 -4.5
 13.9 -4.5
 13.8 -4.4
 13.7 -4.4
 13.7 -4.7
 13.5 -4.8
 13.4 -4.9
 13.4 -4.8
 13.2 -4.7
 13.1 -4.6
 13.1 -4.7
 12.8 -4.7
 12.7 -4.9
 12.5 -5.1
 12.5 -5.7
 12.3 -5.7
 12.2 -5.8
 12.3 -5.9
 12.4 -6.0
 12.5 -6.0
 12.4 -6.0
 12.7 -6.0
 12.8 -5.9
 12.9 -5.8
 13.2 -5.9
 

13.2 -5.9
 13.3 -5.9
 13.4 -5.9
 13.5 -5.9
 14.0 -5.8
 14.3 -5.9
 15.0 -5.9
 15.7 -5.9
 16.4 -5.9
 16.6 -5.9
 16.6 -6.0
 16.7 -6.2
 16.7 -6.5
 16.8 -6.8
 16.9 -6.9
 17.0 -7.0
 16.9 -7.2
 17.0 -7.3
 17.1 -7.4
 17.2 -7.4
 17.1 -7.5
 17.2 -7.6
 17.3 -7.6
 17.3 -7.7
 17.4 -7.8
 17.4 -7.9
 17.5 -8.0
 17.5 -8.1
 17.6 -8.1
 17.7 -8.1
 17.8 -8.1
 17.9 -8.0
 18.0 -8.1
 18.1 -8.1
 18.1 -8.0
 18.5 -8.0
 18.5 -7.9
 18.8 -7.9
 18.8 -8.0
 19.4 -8.0
 19.4 -7.9
 19.4 -7.6
 19.5 -7.6
 19.5 -7.5
 19.5 -7.4
 19.5 -7.1
 19.6 -7.1
 19.5 -7.0
 19.6 -7.0
 20.3 -7.0
 20.3 -6.9
 20.6 -6.9
 20.5 -7.1
 20.5 -7.3
 21.1 -7.3
 21.8 -7.3
 21.8 -7.5
 21.7 -7.9
 21.8 -8.1
 21.9 -8.4
 21.9 -8.9
 21.9 -9.2
 21.8 -9.4
 21.8 -9.5
 22.0 -9.9
 22.1 -9.9
 22.3 -10.4
 22.3 -10.5
 22.3 -10.8
 22.2 -10.8
 22.2 -10.9
 22.2 -11.1
 22.2 -11.3
 22.5 -11.1
 22.5 -11.0
 22.6 -11.0
 22.7 -11.1
 22.9 -11.1
 23.1 -11.1
 23.4 -11.0
 23.5 -11.0
 23.9 -11.0
 24.0 -10.9
 24.1 -10.9
 24.1 -11.0
 24.3 -11.1
 24.4 -11.1
 24.4 -11.3
 24.4 -11.4
 24.3 -11.4
 24.4 -11.4
 24.4 -11.5
 24.5 -11.5
 24.7 -11.3
 24.8 -11.3
 25.3 -11.2
 25.3 -11.4
 25.4 -11.6
 25.5 -11.7
 25.5 -11.8
 25.6 -11.8
 25.8 -11.8
 25.9 -11.8
 26.0 -11.9
 26.5 -11.9
 26.7 -12.0
 26.9 -12.0
 27.0 -11.9
 27.0 -11.6
 27.1 -11.6
 27.2 -11.6
 27.2 -11.8
 27.5 -12.0
 27.5 -12.2
 27.7 -12.3
 27.8 -12.3
 27.9 -12.3
 28.0 -12.3
 28.0 -12.4
 28.2 -12.4
 28.4 -12.5
 28.5 -12.7
 28.6 -12.9
 28.6 -12.8
 28.7 -12.8
 28.8 -13.0
 28.8 -13.1
 28.9 -13.2
 29.0 -13.3
 29.0 -13.4
 29.1 -13.4
 29.2 -13.4
 29.6 -13.2
 29.7 -13.3
 29.6 -13.4
 29.7 -13.4
 29.8 -13.5
 29.8 -12.8
 29.8 -12.2
 29.5 -12.2
 29.5 -12.3
 29.5 -12.4
 29.5 -12.5
 29.2 -12.4
 29.0 -12.4
 28.8 -12.1
 28.5 -11.8
 28.4 -11.5
 28.4 -11.4
 28.5 -11.2
 28.5 -11.0
 28.6 -10.7
 28.7 -10.7
 28.6 -10.2
 28.6 -10.1
 28.7 -9.8
 28.6 -9.6
 28.5 -9.4
 28.4 -9.3
 28.4 -9.2
 28.5 -9.2
 28.7 -9.0
 29.0 -8.7
 29.0 -8.6
 28.9 -8.5
 29.4 -8.4
 30.1 -8.3
 30.6 -8.2
 30.4 -7.9
 30.3 -7.9
 30.2 -7.6
 30.2 -7.5
 30.1 -7.2
 30.0 -7.1
 29.8 -7.1
 29.5 -6.7
 29.5 -6.5
 29.4 -6.5
 29.3 -6.2
 29.2 -6.1
 29.2 -5.9
 29.3 -5.8
 29.3 -5.7
 29.3 -5.6
 29.4 -5.6
 29.3 -5.5
 29.1 -5.2
 29.1 -4.8
 29.2 -4.5
 29.3 -4.1
 29.2 -4.1
 29.1 -4.3
 29.0 -4.3
 29.1 -4.2
 29.1 -3.9
 29.1 -3.8
 29.2 -3.7
 29.1 -3.4
 29.2 -3.4
 29.2 -3.3
 29.2 -3.2
 29.2 -3.1
 29.2 -3.0
 29.1 -3.0
 29.1 -2.9
 29.0 -2.8
 29.0 -2.7
 28.9 -2.7
 28.9 -2.5
 28.9 -2.4
 29.0 -2.4
 29.0 -2.3
 29.1 -2.3
 29.1 -2.2
 29.2 -2.1
 29.1 -1.9
 29.1 -1.8
 29.2 -1.7
 29.4 -1.5
 29.6 -1.4
 29.6 -0.9
 29.6 -0.6
 29.7 -0.6
 29.7 -0.5
 29.7 -0.1
 29.7 0.1
 29.8 0.2
 29.9 0.4
 30.0 0.5
 29.9 0.6
 30.0 0.8
 30.2 1.0
 30.2 1.1
 30.3 1.2
 30.5 1.2
 30.5 1.3
 30.4 1.2
 30.4 1.3
 30.7 1.7
 31.0 2.0
 31.3 2.2
 31.2 2.2
 31.2 2.3
 31.0 2.3
 31.1 2.3
 31.0 2.4
 30.9 2.4
 30.9 2.3
 30.9 2.4
 30.8 2.4
 30.7 2.4
 30.8 2.7
 30.9 2.8
 30.9 2.9
 30.8 3.0
 30.8 3.1
 30.9 3.4
 30.9 3.5
 30.9 3.6
 30.8 3.7
 30.6 3.6
 30.6 3.7
 30.5 3.9
 30.2 4.0
 30.1 4.1
 30.0 4.2
 29.9 4.2
 30.0 4.3
 29.9 4.3
 29.8 4.3
 29.8 4.4
 29.8 4.6
 29.7 4.6
 29.5 4.7
 29.3 4.4
 29.2 4.3
 29.1 4.5
 28.9 4.5
 28.8 4.6
 28.7 4.4
 28.5 4.4
 28.4 4.3
 28.3 4.4
 28.2 4.3
 28.2 4.4
 28.1 4.4
 28.0 4.6
 27.9 4.6
 27.8 4.6
 27.8 4.8
 27.7 4.8
 27.6 4.9
 27.5 5.0
 27.4 5.1
 27.1 5.2
 26.9 5.1
 26.9 5.0
 26.6 5.1
 26.5 5.0
 26.2 5.2
 26.1 5.2
 26.0 5.2
 25.9 5.2
 25.8 5.2
 25.5 5.3
 25.4 5.3
 25.3 5.2
 25.3 5.1
 25.2 5.0
 25.1 5.0
 25.1 4.9
 25.0 5.0
 24.7 4.9
 24.5 5.1
 24.4 5.1
 24.4 5.0
 24.2 4.9
 24.1 4.9
 23.7 4.8
 23.4 4.7
 23.4 4.6
 23.3 4.6
 23.2 4.7
 23.0 4.7
 23.0 4.8
 22.9 4.8
 22.9 4.7
 22.8 4.7
 22.7 4.6
 22.7 4.5
 22.6 4.5
 22.6 4.4
 22.5 4.2
 22.4 4.1
 22.3 4.1
 21.9 4.2
 21.7 4.3
 21.6 4.2
 21.4 4.3
 21.3 4.3
 21.2 4.3
 21.0 4.4
 20.8 4.4
 20.6 4.4
 20.5 4.5
 20.4 4.7
 20.3 4.8
 19.9 5.0
 19.8 5.1
 19.6 5.2
 19.4 5.1
 19.3 5.0
 19.1 4.9
 18.8 4.5
 18.8 4.4
 18.7 4.4
 18.6 4.4
 18.5 4.3
 18.6 4.2
 18.6 4.0
 18.6 3.8
 18.6 3.5
 18.6 3.2
 18.6 3.1
 18.5 3.1
 18.4 2.7
 18.3 2.6
 18.2 2.4
 18.1 2.2
 18.1 1.7
 18.0 1.4
 17.9 1.0
 18.0 0.4
 17.9 0.4
 17.8 0.1
 17.7 -0.2
 17.7 -0.3
 17.7 -0.4
 17.6 -0.7
 17.3 -1.0
 17.0 -1.2
 16.8 -1.3
 16.6 -1.8
 16.4 -2.0
 16.2 -2.2
 16.2 -2.8
 16.2 -3.1
 16.2 -3.3
 16.0 -3.8
 15.9 -3.9
 15.8 -4.0
 15.6 -4.0
 15.5 -4.1
 15.5 -4.2
 15.4 -4.3
 15.3 -4.3
 15.2 -4.4
 14.8 -4.8
 14.7 -4.9
 14.5 -4.8
 14.4 -4.9
 14.4 -4.6
 14.5 -4.5
 14.5 -4.4
 14.4 -4.3
 14.0 -4.5
 13.9 -4.5
 13.8 -4.4
 13.7 -4.4
 13.7 -4.7
 13.5 -4.8
 13.4 -4.9
 13.4 -4.8
 13.2 -4.7
 13.1 -4.6
 13.1 -4.7
 12.8 -4.7
 12.7 -4.9
 12.5 -5.1
 12.5 -5.7
 12.3 -5.7
 12.2 -5.8
 12.3 -5.9
 12.4 -6.0
 12.5 -6.0
 12.4 -6.0
 12.7 -6.0
 12.8 -5.9
 12.9 -5.8
 13.2 -5.9
 

