15.5 7.5
 15.4 7.4
 15.5 7.4
 15.2 7.2
 15.1 6.8
 15.0 6.7
 14.8 6.3
 14.7 6.3
 14.5 6.1
 14.4 6.0
 14.5 5.9
 14.6 5.9
 14.6 5.8
 14.6 5.7
 14.6 5.6
 14.6 5.4
 14.5 5.3
 14.7 5.1
 14.7 4.9
 14.7 4.6
 14.9 4.5
 15.0 4.4
 15.1 4.2
 15.1 4.1
 15.2 4.0
 15.0 4.0
 15.1 3.9
 15.3 3.7
 15.9 3.1
 16.1 2.9
 16.1 2.8
 16.1 2.7
 16.2 2.3
 16.2 2.2
 16.5 2.8
 16.5 3.2
 16.6 3.5
 16.7 3.5
 16.9 3.5
 16.9 3.6
 17.0 3.5
 17.1 3.6
 17.4 3.6
 17.4 3.7
 17.5 3.7
 17.6 3.6
 17.8 3.6
 17.9 3.5
 17.9 3.6
 18.0 3.5
 18.0 3.6
 18.1 3.6
 18.2 3.5
 18.3 3.6
 18.4 3.6
 18.5 3.6
 18.6 3.5
 18.6 3.8
 18.6 4.0
 18.6 4.2
 18.5 4.3
 18.6 4.4
 18.7 4.4
 18.8 4.4
 18.8 4.5
 19.1 4.9
 19.3 5.0
 19.4 5.1
 19.6 5.2
 19.8 5.1
 19.9 5.0
 20.3 4.8
 20.4 4.7
 20.5 4.5
 20.6 4.4
 20.8 4.4
 21.0 4.4
 21.2 4.3
 21.3 4.3
 21.4 4.3
 21.6 4.2
 21.7 4.3
 21.9 4.2
 22.3 4.1
 22.4 4.1
 22.5 4.2
 22.6 4.4
 22.6 4.5
 22.7 4.5
 22.7 4.6
 22.8 4.7
 22.9 4.7
 22.9 4.8
 23.0 4.8
 23.0 4.7
 23.2 4.7
 23.3 4.6
 23.4 4.6
 23.4 4.7
 23.7 4.8
 24.1 4.9
 24.2 4.9
 24.4 5.0
 24.4 5.1
 24.5 5.1
 24.7 4.9
 25.0 5.0
 25.1 4.9
 25.1 5.0
 25.2 5.0
 25.3 5.1
 25.3 5.2
 25.4 5.3
 25.5 5.3
 25.8 5.2
 25.9 5.2
 26.0 5.2
 26.1 5.2
 26.2 5.2
 26.5 5.0
 26.6 5.1
 26.9 5.0
 26.9 5.1
 27.1 5.2
 27.4 5.1
 27.5 5.0
 27.5 5.1
 27.3 5.2
 27.2 5.4
 27.3 5.5
 27.1 5.8
 26.8 5.9
 26.8 6.0
 26.6 6.0
 26.5 6.1
 26.4 6.1
 26.5 6.1
 26.5 6.2
 26.3 6.4
 26.4 6.6
 26.4 6.7
 26.1 6.9
 26.0 7.0
 25.4 7.3
 25.3 7.4
 25.2 7.5
 25.2 7.6
 25.3 7.6
 25.3 7.8
 25.2 7.9
 25.1 7.9
 25.0 8.0
 24.9 8.2
 24.8 8.2
 24.5 8.2
 24.5 8.3
 24.4 8.2
 24.2 8.3
 24.1 8.4
 24.2 8.5
 24.3 8.6
 24.3 8.7
 24.2 8.7
 23.5 8.7
 23.5 8.8
 23.6 8.9
 23.6 9.0
 23.5 9.0
 23.4 9.0
 23.5 9.2
 23.7 9.3
 23.6 9.5
 23.7 9.7
 23.7 9.9
 23.3 10.5
 23.0 10.7
 22.9 10.9
 22.8 11.0
 22.5 11.0
 22.2 10.9
 22.2 10.8
 22.1 10.8
 22.0 10.8
 22.0 10.7
 21.7 10.6
 21.7 10.5
 21.7 10.3
 21.7 10.2
 21.5 10.2
 21.4 10.0
 21.3 10.0
 21.0 9.7
 21.0 9.6
 20.7 9.4
 20.7 9.3
 20.5 9.3
 20.5 9.2
 20.3 9.1
 20.1 9.1
 19.9 9.0
 19.4 9.0
 19.1 9.0
 18.9 8.9
 18.9 8.8
 19.1 8.7
 19.1 8.6
 18.8 8.3
 18.7 8.2
 18.6 8.1
 18.6 8.0
 18.0 8.0
 17.9 8.0
 17.7 8.0
 17.4 7.9
 17.2 7.7
 16.9 7.6
 16.8 7.5
 16.6 7.7
 16.6 7.8
 16.6 7.9
 16.4 7.8
 16.4 7.7
 16.3 7.6
 15.8 7.5
 15.7 7.5
 15.5 7.5
 

15.5 7.5
 15.4 7.4
 15.5 7.4
 15.2 7.2
 15.1 6.8
 15.0 6.7
 14.8 6.3
 14.7 6.3
 14.5 6.1
 14.4 6.0
 14.5 5.9
 14.6 5.9
 14.6 5.8
 14.6 5.7
 14.6 5.6
 14.6 5.4
 14.5 5.3
 14.7 5.1
 14.7 4.9
 14.7 4.6
 14.9 4.5
 15.0 4.4
 15.1 4.2
 15.1 4.1
 15.2 4.0
 15.0 4.0
 15.1 3.9
 15.3 3.7
 15.9 3.1
 16.1 2.9
 16.1 2.8
 16.1 2.7
 16.2 2.3
 16.2 2.2
 16.5 2.8
 16.5 3.2
 16.6 3.5
 16.7 3.5
 16.9 3.5
 16.9 3.6
 17.0 3.5
 17.1 3.6
 17.4 3.6
 17.4 3.7
 17.5 3.7
 17.6 3.6
 17.8 3.6
 17.9 3.5
 17.9 3.6
 18.0 3.5
 18.0 3.6
 18.1 3.6
 18.2 3.5
 18.3 3.6
 18.4 3.6
 18.5 3.6
 18.6 3.5
 18.6 3.8
 18.6 4.0
 18.6 4.2
 18.5 4.3
 18.6 4.4
 18.7 4.4
 18.8 4.4
 18.8 4.5
 19.1 4.9
 19.3 5.0
 19.4 5.1
 19.6 5.2
 19.8 5.1
 19.9 5.0
 20.3 4.8
 20.4 4.7
 20.5 4.5
 20.6 4.4
 20.8 4.4
 21.0 4.4
 21.2 4.3
 21.3 4.3
 21.4 4.3
 21.6 4.2
 21.7 4.3
 21.9 4.2
 22.3 4.1
 22.4 4.1
 22.5 4.2
 22.6 4.4
 22.6 4.5
 22.7 4.5
 22.7 4.6
 22.8 4.7
 22.9 4.7
 22.9 4.8
 23.0 4.8
 23.0 4.7
 23.2 4.7
 23.3 4.6
 23.4 4.6
 23.4 4.7
 23.7 4.8
 24.1 4.9
 24.2 4.9
 24.4 5.0
 24.4 5.1
 24.5 5.1
 24.7 4.9
 25.0 5.0
 25.1 4.9
 25.1 5.0
 25.2 5.0
 25.3 5.1
 25.3 5.2
 25.4 5.3
 25.5 5.3
 25.8 5.2
 25.9 5.2
 26.0 5.2
 26.1 5.2
 26.2 5.2
 26.5 5.0
 26.6 5.1
 26.9 5.0
 26.9 5.1
 27.1 5.2
 27.4 5.1
 27.5 5.0
 27.5 5.1
 27.3 5.2
 27.2 5.4
 27.3 5.5
 27.1 5.8
 26.8 5.9
 26.8 6.0
 26.6 6.0
 26.5 6.1
 26.4 6.1
 26.5 6.1
 26.5 6.2
 26.3 6.4
 26.4 6.6
 26.4 6.7
 26.1 6.9
 26.0 7.0
 25.4 7.3
 25.3 7.4
 25.2 7.5
 25.2 7.6
 25.3 7.6
 25.3 7.8
 25.2 7.9
 25.1 7.9
 25.0 8.0
 24.9 8.2
 24.8 8.2
 24.5 8.2
 24.5 8.3
 24.4 8.2
 24.2 8.3
 24.1 8.4
 24.2 8.5
 24.3 8.6
 24.3 8.7
 24.2 8.7
 23.5 8.7
 23.5 8.8
 23.6 8.9
 23.6 9.0
 23.5 9.0
 23.4 9.0
 23.5 9.2
 23.7 9.3
 23.6 9.5
 23.7 9.7
 23.7 9.9
 23.3 10.5
 23.0 10.7
 22.9 10.9
 22.8 11.0
 22.5 11.0
 22.2 10.9
 22.2 10.8
 22.1 10.8
 22.0 10.8
 22.0 10.7
 21.7 10.6
 21.7 10.5
 21.7 10.3
 21.7 10.2
 21.5 10.2
 21.4 10.0
 21.3 10.0
 21.0 9.7
 21.0 9.6
 20.7 9.4
 20.7 9.3
 20.5 9.3
 20.5 9.2
 20.3 9.1
 20.1 9.1
 19.9 9.0
 19.4 9.0
 19.1 9.0
 18.9 8.9
 18.9 8.8
 19.1 8.7
 19.1 8.6
 18.8 8.3
 18.7 8.2
 18.6 8.1
 18.6 8.0
 18.0 8.0
 17.9 8.0
 17.7 8.0
 17.4 7.9
 17.2 7.7
 16.9 7.6
 16.8 7.5
 16.6 7.7
 16.6 7.8
 16.6 7.9
 16.4 7.8
 16.4 7.7
 16.3 7.6
 15.8 7.5
 15.7 7.5
 15.5 7.5
 

