11.1 -3.9
 11.2 -3.9
 11.3 -4.1
 11.4 -4.2
 11.7 -4.5
 11.8 -4.6
 12.0 -5.0
 12.2 -4.9
 12.2 -4.8
 12.3 -4.8
 12.4 -4.6
 12.7 -4.6
 12.7 -4.5
 12.8 -4.4
 12.9 -4.4
 12.9 -4.5
 13.1 -4.6
 13.2 -4.7
 13.4 -4.8
 13.4 -4.9
 13.5 -4.8
 13.7 -4.7
 13.7 -4.4
 13.8 -4.4
 13.9 -4.5
 14.0 -4.5
 14.4 -4.3
 14.5 -4.4
 14.5 -4.5
 14.4 -4.6
 14.4 -4.9
 14.5 -4.8
 14.7 -4.9
 14.8 -4.8
 15.2 -4.4
 15.3 -4.3
 15.4 -4.3
 15.5 -4.2
 15.5 -4.1
 15.6 -4.0
 15.8 -4.0
 15.9 -3.9
 16.0 -3.8
 16.2 -3.3
 16.2 -3.1
 16.2 -2.8
 16.2 -2.2
 16.4 -2.0
 16.6 -1.8
 16.8 -1.3
 17.0 -1.2
 17.3 -1.0
 17.6 -0.7
 17.7 -0.4
 17.7 -0.3
 17.7 -0.2
 17.8 0.1
 17.9 0.4
 18.0 0.4
 17.9 1.0
 18.0 1.4
 18.1 1.7
 18.1 2.2
 18.2 2.4
 18.3 2.6
 18.4 2.7
 18.5 3.1
 18.6 3.1
 18.6 3.2
 18.6 3.5
 18.5 3.6
 18.4 3.6
 18.3 3.6
 18.2 3.5
 18.1 3.6
 18.0 3.6
 18.0 3.5
 17.9 3.6
 17.9 3.5
 17.8 3.6
 17.6 3.6
 17.5 3.7
 17.4 3.7
 17.4 3.6
 17.1 3.6
 17.0 3.5
 16.9 3.6
 16.9 3.5
 16.7 3.5
 16.6 3.5
 16.5 3.2
 16.5 2.8
 16.2 2.2
 16.1 2.2
 16.1 2.0
 16.1 1.9
 16.2 1.7
 16.1 1.7
 16.0 1.8
 15.9 1.8
 15.5 2.0
 15.3 1.9
 15.3 2.0
 15.2 2.0
 15.1 2.0
 15.0 2.0
 14.9 2.0
 14.9 2.1
 14.8 2.1
 14.6 2.2
 14.5 2.2
 14.4 2.2
 13.7 2.2
 13.3 2.2
 13.3 2.1
 13.2 1.9
 13.2 1.8
 13.1 1.7
 13.1 1.6
 13.2 1.4
 13.2 1.3
 13.2 1.2
 13.3 1.2
 13.4 1.3
 13.5 1.3
 13.6 1.3
 13.8 1.4
 13.9 1.4
 14.1 1.4
 14.2 1.4
 14.3 1.3
 14.3 1.1
 14.4 1.1
 14.5 0.8
 14.3 0.6
 14.1 0.5
 14.1 0.4
 14.0 0.4
 13.9 0.2
 13.9 0.0
 13.9 -0.2
 13.9 -0.3
 14.1 -0.3
 14.2 -0.4
 14.2 -0.5
 14.3 -0.4
 14.5 -0.5
 14.5 -0.6
 14.4 -1.0
 14.5 -1.2
 14.4 -1.3
 14.5 -1.4
 14.4 -1.6
 14.5 -1.7
 14.4 -1.8
 14.4 -1.9
 14.3 -2.0
 14.2 -2.2
 14.3 -2.3
 14.1 -2.5
 13.9 -2.5
 13.9 -2.4
 13.8 -2.1
 13.7 -2.2
 13.5 -2.4
 13.0 -2.3
 13.0 -2.2
 12.9 -2.1
 12.8 -2.0
 12.7 -1.8
 12.5 -1.9
 12.4 -2.0
 12.5 -2.1
 12.5 -2.3
 12.0 -2.4
 12.0 -2.3
 11.8 -2.4
 11.7 -2.4
 11.6 -2.3
 11.6 -2.6
 11.6 -2.7
 11.5 -2.8
 11.5 -2.9
 11.6 -2.9
 11.6 -2.8
 11.8 -3.0
 11.7 -3.0
 11.7 -3.2
 12.0 -3.3
 11.8 -3.6
 11.9 -3.6
 11.9 -3.7
 11.7 -3.7
 11.6 -3.5
 11.5 -3.5
 11.4 -3.6
 11.2 -3.7
 11.1 -3.9
 

11.1 -3.9
 11.2 -3.9
 11.3 -4.1
 11.4 -4.2
 11.7 -4.5
 11.8 -4.6
 12.0 -5.0
 12.2 -4.9
 12.2 -4.8
 12.3 -4.8
 12.4 -4.6
 12.7 -4.6
 12.7 -4.5
 12.8 -4.4
 12.9 -4.4
 12.9 -4.5
 13.1 -4.6
 13.2 -4.7
 13.4 -4.8
 13.4 -4.9
 13.5 -4.8
 13.7 -4.7
 13.7 -4.4
 13.8 -4.4
 13.9 -4.5
 14.0 -4.5
 14.4 -4.3
 14.5 -4.4
 14.5 -4.5
 14.4 -4.6
 14.4 -4.9
 14.5 -4.8
 14.7 -4.9
 14.8 -4.8
 15.2 -4.4
 15.3 -4.3
 15.4 -4.3
 15.5 -4.2
 15.5 -4.1
 15.6 -4.0
 15.8 -4.0
 15.9 -3.9
 16.0 -3.8
 16.2 -3.3
 16.2 -3.1
 16.2 -2.8
 16.2 -2.2
 16.4 -2.0
 16.6 -1.8
 16.8 -1.3
 17.0 -1.2
 17.3 -1.0
 17.6 -0.7
 17.7 -0.4
 17.7 -0.3
 17.7 -0.2
 17.8 0.1
 17.9 0.4
 18.0 0.4
 17.9 1.0
 18.0 1.4
 18.1 1.7
 18.1 2.2
 18.2 2.4
 18.3 2.6
 18.4 2.7
 18.5 3.1
 18.6 3.1
 18.6 3.2
 18.6 3.5
 18.5 3.6
 18.4 3.6
 18.3 3.6
 18.2 3.5
 18.1 3.6
 18.0 3.6
 18.0 3.5
 17.9 3.6
 17.9 3.5
 17.8 3.6
 17.6 3.6
 17.5 3.7
 17.4 3.7
 17.4 3.6
 17.1 3.6
 17.0 3.5
 16.9 3.6
 16.9 3.5
 16.7 3.5
 16.6 3.5
 16.5 3.2
 16.5 2.8
 16.2 2.2
 16.1 2.2
 16.1 2.0
 16.1 1.9
 16.2 1.7
 16.1 1.7
 16.0 1.8
 15.9 1.8
 15.5 2.0
 15.3 1.9
 15.3 2.0
 15.2 2.0
 15.1 2.0
 15.0 2.0
 14.9 2.0
 14.9 2.1
 14.8 2.1
 14.6 2.2
 14.5 2.2
 14.4 2.2
 13.7 2.2
 13.3 2.2
 13.3 2.1
 13.2 1.9
 13.2 1.8
 13.1 1.7
 13.1 1.6
 13.2 1.4
 13.2 1.3
 13.2 1.2
 13.3 1.2
 13.4 1.3
 13.5 1.3
 13.6 1.3
 13.8 1.4
 13.9 1.4
 14.1 1.4
 14.2 1.4
 14.3 1.3
 14.3 1.1
 14.4 1.1
 14.5 0.8
 14.3 0.6
 14.1 0.5
 14.1 0.4
 14.0 0.4
 13.9 0.2
 13.9 0.0
 13.9 -0.2
 13.9 -0.3
 14.1 -0.3
 14.2 -0.4
 14.2 -0.5
 14.3 -0.4
 14.5 -0.5
 14.5 -0.6
 14.4 -1.0
 14.5 -1.2
 14.4 -1.3
 14.5 -1.4
 14.4 -1.6
 14.5 -1.7
 14.4 -1.8
 14.4 -1.9
 14.3 -2.0
 14.2 -2.2
 14.3 -2.3
 14.1 -2.5
 13.9 -2.5
 13.9 -2.4
 13.8 -2.1
 13.7 -2.2
 13.5 -2.4
 13.0 -2.3
 13.0 -2.2
 12.9 -2.1
 12.8 -2.0
 12.7 -1.8
 12.5 -1.9
 12.4 -2.0
 12.5 -2.1
 12.5 -2.3
 12.0 -2.4
 12.0 -2.3
 11.8 -2.4
 11.7 -2.4
 11.6 -2.3
 11.6 -2.6
 11.6 -2.7
 11.5 -2.8
 11.5 -2.9
 11.6 -2.9
 11.6 -2.8
 11.8 -3.0
 11.7 -3.0
 11.7 -3.2
 12.0 -3.3
 11.8 -3.6
 11.9 -3.6
 11.9 -3.7
 11.7 -3.7
 11.6 -3.5
 11.5 -3.5
 11.4 -3.6
 11.2 -3.7
 11.1 -3.9
 

