8.6 4.8
 8.5 4.6
 8.5 4.5
 8.7 4.5
 8.6 4.7
 8.7 4.7
 8.7 4.6
 8.8 4.5
 8.8 4.6
 8.9 4.5
 8.9 4.6
 8.8 4.6
 8.9 4.5
 8.9 4.4
 9.0 4.2
 9.0 4.1
 9.1 4.0
 9.2 4.0
 9.3 4.0
 9.3 3.9
 9.4 3.9
 9.5 3.9
 9.4 4.0
 9.5 4.0
 9.5 4.1
 9.6 4.0
 9.7 4.1
 9.6 4.0
 9.6 3.9
 9.8 4.0
 9.7 3.9
 9.7 3.8
 9.7 3.9
 9.7 3.8
 9.6 3.9
 9.6 3.8
 9.5 3.8
 9.6 3.6
 9.7 3.6
 9.8 3.6
 9.6 3.5
 9.8 3.4
 9.9 3.2
 10.0 3.1
 9.8 2.7
 9.8 2.3
 9.9 2.2
 10.0 2.2
 10.7 2.2
 11.3 2.2
 11.4 2.3
 11.6 2.3
 12.2 2.3
 12.3 2.3
 12.6 2.3
 12.8 2.2
 13.0 2.3
 13.1 2.2
 13.1 2.3
 13.3 2.3
 13.3 2.2
 13.7 2.2
 14.4 2.2
 14.5 2.2
 14.6 2.2
 14.8 2.1
 14.9 2.1
 14.9 2.0
 15.0 2.0
 15.1 2.0
 15.2 2.0
 15.3 2.0
 15.3 1.9
 15.5 2.0
 15.9 1.8
 16.0 1.8
 16.1 1.7
 16.2 1.7
 16.1 1.9
 16.1 2.0
 16.1 2.2
 16.2 2.2
 16.2 2.3
 16.1 2.7
 16.1 2.8
 16.1 2.9
 15.9 3.1
 15.3 3.7
 15.1 3.9
 15.0 4.0
 15.2 4.0
 15.1 4.1
 15.1 4.2
 15.0 4.4
 14.9 4.5
 14.7 4.6
 14.7 4.9
 14.7 5.1
 14.5 5.3
 14.6 5.4
 14.6 5.6
 14.6 5.7
 14.6 5.8
 14.6 5.9
 14.5 5.9
 14.4 6.0
 14.5 6.1
 14.7 6.3
 14.8 6.3
 15.0 6.7
 15.1 6.8
 15.2 7.2
 15.5 7.4
 15.4 7.4
 15.5 7.5
 15.6 7.7
 15.6 7.8
 15.5 7.8
 15.4 7.9
 15.3 8.4
 15.2 8.5
 14.9 8.8
 14.8 8.8
 14.4 9.1
 14.0 9.6
 14.0 9.7
 14.1 9.8
 14.2 10.0
 14.5 10.0
 14.8 9.9
 14.9 10.0
 15.0 9.9
 15.2 10.0
 15.4 9.9
 15.7 10.0
 15.4 10.2
 15.1 10.5
 15.1 10.7
 15.1 10.8
 15.1 10.9
 15.0 11.2
 15.1 11.5
 15.1 11.7
 15.1 11.8
 15.1 11.9
 15.1 12.0
 15.0 12.1
 14.9 12.1
 14.9 12.4
 14.7 12.7
 14.6 12.8
 14.5 12.9
 14.5 13.0
 14.4 13.1
 14.1 13.1
 14.2 12.5
 14.2 12.4
 14.5 12.3
 14.6 12.2
 14.7 12.2
 14.6 12.0
 14.6 11.9
 14.6 11.7
 14.6 11.6
 14.6 11.5
 14.2 11.3
 14.2 11.2
 14.0 11.3
 13.9 11.2
 13.6 10.8
 13.6 10.7
 13.5 10.2
 13.4 10.1
 13.3 10.1
 13.2 10.0
 13.3 10.0
 13.2 9.9
 13.3 9.7
 13.2 9.6
 13.2 9.5
 13.1 9.5
 12.8 9.4
 12.9 9.3
 12.9 9.2
 12.8 9.1
 12.8 8.8
 12.7 8.8
 12.7 8.7
 12.6 8.6
 12.5 8.6
 12.4 8.6
 12.4 8.5
 12.4 8.4
 12.3 8.4
 12.2 8.4
 12.2 8.0
 12.0 7.7
 12.0 7.6
 11.9 7.4
 11.7 7.3
 11.9 7.1
 11.8 7.1
 11.6 6.9
 11.6 6.8
 11.6 6.7
 11.5 6.6
 11.4 6.6
 11.4 6.5
 11.2 6.4
 11.1 6.4
 11.1 6.6
 11.1 6.7
 11.0 6.8
 10.9 6.8
 10.9 6.9
 10.6 7.1
 10.5 6.9
 10.3 6.9
 10.2 6.9
 10.2 7.0
 9.9 6.8
 9.8 6.8
 9.7 6.5
 9.6 6.5
 9.6 6.4
 9.5 6.4
 9.4 6.3
 9.3 6.2
 9.0 5.9
 8.9 5.9
 8.9 5.8
 8.8 5.7
 8.9 5.6
 8.8 5.2
 8.6 4.9
 8.6 4.8
 

8.6 4.8
 8.5 4.6
 8.5 4.5
 8.7 4.5
 8.6 4.7
 8.7 4.7
 8.7 4.6
 8.8 4.5
 8.8 4.6
 8.9 4.5
 8.9 4.6
 8.8 4.6
 8.9 4.5
 8.9 4.4
 9.0 4.2
 9.0 4.1
 9.1 4.0
 9.2 4.0
 9.3 4.0
 9.3 3.9
 9.4 3.9
 9.5 3.9
 9.4 4.0
 9.5 4.0
 9.5 4.1
 9.6 4.0
 9.7 4.1
 9.6 4.0
 9.6 3.9
 9.8 4.0
 9.7 3.9
 9.7 3.8
 9.7 3.9
 9.7 3.8
 9.6 3.9
 9.6 3.8
 9.5 3.8
 9.6 3.6
 9.7 3.6
 9.8 3.6
 9.6 3.5
 9.8 3.4
 9.9 3.2
 10.0 3.1
 9.8 2.7
 9.8 2.3
 9.9 2.2
 10.0 2.2
 10.7 2.2
 11.3 2.2
 11.4 2.3
 11.6 2.3
 12.2 2.3
 12.3 2.3
 12.6 2.3
 12.8 2.2
 13.0 2.3
 13.1 2.2
 13.1 2.3
 13.3 2.3
 13.3 2.2
 13.7 2.2
 14.4 2.2
 14.5 2.2
 14.6 2.2
 14.8 2.1
 14.9 2.1
 14.9 2.0
 15.0 2.0
 15.1 2.0
 15.2 2.0
 15.3 2.0
 15.3 1.9
 15.5 2.0
 15.9 1.8
 16.0 1.8
 16.1 1.7
 16.2 1.7
 16.1 1.9
 16.1 2.0
 16.1 2.2
 16.2 2.2
 16.2 2.3
 16.1 2.7
 16.1 2.8
 16.1 2.9
 15.9 3.1
 15.3 3.7
 15.1 3.9
 15.0 4.0
 15.2 4.0
 15.1 4.1
 15.1 4.2
 15.0 4.4
 14.9 4.5
 14.7 4.6
 14.7 4.9
 14.7 5.1
 14.5 5.3
 14.6 5.4
 14.6 5.6
 14.6 5.7
 14.6 5.8
 14.6 5.9
 14.5 5.9
 14.4 6.0
 14.5 6.1
 14.7 6.3
 14.8 6.3
 15.0 6.7
 15.1 6.8
 15.2 7.2
 15.5 7.4
 15.4 7.4
 15.5 7.5
 15.6 7.7
 15.6 7.8
 15.5 7.8
 15.4 7.9
 15.3 8.4
 15.2 8.5
 14.9 8.8
 14.8 8.8
 14.4 9.1
 14.0 9.6
 14.0 9.7
 14.1 9.8
 14.2 10.0
 14.5 10.0
 14.8 9.9
 14.9 10.0
 15.0 9.9
 15.2 10.0
 15.4 9.9
 15.7 10.0
 15.4 10.2
 15.1 10.5
 15.1 10.7
 15.1 10.8
 15.1 10.9
 15.0 11.2
 15.1 11.5
 15.1 11.7
 15.1 11.8
 15.1 11.9
 15.1 12.0
 15.0 12.1
 14.9 12.1
 14.9 12.4
 14.7 12.7
 14.6 12.8
 14.5 12.9
 14.5 13.0
 14.4 13.1
 14.1 13.1
 14.2 12.5
 14.2 12.4
 14.5 12.3
 14.6 12.2
 14.7 12.2
 14.6 12.0
 14.6 11.9
 14.6 11.7
 14.6 11.6
 14.6 11.5
 14.2 11.3
 14.2 11.2
 14.0 11.3
 13.9 11.2
 13.6 10.8
 13.6 10.7
 13.5 10.2
 13.4 10.1
 13.3 10.1
 13.2 10.0
 13.3 10.0
 13.2 9.9
 13.3 9.7
 13.2 9.6
 13.2 9.5
 13.1 9.5
 12.8 9.4
 12.9 9.3
 12.9 9.2
 12.8 9.1
 12.8 8.8
 12.7 8.8
 12.7 8.7
 12.6 8.6
 12.5 8.6
 12.4 8.6
 12.4 8.5
 12.4 8.4
 12.3 8.4
 12.2 8.4
 12.2 8.0
 12.0 7.7
 12.0 7.6
 11.9 7.4
 11.7 7.3
 11.9 7.1
 11.8 7.1
 11.6 6.9
 11.6 6.8
 11.6 6.7
 11.5 6.6
 11.4 6.6
 11.4 6.5
 11.2 6.4
 11.1 6.4
 11.1 6.6
 11.1 6.7
 11.0 6.8
 10.9 6.8
 10.9 6.9
 10.6 7.1
 10.5 6.9
 10.3 6.9
 10.2 6.9
 10.2 7.0
 9.9 6.8
 9.8 6.8
 9.7 6.5
 9.6 6.5
 9.6 6.4
 9.5 6.4
 9.4 6.3
 9.3 6.2
 9.0 5.9
 8.9 5.9
 8.9 5.8
 8.8 5.7
 8.9 5.6
 8.8 5.2
 8.6 4.9
 8.6 4.8
 

