41.8 11.3
 41.8 11.2
 41.8 11.1
 41.8 11.0
 42.3 11.0
 42.6 11.1
 42.8 11.1
 42.8 11.0
 42.9 11.0
 43.2 11.5
 43.1 11.6
 42.9 11.6
 42.7 11.5
 42.5 11.5
 42.5 11.6
 42.6 11.5
 42.8 11.7
 43.1 11.8
 43.2 12.0
 43.4 12.0
 43.4 12.1
 43.4 12.4
 43.1 12.7
 42.9 12.6
 42.8 12.6
 42.8 12.4
 42.7 12.4
 42.5 12.5
 42.3 12.4
 41.9 11.8
 41.8 11.7
 41.8 11.5
 41.8 11.3
 

41.8 11.3
 41.8 11.2
 41.8 11.1
 41.8 11.0
 42.3 11.0
 42.6 11.1
 42.8 11.1
 42.8 11.0
 42.9 11.0
 43.2 11.5
 43.1 11.6
 42.9 11.6
 42.7 11.5
 42.5 11.5
 42.5 11.6
 42.6 11.5
 42.8 11.7
 43.1 11.8
 43.2 12.0
 43.4 12.0
 43.4 12.1
 43.4 12.4
 43.1 12.7
 42.9 12.6
 42.8 12.6
 42.8 12.4
 42.7 12.4
 42.5 12.5
 42.3 12.4
 41.9 11.8
 41.8 11.7
 41.8 11.5
 41.8 11.3
 

