-2.2 35.1
 -2.2 35.1
 -1.7 34.7
 -1.9 34.6
 -1.7 34.5
 -1.8 34.4
 -1.7 34.1
 -1.7 33.7
 -1.6 33.7
 -1.6 33.6
 -1.7 33.4
 -1.7 33.3
 -1.5 33.1
 -1.5 33.0
 -1.5 32.9
 -1.4 32.7
 -1.0 32.5
 -1.1 32.4
 -1.2 32.4
 -1.2 32.3
 -1.3 32.2
 -1.2 32.2
 -1.2 32.1
 -1.5 32.1
 -2.2 32.1
 -2.9 32.1
 -2.9 32.0
 -3.0 31.9
 -3.5 31.7
 -3.7 31.7
 -3.8 31.7
 -3.8 31.5
 -3.7 31.4
 -3.8 31.3
 -3.8 31.2
 -3.7 31.2
 -3.6 31.1
 -3.6 31.0
 -4.0 30.9
 -4.2 30.8
 -4.4 30.6
 -4.6 30.6
 -4.9 30.5
 -5.1 30.2
 -5.4 30.0
 -5.6 29.9
 -6.2 29.8
 -6.4 29.8
 -6.5 29.8
 -6.5 29.6
 -6.6 29.6
 -7.2 29.6
 -7.4 29.4
 -7.6 29.4
 -8.0 29.1
 -8.4 28.9
 -8.5 28.8
 -8.7 28.7
 -8.7 27.7
 -8.7 27.3
 -6.9 26.3
 -5.1 25.2
 -4.8 25.0
 -3.1 23.9
 -1.4 22.8
 -0.0 21.8
 1.2 21.1
 1.2 20.8
 1.2 20.7
 1.3 20.7
 1.4 20.7
 1.5 20.6
 1.7 20.5
 1.7 20.4
 1.8 20.3
 1.9 20.3
 1.9 20.2
 2.1 20.2
 2.2 20.3
 2.3 20.2
 2.4 20.1
 2.8 20.0
 3.2 19.8
 3.2 19.5
 3.3 19.4
 3.2 19.2
 3.1 19.1
 3.3 19.0
 4.2 19.1
 5.8 19.4
 7.5 20.9
 8.9 21.7
 10.4 22.6
 11.8 23.4
 12.0 23.5
 11.6 24.3
 10.7 24.6
 10.4 24.5
 10.3 24.6
 10.2 24.8
 10.1 24.8
 10.0 25.3
 9.4 26.2
 9.5 26.4
 9.6 26.4
 9.9 26.5
 9.9 26.9
 9.8 26.9
 9.7 27.3
 9.8 27.5
 9.8 27.6
 9.9 27.6
 10.0 27.9
 9.8 28.3
 9.9 28.9
 9.8 29.4
 9.6 29.8
 9.3 30.1
 9.5 30.2
 9.2 31.6
 9.1 32.1
 8.4 32.5
 8.3 32.8
 8.1 33.1
 8.0 33.1
 7.8 33.2
 7.7 33.2
 7.7 33.4
 7.5 33.8
 7.5 33.9
 7.5 34.1
 7.7 34.2
 7.8 34.2
 7.8 34.4
 8.2 34.6
 8.2 34.7
 8.3 34.8
 8.3 34.9
 8.4 35.2
 8.5 35.2
 8.4 35.3
 8.3 35.3
 8.3 35.4
 8.4 35.5
 8.3 35.7
 8.3 35.8
 8.3 35.9
 8.4 36.4
 8.2 36.5
 8.2 36.6
 8.4 36.7
 8.5 36.7
 8.5 36.8
 8.4 36.8
 8.6 36.8
 8.7 36.9
 8.6 36.9
 8.5 36.9
 8.2 37.0
 8.0 36.8
 7.8 36.9
 7.8 37.0
 7.6 37.0
 7.5 37.1
 7.4 37.0
 7.4 37.1
 7.2 37.1
 7.3 37.0
 7.2 36.9
 6.9 36.9
 6.6 37.0
 6.5 37.1
 6.4 37.1
 6.3 37.0
 6.3 36.9
 6.1 36.9
 5.8 36.8
 5.7 36.8
 5.3 36.6
 5.2 36.7
 5.1 36.7
 5.1 36.8
 4.7 36.9
 4.0 36.9
 3.8 36.9
 3.5 36.8
 3.3 36.8
 3.2 36.8
 3.1 36.7
 3.0 36.8
 2.9 36.8
 2.8 36.7
 2.6 36.6
 2.4 36.6
 2.3 36.6
 1.9 36.6
 1.2 36.5
 0.9 36.5
 0.9 36.4
 0.3 36.2
 0.3 36.1
 0.1 36.1
 0.0 35.9
 -0.1 35.8
 -0.3 35.8
 -0.3 35.9
 -0.5 35.9
 -0.5 35.8
 -0.6 35.7
 -0.8 35.8
 -1.2 35.6
 -1.3 35.4
 -1.4 35.3
 -1.5 35.3
 -1.9 35.1
 -2.1 35.1
 -2.2 35.1
 

-2.2 35.1
 -2.2 35.1
 -1.7 34.7
 -1.9 34.6
 -1.7 34.5
 -1.8 34.4
 -1.7 34.1
 -1.7 33.7
 -1.6 33.7
 -1.6 33.6
 -1.7 33.4
 -1.7 33.3
 -1.5 33.1
 -1.5 33.0
 -1.5 32.9
 -1.4 32.7
 -1.0 32.5
 -1.1 32.4
 -1.2 32.4
 -1.2 32.3
 -1.3 32.2
 -1.2 32.2
 -1.2 32.1
 -1.5 32.1
 -2.2 32.1
 -2.9 32.1
 -2.9 32.0
 -3.0 31.9
 -3.5 31.7
 -3.7 31.7
 -3.8 31.7
 -3.8 31.5
 -3.7 31.4
 -3.8 31.3
 -3.8 31.2
 -3.7 31.2
 -3.6 31.1
 -3.6 31.0
 -4.0 30.9
 -4.2 30.8
 -4.4 30.6
 -4.6 30.6
 -4.9 30.5
 -5.1 30.2
 -5.4 30.0
 -5.6 29.9
 -6.2 29.8
 -6.4 29.8
 -6.5 29.8
 -6.5 29.6
 -6.6 29.6
 -7.2 29.6
 -7.4 29.4
 -7.6 29.4
 -8.0 29.1
 -8.4 28.9
 -8.5 28.8
 -8.7 28.7
 -8.7 27.7
 -8.7 27.3
 -6.9 26.3
 -5.1 25.2
 -4.8 25.0
 -3.1 23.9
 -1.4 22.8
 -0.0 21.8
 1.2 21.1
 1.2 20.8
 1.2 20.7
 1.3 20.7
 1.4 20.7
 1.5 20.6
 1.7 20.5
 1.7 20.4
 1.8 20.3
 1.9 20.3
 1.9 20.2
 2.1 20.2
 2.2 20.3
 2.3 20.2
 2.4 20.1
 2.8 20.0
 3.2 19.8
 3.2 19.5
 3.3 19.4
 3.2 19.2
 3.1 19.1
 3.3 19.0
 4.2 19.1
 5.8 19.4
 7.5 20.9
 8.9 21.7
 10.4 22.6
 11.8 23.4
 12.0 23.5
 11.6 24.3
 10.7 24.6
 10.4 24.5
 10.3 24.6
 10.2 24.8
 10.1 24.8
 10.0 25.3
 9.4 26.2
 9.5 26.4
 9.6 26.4
 9.9 26.5
 9.9 26.9
 9.8 26.9
 9.7 27.3
 9.8 27.5
 9.8 27.6
 9.9 27.6
 10.0 27.9
 9.8 28.3
 9.9 28.9
 9.8 29.4
 9.6 29.8
 9.3 30.1
 9.5 30.2
 9.2 31.6
 9.1 32.1
 8.4 32.5
 8.3 32.8
 8.1 33.1
 8.0 33.1
 7.8 33.2
 7.7 33.2
 7.7 33.4
 7.5 33.8
 7.5 33.9
 7.5 34.1
 7.7 34.2
 7.8 34.2
 7.8 34.4
 8.2 34.6
 8.2 34.7
 8.3 34.8
 8.3 34.9
 8.4 35.2
 8.5 35.2
 8.4 35.3
 8.3 35.3
 8.3 35.4
 8.4 35.5
 8.3 35.7
 8.3 35.8
 8.3 35.9
 8.4 36.4
 8.2 36.5
 8.2 36.6
 8.4 36.7
 8.5 36.7
 8.5 36.8
 8.4 36.8
 8.6 36.8
 8.7 36.9
 8.6 36.9
 8.5 36.9
 8.2 37.0
 8.0 36.8
 7.8 36.9
 7.8 37.0
 7.6 37.0
 7.5 37.1
 7.4 37.0
 7.4 37.1
 7.2 37.1
 7.3 37.0
 7.2 36.9
 6.9 36.9
 6.6 37.0
 6.5 37.1
 6.4 37.1
 6.3 37.0
 6.3 36.9
 6.1 36.9
 5.8 36.8
 5.7 36.8
 5.3 36.6
 5.2 36.7
 5.1 36.7
 5.1 36.8
 4.7 36.9
 4.0 36.9
 3.8 36.9
 3.5 36.8
 3.3 36.8
 3.2 36.8
 3.1 36.7
 3.0 36.8
 2.9 36.8
 2.8 36.7
 2.6 36.6
 2.4 36.6
 2.3 36.6
 1.9 36.6
 1.2 36.5
 0.9 36.5
 0.9 36.4
 0.3 36.2
 0.3 36.1
 0.1 36.1
 0.0 35.9
 -0.1 35.8
 -0.3 35.8
 -0.3 35.9
 -0.5 35.9
 -0.5 35.8
 -0.6 35.7
 -0.8 35.8
 -1.2 35.6
 -1.3 35.4
 -1.4 35.3
 -1.5 35.3
 -1.9 35.1
 -2.1 35.1
 -2.2 35.1
 

