25.1 31.6
 25.1 31.6
 24.9 31.4
 24.9 31.2
 25.0 30.8
 24.9 30.5
 24.7 30.2
 24.8 29.9
 24.8 29.8
 24.9 29.7
 24.9 29.5
 25.0 29.2
 25.0 27.9
 25.0 26.5
 25.0 25.2
 25.0 23.8
 25.0 22.5
 25.0 22.0
 25.6 22.0
 26.3 22.0
 26.9 22.0
 27.6 22.0
 28.2 22.0
 28.8 22.0
 29.0 22.0
 29.7 22.0
 30.4 22.0
 31.1 22.0
 31.3 22.0
 31.4 22.2
 31.5 22.2
 31.5 22.0
 32.1 22.0
 32.8 22.0
 33.2 22.0
 33.6 21.7
 34.0 21.8
 34.1 22.0
 34.2 22.2
 34.7 22.3
 35.0 22.8
 35.2 22.8
 35.6 23.1
 35.6 23.2
 35.5 23.9
 35.5 24.0
 35.6 24.0
 35.8 23.9
 35.7 24.0
 35.6 24.0
 35.2 24.4
 35.1 24.7
 35.0 24.8
 35.0 24.9
 34.9 25.1
 34.6 25.6
 34.4 25.9
 34.1 26.5
 33.9 26.7
 33.9 26.8
 34.0 26.8
 34.0 26.9
 33.9 27.0
 33.8 27.1
 33.8 27.3
 33.7 27.3
 33.7 27.4
 33.6 27.5
 33.6 27.6
 33.5 27.6
 33.5 27.7
 33.6 27.8
 33.5 27.8
 33.6 27.8
 33.6 27.9
 33.5 28.0
 33.3 28.1
 33.2 28.2
 33.1 28.3
 33.0 28.5
 32.9 28.6
 32.8 28.7
 32.8 28.8
 32.7 28.9
 32.6 29.0
 32.6 29.2
 32.6 29.3
 32.6 29.4
 32.4 29.5
 32.3 29.6
 32.4 29.7
 32.5 29.9
 32.5 30.0
 32.6 30.0
 32.6 30.2
 32.5 30.3
 32.4 30.4
 32.3 30.6
 32.3 30.7
 32.3 30.8
 32.3 31.0
 32.3 31.2
 32.3 31.3
 32.3 31.2
 32.3 31.1
 32.2 31.1
 32.1 31.1
 32.1 31.0
 32.0 31.1
 32.0 31.2
 31.9 31.2
 31.8 31.3
 31.8 31.4
 31.9 31.4
 31.9 31.5
 32.0 31.4
 32.1 31.3
 32.2 31.3
 32.0 31.4
 31.9 31.5
 31.7 31.5
 31.5 31.5
 31.3 31.5
 31.1 31.6
 31.0 31.6
 31.1 31.5
 31.0 31.5
 31.0 31.4
 30.8 31.4
 30.7 31.4
 30.6 31.4
 30.7 31.5
 30.9 31.6
 30.7 31.5
 30.5 31.5
 30.4 31.5
 30.4 31.4
 30.3 31.3
 30.2 31.3
 30.3 31.2
 30.2 31.2
 30.1 31.2
 30.2 31.3
 30.1 31.3
 30.0 31.3
 29.9 31.2
 29.8 31.1
 29.7 31.1
 29.5 31.0
 29.4 30.9
 29.2 30.8
 29.0 30.8
 28.8 30.9
 28.8 31.0
 28.4 31.1
 28.2 31.1
 27.9 31.1
 27.9 31.2
 27.5 31.2
 27.4 31.2
 27.3 31.3
 27.3 31.4
 27.0 31.4
 26.8 31.4
 26.4 31.5
 25.8 31.6
 25.3 31.5
 25.2 31.5
 25.1 31.6
 

25.1 31.6
 25.1 31.6
 24.9 31.4
 24.9 31.2
 25.0 30.8
 24.9 30.5
 24.7 30.2
 24.8 29.9
 24.8 29.8
 24.9 29.7
 24.9 29.5
 25.0 29.2
 25.0 27.9
 25.0 26.5
 25.0 25.2
 25.0 23.8
 25.0 22.5
 25.0 22.0
 25.6 22.0
 26.3 22.0
 26.9 22.0
 27.6 22.0
 28.2 22.0
 28.8 22.0
 29.0 22.0
 29.7 22.0
 30.4 22.0
 31.1 22.0
 31.3 22.0
 31.4 22.2
 31.5 22.2
 31.5 22.0
 32.1 22.0
 32.8 22.0
 33.2 22.0
 33.6 21.7
 34.0 21.8
 34.1 22.0
 34.2 22.2
 34.7 22.3
 35.0 22.8
 35.2 22.8
 35.6 23.1
 35.6 23.2
 35.5 23.9
 35.5 24.0
 35.6 24.0
 35.8 23.9
 35.7 24.0
 35.6 24.0
 35.2 24.4
 35.1 24.7
 35.0 24.8
 35.0 24.9
 34.9 25.1
 34.6 25.6
 34.4 25.9
 34.1 26.5
 33.9 26.7
 33.9 26.8
 34.0 26.8
 34.0 26.9
 33.9 27.0
 33.8 27.1
 33.8 27.3
 33.7 27.3
 33.7 27.4
 33.6 27.5
 33.6 27.6
 33.5 27.6
 33.5 27.7
 33.6 27.8
 33.5 27.8
 33.6 27.8
 33.6 27.9
 33.5 28.0
 33.3 28.1
 33.2 28.2
 33.1 28.3
 33.0 28.5
 32.9 28.6
 32.8 28.7
 32.8 28.8
 32.7 28.9
 32.6 29.0
 32.6 29.2
 32.6 29.3
 32.6 29.4
 32.4 29.5
 32.3 29.6
 32.4 29.7
 32.5 29.9
 32.5 30.0
 32.6 30.0
 32.6 30.2
 32.5 30.3
 32.4 30.4
 32.3 30.6
 32.3 30.7
 32.3 30.8
 32.3 31.0
 32.3 31.2
 32.3 31.3
 32.3 31.2
 32.3 31.1
 32.2 31.1
 32.1 31.1
 32.1 31.0
 32.0 31.1
 32.0 31.2
 31.9 31.2
 31.8 31.3
 31.8 31.4
 31.9 31.4
 31.9 31.5
 32.0 31.4
 32.1 31.3
 32.2 31.3
 32.0 31.4
 31.9 31.5
 31.7 31.5
 31.5 31.5
 31.3 31.5
 31.1 31.6
 31.0 31.6
 31.1 31.5
 31.0 31.5
 31.0 31.4
 30.8 31.4
 30.7 31.4
 30.6 31.4
 30.7 31.5
 30.9 31.6
 30.7 31.5
 30.5 31.5
 30.4 31.5
 30.4 31.4
 30.3 31.3
 30.2 31.3
 30.3 31.2
 30.2 31.2
 30.1 31.2
 30.2 31.3
 30.1 31.3
 30.0 31.3
 29.9 31.2
 29.8 31.1
 29.7 31.1
 29.5 31.0
 29.4 30.9
 29.2 30.8
 29.0 30.8
 28.8 30.9
 28.8 31.0
 28.4 31.1
 28.2 31.1
 27.9 31.1
 27.9 31.2
 27.5 31.2
 27.4 31.2
 27.3 31.3
 27.3 31.4
 27.0 31.4
 26.8 31.4
 26.4 31.5
 25.8 31.6
 25.3 31.5
 25.2 31.5
 25.1 31.6
 

