-13.2 27.7
 -13.3 27.3
 -13.4 27.1
 -13.5 26.8
 -13.6 26.7
 -14.1 26.4
 -14.2 26.4
 -14.3 26.3
 -14.4 26.3
 -14.5 26.2
 -14.5 25.9
 -14.7 25.6
 -14.7 25.5
 -14.8 25.3
 -14.8 25.1
 -14.9 24.7
 -15.0 24.5
 -15.2 24.4
 -15.4 24.2
 -15.7 24.0
 -15.9 23.8
 -16.0 23.7
 -15.8 23.9
 -15.8 23.8
 -16.0 23.4
 -16.2 23.1
 -16.2 23.0
 -16.2 22.9
 -16.3 22.9
 -16.5 22.4
 -16.5 22.3
 -16.6 22.3
 -16.7 22.3
 -16.9 22.1
 -17.0 21.8
 -17.0 21.3
 -17.1 20.8
 -17.1 20.9
 -17.0 21.3
 -15.2 21.3
 -13.4 21.3
 -13.0 21.3
 -13.1 22.5
 -13.2 22.8
 -13.1 22.9
 -13.0 23.0
 -12.6 23.3
 -12.0 23.5
 -12.0 26.0
 -8.8 26.0
 -8.7 26.0
 -8.7 27.3
 -8.7 27.7
 -9.9 27.7
 -13.2 27.7
 

-13.2 27.7
 -13.3 27.3
 -13.4 27.1
 -13.5 26.8
 -13.6 26.7
 -14.1 26.4
 -14.2 26.4
 -14.3 26.3
 -14.4 26.3
 -14.5 26.2
 -14.5 25.9
 -14.7 25.6
 -14.7 25.5
 -14.8 25.3
 -14.8 25.1
 -14.9 24.7
 -15.0 24.5
 -15.2 24.4
 -15.4 24.2
 -15.7 24.0
 -15.9 23.8
 -16.0 23.7
 -15.8 23.9
 -15.8 23.8
 -16.0 23.4
 -16.2 23.1
 -16.2 23.0
 -16.2 22.9
 -16.3 22.9
 -16.5 22.4
 -16.5 22.3
 -16.6 22.3
 -16.7 22.3
 -16.9 22.1
 -17.0 21.8
 -17.0 21.3
 -17.1 20.8
 -17.1 20.9
 -17.0 21.3
 -15.2 21.3
 -13.4 21.3
 -13.0 21.3
 -13.1 22.5
 -13.2 22.8
 -13.1 22.9
 -13.0 23.0
 -12.6 23.3
 -12.0 23.5
 -12.0 26.0
 -8.8 26.0
 -8.7 26.0
 -8.7 27.3
 -8.7 27.7
 -9.9 27.7
 -13.2 27.7
 

