38.6 18.0
 38.5 17.9
 38.4 17.7
 38.3 17.6
 38.3 17.5
 38.2 17.5
 38.2 17.6
 38.1 17.5
 38.0 17.5
 37.9 17.4
 37.8 17.5
 37.7 17.4
 37.5 17.3
 37.5 17.2
 37.4 17.0
 37.1 17.0
 37.1 17.1
 37.0 17.1
 37.0 17.0
 37.0 16.9
 36.9 16.6
 36.9 16.5
 37.0 16.4
 37.0 16.3
 36.9 16.2
 36.5 15.2
 36.4 15.2
 36.5 14.3
 36.4 14.0
 36.5 13.8
 36.4 13.6
 36.2 13.4
 36.2 13.0
 36.1 12.7
 35.7 12.7
 35.4 12.3
 35.4 12.2
 35.3 12.0
 35.1 11.8
 35.1 11.7
 35.1 11.5
 35.0 11.3
 35.0 11.2
 34.9 11.0
 35.0 10.9
 34.8 10.7
 34.8 10.8
 34.6 10.9
 34.4 10.8
 34.3 10.6
 34.3 10.2
 34.2 10.0
 34.1 9.6
 34.1 9.0
 34.1 8.6
 34.0 8.4
 33.8 8.4
 33.7 8.4
 33.6 8.5
 33.2 8.4
 33.2 8.1
 33.1 8.1
 33.0 7.9
 33.0 7.8
 33.1 7.8
 33.2 7.8
 33.3 7.7
 33.4 7.7
 33.5 7.7
 33.7 7.7
 34.0 7.4
 34.0 7.2
 34.2 7.2
 34.2 7.0
 34.5 6.9
 34.5 6.8
 34.7 6.7
 34.8 6.6
 34.9 6.2
 35.0 6.1
 35.0 5.9
 35.1 5.7
 35.1 5.6
 35.3 5.5
 35.3 5.4
 35.4 5.4
 35.5 5.4
 35.6 5.4
 35.7 5.4
 35.8 5.3
 35.8 5.2
 35.8 5.1
 35.8 4.8
 35.9 4.6
 36.0 4.5
 36.0 4.4
 36.2 4.4
 36.6 4.4
 37.0 4.4
 38.0 3.7
 38.1 3.6
 38.4 3.6
 38.5 3.7
 38.9 3.5
 39.1 3.5
 39.2 3.5
 39.5 3.5
 39.5 3.4
 39.6 3.4
 39.8 3.7
 39.9 3.9
 40.4 4.1
 40.8 4.3
 41.1 4.0
 41.3 3.9
 41.8 4.0
 41.8 3.9
 41.9 4.0
 42.0 4.1
 42.1 4.2
 42.2 4.2
 42.5 4.2
 42.8 4.3
 42.9 4.4
 43.0 4.5
 43.2 4.7
 43.6 4.9
 44.0 5.0
 45.0 4.9
 46.4 6.5
 48.0 8.0
 47.0 8.0
 45.3 8.6
 44.0 9.0
 43.6 9.4
 43.6 9.3
 43.4 9.4
 43.3 9.6
 43.2 9.9
 43.1 9.9
 42.8 10.3
 42.8 10.5
 42.7 10.5
 42.7 10.6
 42.9 11.0
 42.8 11.0
 42.8 11.1
 42.6 11.1
 42.3 11.0
 41.8 11.0
 41.8 11.1
 41.8 11.2
 41.8 11.3
 41.8 11.5
 41.8 11.7
 41.9 11.8
 42.3 12.4
 42.5 12.5
 42.7 12.4
 42.8 12.4
 42.8 12.6
 42.9 12.6
 43.1 12.7
 43.0 12.9
 42.9 12.8
 42.8 12.8
 42.7 13.0
 42.5 13.2
 42.4 13.2
 42.3 13.6
 42.2 13.7
 42.2 13.6
 42.1 13.6
 41.9 13.9
 41.7 13.9
 41.4 14.3
 41.3 14.5
 41.1 14.6
 40.7 14.7
 40.7 14.9
 40.6 14.9
 40.5 15.0
 40.3 14.9
 40.2 15.0
 40.0 15.2
 40.1 15.3
 39.9 15.5
 39.8 15.4
 39.8 15.3
 39.8 15.2
 39.9 15.2
 39.8 15.1
 39.7 15.1
 39.7 15.2
 39.7 15.3
 39.6 15.5
 39.5 15.5
 39.4 15.6
 39.5 15.6
 39.4 15.6
 39.4 15.7
 39.3 15.9
 39.3 16.0
 39.1 16.5
 39.2 16.6
 39.1 16.8
 39.0 17.3
 38.9 17.5
 38.6 17.9
 38.6 18.0
 

38.6 18.0
 38.5 17.9
 38.4 17.7
 38.3 17.6
 38.3 17.5
 38.2 17.5
 38.2 17.6
 38.1 17.5
 38.0 17.5
 37.9 17.4
 37.8 17.5
 37.7 17.4
 37.5 17.3
 37.5 17.2
 37.4 17.0
 37.1 17.0
 37.1 17.1
 37.0 17.1
 37.0 17.0
 37.0 16.9
 36.9 16.6
 36.9 16.5
 37.0 16.4
 37.0 16.3
 36.9 16.2
 36.5 15.2
 36.4 15.2
 36.5 14.3
 36.4 14.0
 36.5 13.8
 36.4 13.6
 36.2 13.4
 36.2 13.0
 36.1 12.7
 35.7 12.7
 35.4 12.3
 35.4 12.2
 35.3 12.0
 35.1 11.8
 35.1 11.7
 35.1 11.5
 35.0 11.3
 35.0 11.2
 34.9 11.0
 35.0 10.9
 34.8 10.7
 34.8 10.8
 34.6 10.9
 34.4 10.8
 34.3 10.6
 34.3 10.2
 34.2 10.0
 34.1 9.6
 34.1 9.0
 34.1 8.6
 34.0 8.4
 33.8 8.4
 33.7 8.4
 33.6 8.5
 33.2 8.4
 33.2 8.1
 33.1 8.1
 33.0 7.9
 33.0 7.8
 33.1 7.8
 33.2 7.8
 33.3 7.7
 33.4 7.7
 33.5 7.7
 33.7 7.7
 34.0 7.4
 34.0 7.2
 34.2 7.2
 34.2 7.0
 34.5 6.9
 34.5 6.8
 34.7 6.7
 34.8 6.6
 34.9 6.2
 35.0 6.1
 35.0 5.9
 35.1 5.7
 35.1 5.6
 35.3 5.5
 35.3 5.4
 35.4 5.4
 35.5 5.4
 35.6 5.4
 35.7 5.4
 35.8 5.3
 35.8 5.2
 35.8 5.1
 35.8 4.8
 35.9 4.6
 36.0 4.5
 36.0 4.4
 36.2 4.4
 36.6 4.4
 37.0 4.4
 38.0 3.7
 38.1 3.6
 38.4 3.6
 38.5 3.7
 38.9 3.5
 39.1 3.5
 39.2 3.5
 39.5 3.5
 39.5 3.4
 39.6 3.4
 39.8 3.7
 39.9 3.9
 40.4 4.1
 40.8 4.3
 41.1 4.0
 41.3 3.9
 41.8 4.0
 41.8 3.9
 41.9 4.0
 42.0 4.1
 42.1 4.2
 42.2 4.2
 42.5 4.2
 42.8 4.3
 42.9 4.4
 43.0 4.5
 43.2 4.7
 43.6 4.9
 44.0 5.0
 45.0 4.9
 46.4 6.5
 48.0 8.0
 47.0 8.0
 45.3 8.6
 44.0 9.0
 43.6 9.4
 43.6 9.3
 43.4 9.4
 43.3 9.6
 43.2 9.9
 43.1 9.9
 42.8 10.3
 42.8 10.5
 42.7 10.5
 42.7 10.6
 42.9 11.0
 42.8 11.0
 42.8 11.1
 42.6 11.1
 42.3 11.0
 41.8 11.0
 41.8 11.1
 41.8 11.2
 41.8 11.3
 41.8 11.5
 41.8 11.7
 41.9 11.8
 42.3 12.4
 42.5 12.5
 42.7 12.4
 42.8 12.4
 42.8 12.6
 42.9 12.6
 43.1 12.7
 43.0 12.9
 42.9 12.8
 42.8 12.8
 42.7 13.0
 42.5 13.2
 42.4 13.2
 42.3 13.6
 42.2 13.7
 42.2 13.6
 42.1 13.6
 41.9 13.9
 41.7 13.9
 41.4 14.3
 41.3 14.5
 41.1 14.6
 40.7 14.7
 40.7 14.9
 40.6 14.9
 40.5 15.0
 40.3 14.9
 40.2 15.0
 40.0 15.2
 40.1 15.3
 39.9 15.5
 39.8 15.4
 39.8 15.3
 39.8 15.2
 39.9 15.2
 39.8 15.1
 39.7 15.1
 39.7 15.2
 39.7 15.3
 39.6 15.5
 39.5 15.5
 39.4 15.6
 39.5 15.6
 39.4 15.6
 39.4 15.7
 39.3 15.9
 39.3 16.0
 39.1 16.5
 39.2 16.6
 39.1 16.8
 39.0 17.3
 38.9 17.5
 38.6 17.9
 38.6 18.0
 

