9.8 1.0
 9.8 1.1
 9.7 1.1
 9.6 1.0
 9.6 0.7
 9.6 0.5
 9.6 0.6
 9.5 0.6
 9.6 0.6
 9.5 0.7
 9.3 0.6
 9.3 0.5
 9.4 0.5
 9.5 0.3
 9.6 0.3
 9.7 0.2
 9.8 0.2
 10.0 0.2
 9.9 0.2
 9.8 0.1
 9.8 0.0
 9.6 0.1
 9.5 0.2
 9.5 0.1
 9.4 0.2
 9.4 0.3
 9.4 0.4
 9.3 0.3
 9.3 -0.1
 9.3 -0.4
 9.1 -0.6
 9.1 -0.7
 9.0 -0.9
 8.9 -0.7
 8.9 -0.8
 8.8 -0.7
 8.8 -0.6
 8.7 -0.6
 8.9 -1.0
 9.0 -1.2
 9.0 -1.3
 9.1 -1.4
 9.2 -1.3
 9.1 -1.4
 9.2 -1.4
 9.3 -1.4
 9.4 -1.3
 9.3 -1.5
 9.2 -1.5
 9.3 -1.6
 9.4 -1.6
 9.4 -1.5
 9.5 -1.5
 9.5 -1.6
 9.6 -1.6
 9.4 -1.6
 9.4 -1.7
 9.4 -1.6
 9.3 -1.7
 9.3 -1.5
 9.1 -1.4
 9.0 -1.2
 9.1 -1.5
 9.2 -1.6
 9.3 -1.8
 9.3 -1.9
 9.4 -1.8
 9.4 -1.9
 9.5 -1.9
 9.5 -2.1
 9.5 -1.9
 9.3 -1.9
 9.4 -2.1
 9.6 -2.2
 9.6 -2.3
 9.7 -2.4
 9.8 -2.5
 9.9 -2.4
 10.0 -2.6
 10.0 -2.5
 10.1 -2.6
 10.1 -2.5
 10.2 -2.6
 10.1 -2.6
 10.0 -2.6
 9.9 -2.6
 9.8 -2.5
 9.7 -2.4
 10.0 -2.8
 10.4 -3.1
 10.6 -3.3
 10.6 -3.4
 10.9 -3.6
 11.1 -3.9
 11.2 -3.7
 11.4 -3.6
 11.5 -3.5
 11.6 -3.5
 11.7 -3.7
 11.9 -3.7
 11.9 -3.6
 11.8 -3.6
 12.0 -3.3
 11.7 -3.2
 11.7 -3.0
 11.8 -3.0
 11.6 -2.8
 11.6 -2.9
 11.5 -2.9
 11.5 -2.8
 11.6 -2.7
 11.6 -2.6
 11.6 -2.3
 11.7 -2.4
 11.8 -2.4
 12.0 -2.3
 12.0 -2.4
 12.5 -2.3
 12.5 -2.1
 12.4 -2.0
 12.5 -1.9
 12.7 -1.8
 12.8 -2.0
 12.9 -2.1
 13.0 -2.2
 13.0 -2.3
 13.5 -2.4
 13.7 -2.2
 13.8 -2.1
 13.9 -2.4
 13.9 -2.5
 14.1 -2.5
 14.3 -2.3
 14.2 -2.2
 14.3 -2.0
 14.4 -1.9
 14.4 -1.8
 14.5 -1.7
 14.4 -1.6
 14.5 -1.4
 14.4 -1.3
 14.5 -1.2
 14.4 -1.0
 14.5 -0.6
 14.5 -0.5
 14.3 -0.4
 14.2 -0.5
 14.2 -0.4
 14.1 -0.3
 13.9 -0.3
 13.9 -0.2
 13.9 0.0
 13.9 0.2
 14.0 0.4
 14.1 0.4
 14.1 0.5
 14.3 0.6
 14.5 0.8
 14.4 1.1
 14.3 1.1
 14.3 1.3
 14.2 1.4
 14.1 1.4
 13.9 1.4
 13.8 1.4
 13.6 1.3
 13.5 1.3
 13.4 1.3
 13.3 1.2
 13.2 1.2
 13.2 1.3
 13.2 1.4
 13.1 1.6
 13.1 1.7
 13.2 1.8
 13.2 1.9
 13.3 2.1
 13.3 2.2
 13.3 2.3
 13.1 2.3
 13.1 2.2
 13.0 2.3
 12.8 2.2
 12.6 2.3
 12.3 2.3
 12.2 2.3
 11.6 2.3
 11.4 2.3
 11.3 2.2
 11.3 1.5
 11.4 1.0
 10.7 1.0
 10.0 1.0
 9.8 1.0
 

9.8 1.0
 9.8 1.1
 9.7 1.1
 9.6 1.0
 9.6 0.7
 9.6 0.5
 9.6 0.6
 9.5 0.6
 9.6 0.6
 9.5 0.7
 9.3 0.6
 9.3 0.5
 9.4 0.5
 9.5 0.3
 9.6 0.3
 9.7 0.2
 9.8 0.2
 10.0 0.2
 9.9 0.2
 9.8 0.1
 9.8 0.0
 9.6 0.1
 9.5 0.2
 9.5 0.1
 9.4 0.2
 9.4 0.3
 9.4 0.4
 9.3 0.3
 9.3 -0.1
 9.3 -0.4
 9.1 -0.6
 9.1 -0.7
 9.0 -0.9
 8.9 -0.7
 8.9 -0.8
 8.8 -0.7
 8.8 -0.6
 8.7 -0.6
 8.9 -1.0
 9.0 -1.2
 9.0 -1.3
 9.1 -1.4
 9.2 -1.3
 9.1 -1.4
 9.2 -1.4
 9.3 -1.4
 9.4 -1.3
 9.3 -1.5
 9.2 -1.5
 9.3 -1.6
 9.4 -1.6
 9.4 -1.5
 9.5 -1.5
 9.5 -1.6
 9.6 -1.6
 9.4 -1.6
 9.4 -1.7
 9.4 -1.6
 9.3 -1.7
 9.3 -1.5
 9.1 -1.4
 9.0 -1.2
 9.1 -1.5
 9.2 -1.6
 9.3 -1.8
 9.3 -1.9
 9.4 -1.8
 9.4 -1.9
 9.5 -1.9
 9.5 -2.1
 9.5 -1.9
 9.3 -1.9
 9.4 -2.1
 9.6 -2.2
 9.6 -2.3
 9.7 -2.4
 9.8 -2.5
 9.9 -2.4
 10.0 -2.6
 10.0 -2.5
 10.1 -2.6
 10.1 -2.5
 10.2 -2.6
 10.1 -2.6
 10.0 -2.6
 9.9 -2.6
 9.8 -2.5
 9.7 -2.4
 10.0 -2.8
 10.4 -3.1
 10.6 -3.3
 10.6 -3.4
 10.9 -3.6
 11.1 -3.9
 11.2 -3.7
 11.4 -3.6
 11.5 -3.5
 11.6 -3.5
 11.7 -3.7
 11.9 -3.7
 11.9 -3.6
 11.8 -3.6
 12.0 -3.3
 11.7 -3.2
 11.7 -3.0
 11.8 -3.0
 11.6 -2.8
 11.6 -2.9
 11.5 -2.9
 11.5 -2.8
 11.6 -2.7
 11.6 -2.6
 11.6 -2.3
 11.7 -2.4
 11.8 -2.4
 12.0 -2.3
 12.0 -2.4
 12.5 -2.3
 12.5 -2.1
 12.4 -2.0
 12.5 -1.9
 12.7 -1.8
 12.8 -2.0
 12.9 -2.1
 13.0 -2.2
 13.0 -2.3
 13.5 -2.4
 13.7 -2.2
 13.8 -2.1
 13.9 -2.4
 13.9 -2.5
 14.1 -2.5
 14.3 -2.3
 14.2 -2.2
 14.3 -2.0
 14.4 -1.9
 14.4 -1.8
 14.5 -1.7
 14.4 -1.6
 14.5 -1.4
 14.4 -1.3
 14.5 -1.2
 14.4 -1.0
 14.5 -0.6
 14.5 -0.5
 14.3 -0.4
 14.2 -0.5
 14.2 -0.4
 14.1 -0.3
 13.9 -0.3
 13.9 -0.2
 13.9 0.0
 13.9 0.2
 14.0 0.4
 14.1 0.4
 14.1 0.5
 14.3 0.6
 14.5 0.8
 14.4 1.1
 14.3 1.1
 14.3 1.3
 14.2 1.4
 14.1 1.4
 13.9 1.4
 13.8 1.4
 13.6 1.3
 13.5 1.3
 13.4 1.3
 13.3 1.2
 13.2 1.2
 13.2 1.3
 13.2 1.4
 13.1 1.6
 13.1 1.7
 13.2 1.8
 13.2 1.9
 13.3 2.1
 13.3 2.2
 13.3 2.3
 13.1 2.3
 13.1 2.2
 13.0 2.3
 12.8 2.2
 12.6 2.3
 12.3 2.3
 12.2 2.3
 11.6 2.3
 11.4 2.3
 11.3 2.2
 11.3 1.5
 11.4 1.0
 10.7 1.0
 10.0 1.0
 9.8 1.0
 

