-2.7 9.5
 -2.7 9.4
 -2.7 9.3
 -2.8 9.1
 -2.7 9.0
 -2.6 8.8
 -2.5 8.2
 -2.6 8.1
 -2.6 8.0
 -2.7 8.0
 -2.7 7.9
 -2.8 7.9
 -2.8 7.8
 -3.0 7.1
 -3.1 7.1
 -3.2 6.8
 -3.2 6.7
 -3.2 6.6
 -3.2 6.3
 -3.0 5.9
 -3.0 5.7
 -2.9 5.7
 -3.0 5.6
 -2.9 5.6
 -2.8 5.6
 -2.7 5.3
 -2.8 5.3
 -2.7 5.1
 -2.9 5.1
 -3.0 5.1
 -3.1 5.1
 -2.6 5.0
 -2.3 4.9
 -2.1 4.7
 -2.0 4.8
 -1.9 4.8
 -1.6 5.0
 -1.1 5.2
 -0.9 5.2
 -0.8 5.2
 -0.6 5.3
 -0.5 5.4
 -0.4 5.5
 0.1 5.7
 0.3 5.8
 0.7 5.8
 0.6 5.9
 0.5 6.0
 0.4 6.1
 0.4 6.0
 0.2 6.1
 0.4 6.0
 0.4 6.1
 0.5 6.1
 0.6 5.9
 0.7 5.8
 0.9 5.8
 1.0 5.8
 1.1 6.0
 1.2 6.1
 1.2 6.2
 1.1 6.2
 1.0 6.3
 0.9 6.3
 0.7 6.5
 0.7 6.6
 0.6 6.8
 0.5 6.8
 0.6 6.9
 0.5 7.0
 0.6 7.0
 0.7 7.3
 0.6 7.4
 0.5 7.5
 0.5 7.6
 0.6 7.6
 0.6 7.7
 0.6 7.8
 0.6 8.2
 0.7 8.3
 0.7 8.4
 0.6 8.5
 0.5 8.6
 0.4 8.8
 0.5 8.8
 0.5 8.9
 0.4 9.0
 0.6 9.4
 0.5 9.4
 0.5 9.5
 0.4 9.5
 0.3 9.4
 0.2 9.4
 0.2 9.5
 0.3 9.5
 0.2 9.5
 0.2 9.6
 0.3 9.6
 0.4 9.6
 0.3 9.6
 0.3 9.7
 0.3 9.6
 0.3 9.7
 0.4 10.0
 0.4 10.1
 0.3 10.1
 0.4 10.3
 0.3 10.3
 0.3 10.4
 0.2 10.4
 0.0 10.6
 -0.1 10.6
 -0.1 10.7
 0.0 11.0
 0.0 11.1
 -0.0 11.1
 -0.1 11.1
 -0.2 11.1
 -0.3 11.2
 -0.3 11.1
 -0.4 11.1
 -0.5 11.0
 -0.6 11.0
 -0.6 10.9
 -0.7 11.0
 -2.2 11.0
 -2.8 11.0
 -2.9 10.8
 -2.9 10.6
 -2.9 10.5
 -2.8 10.4
 -2.8 10.3
 -2.8 10.1
 -2.7 9.8
 -2.8 9.7
 -2.7 9.5
 

-2.7 9.5
 -2.7 9.4
 -2.7 9.3
 -2.8 9.1
 -2.7 9.0
 -2.6 8.8
 -2.5 8.2
 -2.6 8.1
 -2.6 8.0
 -2.7 8.0
 -2.7 7.9
 -2.8 7.9
 -2.8 7.8
 -3.0 7.1
 -3.1 7.1
 -3.2 6.8
 -3.2 6.7
 -3.2 6.6
 -3.2 6.3
 -3.0 5.9
 -3.0 5.7
 -2.9 5.7
 -3.0 5.6
 -2.9 5.6
 -2.8 5.6
 -2.7 5.3
 -2.8 5.3
 -2.7 5.1
 -2.9 5.1
 -3.0 5.1
 -3.1 5.1
 -2.6 5.0
 -2.3 4.9
 -2.1 4.7
 -2.0 4.8
 -1.9 4.8
 -1.6 5.0
 -1.1 5.2
 -0.9 5.2
 -0.8 5.2
 -0.6 5.3
 -0.5 5.4
 -0.4 5.5
 0.1 5.7
 0.3 5.8
 0.7 5.8
 0.6 5.9
 0.5 6.0
 0.4 6.1
 0.4 6.0
 0.2 6.1
 0.4 6.0
 0.4 6.1
 0.5 6.1
 0.6 5.9
 0.7 5.8
 0.9 5.8
 1.0 5.8
 1.1 6.0
 1.2 6.1
 1.2 6.2
 1.1 6.2
 1.0 6.3
 0.9 6.3
 0.7 6.5
 0.7 6.6
 0.6 6.8
 0.5 6.8
 0.6 6.9
 0.5 7.0
 0.6 7.0
 0.7 7.3
 0.6 7.4
 0.5 7.5
 0.5 7.6
 0.6 7.6
 0.6 7.7
 0.6 7.8
 0.6 8.2
 0.7 8.3
 0.7 8.4
 0.6 8.5
 0.5 8.6
 0.4 8.8
 0.5 8.8
 0.5 8.9
 0.4 9.0
 0.6 9.4
 0.5 9.4
 0.5 9.5
 0.4 9.5
 0.3 9.4
 0.2 9.4
 0.2 9.5
 0.3 9.5
 0.2 9.5
 0.2 9.6
 0.3 9.6
 0.4 9.6
 0.3 9.6
 0.3 9.7
 0.3 9.6
 0.3 9.7
 0.4 10.0
 0.4 10.1
 0.3 10.1
 0.4 10.3
 0.3 10.3
 0.3 10.4
 0.2 10.4
 0.0 10.6
 -0.1 10.6
 -0.1 10.7
 0.0 11.0
 0.0 11.1
 -0.0 11.1
 -0.1 11.1
 -0.2 11.1
 -0.3 11.2
 -0.3 11.1
 -0.4 11.1
 -0.5 11.0
 -0.6 11.0
 -0.6 10.9
 -0.7 11.0
 -2.2 11.0
 -2.8 11.0
 -2.9 10.8
 -2.9 10.6
 -2.9 10.5
 -2.8 10.4
 -2.8 10.3
 -2.8 10.1
 -2.7 9.8
 -2.8 9.7
 -2.7 9.5
 

