-16.6 13.6
 -16.6 13.5
 -16.5 13.4
 -16.3 13.3
 -16.2 13.5
 -15.8 13.5
 -15.6 13.5
 -15.4 13.5
 -15.3 13.4
 -15.5 13.5
 -15.6 13.5
 -16.1 13.4
 -16.2 13.4
 -16.2 13.3
 -16.4 13.3
 -16.4 13.2
 -16.6 13.3
 -16.6 13.5
 -16.7 13.5
 -16.8 13.3
 -16.8 13.0
 -16.7 13.2
 -15.8 13.2
 -15.8 13.3
 -15.6 13.4
 -15.5 13.4
 -15.4 13.4
 -15.3 13.4
 -15.2 13.4
 -15.2 13.5
 -15.1 13.6
 -15.0 13.5
 -14.9 13.5
 -14.7 13.4
 -14.6 13.3
 -14.6 13.4
 -14.4 13.2
 -14.3 13.2
 -13.8 13.3
 -13.8 13.4
 -13.8 13.5
 -13.9 13.5
 -13.9 13.6
 -14.0 13.6
 -14.3 13.5
 -14.4 13.5
 -14.5 13.6
 -14.6 13.7
 -14.7 13.6
 -14.8 13.7
 -14.9 13.8
 -15.1 13.8
 -15.3 13.7
 -15.3 13.8
 -15.4 13.8
 -15.5 13.7
 -15.5 13.6
 -16.6 13.6
 

-16.6 13.6
 -16.6 13.5
 -16.5 13.4
 -16.3 13.3
 -16.2 13.5
 -15.8 13.5
 -15.6 13.5
 -15.4 13.5
 -15.3 13.4
 -15.5 13.5
 -15.6 13.5
 -16.1 13.4
 -16.2 13.4
 -16.2 13.3
 -16.4 13.3
 -16.4 13.2
 -16.6 13.3
 -16.6 13.5
 -16.7 13.5
 -16.8 13.3
 -16.8 13.0
 -16.7 13.2
 -15.8 13.2
 -15.8 13.3
 -15.6 13.4
 -15.5 13.4
 -15.4 13.4
 -15.3 13.4
 -15.2 13.4
 -15.2 13.5
 -15.1 13.6
 -15.0 13.5
 -14.9 13.5
 -14.7 13.4
 -14.6 13.3
 -14.6 13.4
 -14.4 13.2
 -14.3 13.2
 -13.8 13.3
 -13.8 13.4
 -13.8 13.5
 -13.9 13.5
 -13.9 13.6
 -14.0 13.6
 -14.3 13.5
 -14.4 13.5
 -14.5 13.6
 -14.6 13.7
 -14.7 13.6
 -14.8 13.7
 -14.9 13.8
 -15.1 13.8
 -15.3 13.7
 -15.3 13.8
 -15.4 13.8
 -15.5 13.7
 -15.5 13.6
 -16.6 13.6
 

