-15.0 11.0
 -15.0 10.9
 -15.1 10.9
 -15.0 10.8
 -15.0 10.9
 -14.9 10.9
 -14.9 11.0
 -14.8 11.0
 -14.7 11.0
 -14.8 10.9
 -14.8 10.8
 -14.7 10.9
 -14.8 10.8
 -14.8 10.7
 -14.7 10.8
 -14.7 10.7
 -14.7 10.6
 -14.6 10.7
 -14.5 10.9
 -14.7 10.5
 -14.6 10.5
 -14.5 10.5
 -14.6 10.4
 -14.5 10.2
 -14.4 10.2
 -14.3 10.2
 -14.2 10.1
 -14.1 10.2
 -14.1 10.1
 -14.2 10.1
 -14.1 10.0
 -14.1 10.1
 -14.1 10.2
 -14.1 10.1
 -14.0 10.1
 -14.1 10.0
 -13.8 9.9
 -13.8 9.8
 -13.7 9.9
 -13.8 9.8
 -13.7 9.7
 -13.6 9.8
 -13.7 9.8
 -13.6 9.8
 -13.7 9.5
 -13.6 9.6
 -13.6 9.5
 -13.5 9.5
 -13.5 9.4
 -13.4 9.4
 -13.4 9.3
 -13.3 9.3
 -13.3 9.2
 -13.2 9.2
 -13.3 9.2
 -13.3 9.1
 -13.3 9.0
 -13.2 9.1
 -13.1 9.0
 -13.0 9.1
 -13.0 9.2
 -12.9 9.3
 -12.8 9.3
 -12.7 9.4
 -12.6 9.7
 -12.5 9.7
 -12.5 9.9
 -12.2 9.9
 -12.1 9.9
 -11.9 9.9
 -11.9 10.0
 -11.2 10.0
 -10.9 9.7
 -10.8 9.4
 -10.7 9.4
 -10.7 9.3
 -10.7 9.2
 -10.7 9.1
 -10.6 9.1
 -10.6 8.9
 -10.5 8.8
 -10.5 8.7
 -10.5 8.6
 -10.6 8.6
 -10.7 8.4
 -10.7 8.3
 -10.5 8.3
 -10.5 8.4
 -10.4 8.5
 -10.3 8.5
 -10.2 8.5
 -10.1 8.5
 -10.1 8.4
 -10.0 8.4
 -10.0 8.5
 -9.8 8.5
 -9.8 8.6
 -9.7 8.4
 -9.7 8.5
 -9.6 8.5
 -9.7 8.4
 -9.6 8.4
 -9.5 8.3
 -9.5 8.2
 -9.5 8.1
 -9.4 8.1
 -9.4 8.0
 -9.4 7.9
 -9.4 7.7
 -9.4 7.5
 -9.5 7.4
 -9.4 7.4
 -9.3 7.4
 -9.2 7.4
 -9.2 7.3
 -9.1 7.2
 -8.9 7.3
 -8.8 7.3
 -8.7 7.5
 -8.7 7.6
 -8.7 7.7
 -8.6 7.7
 -8.6 7.6
 -8.5 7.6
 -8.4 7.6
 -8.2 7.5
 -8.2 7.6
 -8.0 8.0
 -7.9 8.0
 -8.0 8.1
 -8.0 8.2
 -8.1 8.2
 -8.3 8.3
 -8.2 8.4
 -8.2 8.5
 -7.9 8.5
 -7.9 8.4
 -7.8 8.4
 -7.8 8.5
 -7.8 8.4
 -7.7 8.4
 -7.6 8.4
 -7.7 8.6
 -7.8 8.8
 -7.9 8.8
 -8.0 8.8
 -7.9 8.9
 -7.9 9.0
 -7.7 9.1
 -7.9 9.2
 -7.9 9.4
 -8.0 9.4
 -8.1 9.4
 -8.1 9.5
 -8.1 9.8
 -8.1 9.9
 -8.2 9.9
 -8.1 10.0
 -8.0 10.1
 -8.0 10.2
 -7.9 10.2
 -8.0 10.3
 -8.1 10.4
 -8.2 10.4
 -8.3 10.5
 -8.3 11.0
 -8.4 11.1
 -8.5 11.1
 -8.5 11.0
 -8.6 11.0
 -8.7 11.0
 -8.5 11.2
 -8.5 11.3
 -8.4 11.3
 -8.4 11.4
 -8.5 11.4
 -8.5 11.5
 -8.6 11.5
 -8.7 11.7
 -8.8 11.7
 -8.8 12.0
 -8.9 12.0
 -8.9 12.2
 -9.0 12.2
 -8.9 12.4
 -9.1 12.4
 -9.3 12.5
 -9.4 12.5
 -9.4 12.4
 -9.3 12.4
 -9.3 12.2
 -9.5 12.2
 -9.7 12.1
 -9.8 12.0
 -10.0 12.1
 -10.3 12.2
 -10.5 12.1
 -10.7 11.9
 -10.9 12.2
 -11.0 12.2
 -11.2 12.0
 -11.3 12.0
 -11.5 12.1
 -11.5 12.2
 -11.4 12.3
 -11.4 12.4
 -11.5 12.4
 -11.8 12.4
 -11.9 12.4
 -12.0 12.4
 -12.1 12.4
 -12.3 12.3
 -12.4 12.4
 -12.5 12.4
 -12.6 12.4
 -12.8 12.5
 -12.9 12.5
 -13.0 12.5
 -13.1 12.5
 -13.0 12.6
 -13.1 12.6
 -13.7 12.7
 -13.7 12.6
 -13.6 12.5
 -13.7 12.4
 -13.7 12.3
 -13.9 12.2
 -14.0 12.2
 -13.9 12.1
 -13.7 12.0
 -13.7 11.7
 -13.8 11.7
 -13.9 11.7
 -14.0 11.6
 -14.3 11.7
 -14.5 11.5
 -14.7 11.5
 -14.8 11.4
 -14.9 11.2
 -15.0 11.0
 

-15.0 11.0
 -15.0 10.9
 -15.1 10.9
 -15.0 10.8
 -15.0 10.9
 -14.9 10.9
 -14.9 11.0
 -14.8 11.0
 -14.7 11.0
 -14.8 10.9
 -14.8 10.8
 -14.7 10.9
 -14.8 10.8
 -14.8 10.7
 -14.7 10.8
 -14.7 10.7
 -14.7 10.6
 -14.6 10.7
 -14.5 10.9
 -14.7 10.5
 -14.6 10.5
 -14.5 10.5
 -14.6 10.4
 -14.5 10.2
 -14.4 10.2
 -14.3 10.2
 -14.2 10.1
 -14.1 10.2
 -14.1 10.1
 -14.2 10.1
 -14.1 10.0
 -14.1 10.1
 -14.1 10.2
 -14.1 10.1
 -14.0 10.1
 -14.1 10.0
 -13.8 9.9
 -13.8 9.8
 -13.7 9.9
 -13.8 9.8
 -13.7 9.7
 -13.6 9.8
 -13.7 9.8
 -13.6 9.8
 -13.7 9.5
 -13.6 9.6
 -13.6 9.5
 -13.5 9.5
 -13.5 9.4
 -13.4 9.4
 -13.4 9.3
 -13.3 9.3
 -13.3 9.2
 -13.2 9.2
 -13.3 9.2
 -13.3 9.1
 -13.3 9.0
 -13.2 9.1
 -13.1 9.0
 -13.0 9.1
 -13.0 9.2
 -12.9 9.3
 -12.8 9.3
 -12.7 9.4
 -12.6 9.7
 -12.5 9.7
 -12.5 9.9
 -12.2 9.9
 -12.1 9.9
 -11.9 9.9
 -11.9 10.0
 -11.2 10.0
 -10.9 9.7
 -10.8 9.4
 -10.7 9.4
 -10.7 9.3
 -10.7 9.2
 -10.7 9.1
 -10.6 9.1
 -10.6 8.9
 -10.5 8.8
 -10.5 8.7
 -10.5 8.6
 -10.6 8.6
 -10.7 8.4
 -10.7 8.3
 -10.5 8.3
 -10.5 8.4
 -10.4 8.5
 -10.3 8.5
 -10.2 8.5
 -10.1 8.5
 -10.1 8.4
 -10.0 8.4
 -10.0 8.5
 -9.8 8.5
 -9.8 8.6
 -9.7 8.4
 -9.7 8.5
 -9.6 8.5
 -9.7 8.4
 -9.6 8.4
 -9.5 8.3
 -9.5 8.2
 -9.5 8.1
 -9.4 8.1
 -9.4 8.0
 -9.4 7.9
 -9.4 7.7
 -9.4 7.5
 -9.5 7.4
 -9.4 7.4
 -9.3 7.4
 -9.2 7.4
 -9.2 7.3
 -9.1 7.2
 -8.9 7.3
 -8.8 7.3
 -8.7 7.5
 -8.7 7.6
 -8.7 7.7
 -8.6 7.7
 -8.6 7.6
 -8.5 7.6
 -8.4 7.6
 -8.2 7.5
 -8.2 7.6
 -8.0 8.0
 -7.9 8.0
 -8.0 8.1
 -8.0 8.2
 -8.1 8.2
 -8.3 8.3
 -8.2 8.4
 -8.2 8.5
 -7.9 8.5
 -7.9 8.4
 -7.8 8.4
 -7.8 8.5
 -7.8 8.4
 -7.7 8.4
 -7.6 8.4
 -7.7 8.6
 -7.8 8.8
 -7.9 8.8
 -8.0 8.8
 -7.9 8.9
 -7.9 9.0
 -7.7 9.1
 -7.9 9.2
 -7.9 9.4
 -8.0 9.4
 -8.1 9.4
 -8.1 9.5
 -8.1 9.8
 -8.1 9.9
 -8.2 9.9
 -8.1 10.0
 -8.0 10.1
 -8.0 10.2
 -7.9 10.2
 -8.0 10.3
 -8.1 10.4
 -8.2 10.4
 -8.3 10.5
 -8.3 11.0
 -8.4 11.1
 -8.5 11.1
 -8.5 11.0
 -8.6 11.0
 -8.7 11.0
 -8.5 11.2
 -8.5 11.3
 -8.4 11.3
 -8.4 11.4
 -8.5 11.4
 -8.5 11.5
 -8.6 11.5
 -8.7 11.7
 -8.8 11.7
 -8.8 12.0
 -8.9 12.0
 -8.9 12.2
 -9.0 12.2
 -8.9 12.4
 -9.1 12.4
 -9.3 12.5
 -9.4 12.5
 -9.4 12.4
 -9.3 12.4
 -9.3 12.2
 -9.5 12.2
 -9.7 12.1
 -9.8 12.0
 -10.0 12.1
 -10.3 12.2
 -10.5 12.1
 -10.7 11.9
 -10.9 12.2
 -11.0 12.2
 -11.2 12.0
 -11.3 12.0
 -11.5 12.1
 -11.5 12.2
 -11.4 12.3
 -11.4 12.4
 -11.5 12.4
 -11.8 12.4
 -11.9 12.4
 -12.0 12.4
 -12.1 12.4
 -12.3 12.3
 -12.4 12.4
 -12.5 12.4
 -12.6 12.4
 -12.8 12.5
 -12.9 12.5
 -13.0 12.5
 -13.1 12.5
 -13.0 12.6
 -13.1 12.6
 -13.7 12.7
 -13.7 12.6
 -13.6 12.5
 -13.7 12.4
 -13.7 12.3
 -13.9 12.2
 -14.0 12.2
 -13.9 12.1
 -13.7 12.0
 -13.7 11.7
 -13.8 11.7
 -13.9 11.7
 -14.0 11.6
 -14.3 11.7
 -14.5 11.5
 -14.7 11.5
 -14.8 11.4
 -14.9 11.2
 -15.0 11.0
 

