-16.7 12.3
 -16.5 12.2
 -16.3 12.2
 -16.1 12.3
 -16.4 12.1
 -16.3 12.0
 -16.1 11.9
 -16.0 11.9
 -15.9 12.0
 -15.8 12.0
 -16.0 11.8
 -16.0 11.7
 -15.9 11.8
 -15.8 11.8
 -15.8 11.9
 -15.8 11.8
 -15.8 11.7
 -15.5 11.9
 -15.4 12.0
 -15.2 11.9
 -15.1 12.0
 -15.0 12.0
 -15.0 11.9
 -15.1 11.9
 -15.1 11.8
 -14.9 11.8
 -15.0 11.7
 -15.1 11.8
 -15.1 11.9
 -15.2 11.9
 -15.4 11.9
 -15.6 11.7
 -15.5 11.7
 -15.4 11.7
 -15.4 11.6
 -15.3 11.7
 -15.3 11.6
 -15.3 11.7
 -15.2 11.8
 -15.2 11.7
 -15.1 11.7
 -15.1 11.6
 -15.0 11.6
 -15.1 11.6
 -15.2 11.6
 -15.3 11.6
 -15.2 11.6
 -15.3 11.6
 -15.3 11.5
 -15.4 11.5
 -15.5 11.5
 -15.5 11.3
 -15.3 11.4
 -15.4 11.4
 -15.3 11.4
 -15.4 11.4
 -15.4 11.3
 -15.4 11.1
 -15.2 11.1
 -15.3 11.0
 -15.2 11.0
 -15.0 11.2
 -15.1 11.0
 -15.1 10.9
 -15.0 11.0
 -14.9 11.2
 -14.8 11.4
 -14.7 11.5
 -14.5 11.5
 -14.3 11.7
 -14.0 11.6
 -13.9 11.7
 -13.8 11.7
 -13.7 11.7
 -13.7 12.0
 -13.9 12.1
 -14.0 12.2
 -13.9 12.2
 -13.7 12.3
 -13.7 12.4
 -13.6 12.5
 -13.7 12.6
 -13.7 12.7
 -13.9 12.7
 -15.2 12.7
 -15.4 12.6
 -15.7 12.4
 -16.2 12.5
 -16.5 12.4
 -16.7 12.3
 

-16.7 12.3
 -16.5 12.2
 -16.3 12.2
 -16.1 12.3
 -16.4 12.1
 -16.3 12.0
 -16.1 11.9
 -16.0 11.9
 -15.9 12.0
 -15.8 12.0
 -16.0 11.8
 -16.0 11.7
 -15.9 11.8
 -15.8 11.8
 -15.8 11.9
 -15.8 11.8
 -15.8 11.7
 -15.5 11.9
 -15.4 12.0
 -15.2 11.9
 -15.1 12.0
 -15.0 12.0
 -15.0 11.9
 -15.1 11.9
 -15.1 11.8
 -14.9 11.8
 -15.0 11.7
 -15.1 11.8
 -15.1 11.9
 -15.2 11.9
 -15.4 11.9
 -15.6 11.7
 -15.5 11.7
 -15.4 11.7
 -15.4 11.6
 -15.3 11.7
 -15.3 11.6
 -15.3 11.7
 -15.2 11.8
 -15.2 11.7
 -15.1 11.7
 -15.1 11.6
 -15.0 11.6
 -15.1 11.6
 -15.2 11.6
 -15.3 11.6
 -15.2 11.6
 -15.3 11.6
 -15.3 11.5
 -15.4 11.5
 -15.5 11.5
 -15.5 11.3
 -15.3 11.4
 -15.4 11.4
 -15.3 11.4
 -15.4 11.4
 -15.4 11.3
 -15.4 11.1
 -15.2 11.1
 -15.3 11.0
 -15.2 11.0
 -15.0 11.2
 -15.1 11.0
 -15.1 10.9
 -15.0 11.0
 -14.9 11.2
 -14.8 11.4
 -14.7 11.5
 -14.5 11.5
 -14.3 11.7
 -14.0 11.6
 -13.9 11.7
 -13.8 11.7
 -13.7 11.7
 -13.7 12.0
 -13.9 12.1
 -14.0 12.2
 -13.9 12.2
 -13.7 12.3
 -13.7 12.4
 -13.6 12.5
 -13.7 12.6
 -13.7 12.7
 -13.9 12.7
 -15.2 12.7
 -15.4 12.6
 -15.7 12.4
 -16.2 12.5
 -16.5 12.4
 -16.7 12.3
 

