34.4 4.6
 34.0 4.2
 34.1 4.2
 34.1 4.0
 34.1 3.9
 34.2 3.9
 34.2 3.8
 34.3 3.8
 34.3 3.7
 34.4 3.7
 34.5 3.7
 34.5 3.5
 34.4 3.4
 34.5 3.2
 34.6 3.1
 34.6 2.9
 34.7 2.9
 34.8 2.6
 34.9 2.5
 34.9 2.4
 34.9 2.2
 35.0 2.1
 35.0 2.0
 35.0 1.9
 35.0 1.7
 34.8 1.4
 34.8 1.3
 34.8 1.2
 34.6 1.2
 34.6 1.1
 34.5 1.1
 34.4 0.8
 34.3 0.7
 34.3 0.6
 34.2 0.6
 34.1 0.4
 34.0 0.2
 34.0 0.1
 34.1 -0.1
 34.1 -0.2
 34.2 -0.2
 34.3 -0.4
 34.4 -0.3
 34.3 -0.2
 34.4 -0.2
 34.5 -0.2
 34.7 -0.1
 34.7 -0.2
 34.8 -0.3
 34.6 -0.3
 34.5 -0.3
 34.4 -0.4
 34.5 -0.5
 34.4 -0.5
 34.3 -0.5
 34.2 -0.4
 34.2 -0.5
 34.1 -0.6
 34.1 -0.8
 34.2 -0.9
 34.1 -1.0
 34.0 -1.0
 34.1 -1.1
 34.3 -1.2
 35.0 -1.6
 35.7 -1.9
 36.0 -2.1
 36.3 -2.3
 37.6 -3.0
 37.7 -3.1
 37.7 -3.3
 37.6 -3.4
 37.6 -3.5
 37.7 -3.5
 37.8 -3.7
 39.1 -4.6
 39.2 -4.7
 39.3 -4.6
 39.4 -4.6
 39.4 -4.5
 39.5 -4.6
 39.7 -4.1
 39.6 -4.1
 39.6 -4.0
 39.7 -4.0
 39.7 -4.1
 39.7 -4.0
 39.7 -3.9
 39.8 -4.0
 39.8 -3.8
 39.9 -3.6
 39.8 -3.6
 39.9 -3.6
 40.0 -3.4
 40.0 -3.3
 40.0 -3.4
 40.1 -3.3
 40.2 -3.0
 40.2 -2.9
 40.2 -2.7
 40.3 -2.6
 40.5 -2.5
 40.6 -2.6
 40.8 -2.4
 40.8 -2.3
 40.9 -2.2
 40.9 -2.3
 41.0 -2.3
 40.9 -2.2
 40.9 -2.0
 40.9 -2.1
 41.0 -2.1
 41.0 -1.9
 41.0 -2.0
 41.1 -2.0
 41.2 -2.0
 41.2 -1.9
 41.3 -2.0
 41.4 -1.8
 41.6 -1.7
 41.6 -1.6
 41.0 -0.9
 41.0 0.0
 41.0 2.8
 41.3 3.2
 41.9 4.0
 41.8 3.9
 41.8 4.0
 41.3 3.9
 41.1 4.0
 40.8 4.3
 40.4 4.1
 39.9 3.9
 39.8 3.7
 39.6 3.4
 39.5 3.4
 39.5 3.5
 39.2 3.5
 39.1 3.5
 38.9 3.5
 38.5 3.7
 38.4 3.6
 38.1 3.6
 38.0 3.7
 37.0 4.4
 36.6 4.4
 36.2 4.4
 36.0 4.4
 36.0 4.5
 35.9 4.6
 35.7 4.6
 35.6 4.6
 35.5 4.6
 35.4 4.8
 35.5 4.9
 35.3 4.9
 35.3 5.0
 35.2 5.0
 35.0 4.9
 34.5 4.7
 34.4 4.6
 

34.4 4.6
 34.0 4.2
 34.1 4.2
 34.1 4.0
 34.1 3.9
 34.2 3.9
 34.2 3.8
 34.3 3.8
 34.3 3.7
 34.4 3.7
 34.5 3.7
 34.5 3.5
 34.4 3.4
 34.5 3.2
 34.6 3.1
 34.6 2.9
 34.7 2.9
 34.8 2.6
 34.9 2.5
 34.9 2.4
 34.9 2.2
 35.0 2.1
 35.0 2.0
 35.0 1.9
 35.0 1.7
 34.8 1.4
 34.8 1.3
 34.8 1.2
 34.6 1.2
 34.6 1.1
 34.5 1.1
 34.4 0.8
 34.3 0.7
 34.3 0.6
 34.2 0.6
 34.1 0.4
 34.0 0.2
 34.0 0.1
 34.1 -0.1
 34.1 -0.2
 34.2 -0.2
 34.3 -0.4
 34.4 -0.3
 34.3 -0.2
 34.4 -0.2
 34.5 -0.2
 34.7 -0.1
 34.7 -0.2
 34.8 -0.3
 34.6 -0.3
 34.5 -0.3
 34.4 -0.4
 34.5 -0.5
 34.4 -0.5
 34.3 -0.5
 34.2 -0.4
 34.2 -0.5
 34.1 -0.6
 34.1 -0.8
 34.2 -0.9
 34.1 -1.0
 34.0 -1.0
 34.1 -1.1
 34.3 -1.2
 35.0 -1.6
 35.7 -1.9
 36.0 -2.1
 36.3 -2.3
 37.6 -3.0
 37.7 -3.1
 37.7 -3.3
 37.6 -3.4
 37.6 -3.5
 37.7 -3.5
 37.8 -3.7
 39.1 -4.6
 39.2 -4.7
 39.3 -4.6
 39.4 -4.6
 39.4 -4.5
 39.5 -4.6
 39.7 -4.1
 39.6 -4.1
 39.6 -4.0
 39.7 -4.0
 39.7 -4.1
 39.7 -4.0
 39.7 -3.9
 39.8 -4.0
 39.8 -3.8
 39.9 -3.6
 39.8 -3.6
 39.9 -3.6
 40.0 -3.4
 40.0 -3.3
 40.0 -3.4
 40.1 -3.3
 40.2 -3.0
 40.2 -2.9
 40.2 -2.7
 40.3 -2.6
 40.5 -2.5
 40.6 -2.6
 40.8 -2.4
 40.8 -2.3
 40.9 -2.2
 40.9 -2.3
 41.0 -2.3
 40.9 -2.2
 40.9 -2.0
 40.9 -2.1
 41.0 -2.1
 41.0 -1.9
 41.0 -2.0
 41.1 -2.0
 41.2 -2.0
 41.2 -1.9
 41.3 -2.0
 41.4 -1.8
 41.6 -1.7
 41.6 -1.6
 41.0 -0.9
 41.0 0.0
 41.0 2.8
 41.3 3.2
 41.9 4.0
 41.8 3.9
 41.8 4.0
 41.3 3.9
 41.1 4.0
 40.8 4.3
 40.4 4.1
 39.9 3.9
 39.8 3.7
 39.6 3.4
 39.5 3.4
 39.5 3.5
 39.2 3.5
 39.1 3.5
 38.9 3.5
 38.5 3.7
 38.4 3.6
 38.1 3.6
 38.0 3.7
 37.0 4.4
 36.6 4.4
 36.2 4.4
 36.0 4.4
 36.0 4.5
 35.9 4.6
 35.7 4.6
 35.6 4.6
 35.5 4.6
 35.4 4.8
 35.5 4.9
 35.3 4.9
 35.3 5.0
 35.2 5.0
 35.0 4.9
 34.5 4.7
 34.4 4.6
 

