28.7 -28.6
 28.7 -28.6
 28.1 -28.7
 28.0 -28.9
 27.9 -28.9
 27.7 -28.9
 27.5 -29.3
 27.3 -29.5
 27.0 -29.6
 27.3 -30.1
 27.4 -30.1
 27.4 -30.3
 27.5 -30.3
 27.6 -30.4
 27.7 -30.5
 27.7 -30.6
 28.1 -30.7
 28.1 -30.6
 28.2 -30.5
 28.1 -30.5
 28.3 -30.3
 28.2 -30.3
 28.5 -30.1
 28.8 -30.1
 29.2 -29.9
 29.1 -29.8
 29.2 -29.7
 29.3 -29.6
 29.3 -29.5
 29.4 -29.5
 29.4 -29.4
 29.5 -29.4
 29.3 -29.1
 29.1 -29.0
 29.0 -28.9
 28.7 -28.6
 

28.7 -28.6
 28.7 -28.6
 28.1 -28.7
 28.0 -28.9
 27.9 -28.9
 27.7 -28.9
 27.5 -29.3
 27.3 -29.5
 27.0 -29.6
 27.3 -30.1
 27.4 -30.1
 27.4 -30.3
 27.5 -30.3
 27.6 -30.4
 27.7 -30.5
 27.7 -30.6
 28.1 -30.7
 28.1 -30.6
 28.2 -30.5
 28.1 -30.5
 28.3 -30.3
 28.2 -30.3
 28.5 -30.1
 28.8 -30.1
 29.2 -29.9
 29.1 -29.8
 29.2 -29.7
 29.3 -29.6
 29.3 -29.5
 29.4 -29.5
 29.4 -29.4
 29.5 -29.4
 29.3 -29.1
 29.1 -29.0
 29.0 -28.9
 28.7 -28.6
 

