11.5 33.2
 11.5 33.0
 11.5 32.6
 11.6 32.5
 11.6 32.4
 11.5 32.4
 10.9 32.1
 10.8 32.0
 10.6 32.0
 10.6 31.9
 10.5 31.7
 10.4 31.7
 10.3 31.7
 10.1 31.5
 10.1 31.4
 10.3 30.9
 10.2 30.7
 9.9 30.3
 9.5 30.2
 9.3 30.1
 9.6 29.8
 9.8 29.4
 9.9 28.9
 9.8 28.3
 10.0 27.9
 9.9 27.6
 9.8 27.6
 9.8 27.5
 9.7 27.3
 9.8 26.9
 9.9 26.9
 9.9 26.5
 9.6 26.4
 9.5 26.4
 9.4 26.2
 10.0 25.3
 10.1 24.8
 10.2 24.8
 10.3 24.6
 10.4 24.5
 10.7 24.6
 11.6 24.3
 12.0 23.5
 13.4 23.2
 13.6 23.1
 14.2 22.6
 15.0 23.0
 16.0 23.5
 18.4 22.3
 21.4 20.9
 24.0 19.5
 24.0 20.0
 24.4 20.0
 25.0 20.0
 25.0 20.6
 25.0 22.0
 25.0 22.5
 25.0 23.8
 25.0 25.2
 25.0 26.5
 25.0 27.9
 25.0 29.2
 24.9 29.5
 24.9 29.7
 24.8 29.8
 24.8 29.9
 24.7 30.2
 24.9 30.5
 25.0 30.8
 24.9 31.2
 24.9 31.4
 25.1 31.6
 25.1 31.8
 25.0 31.9
 25.0 32.0
 24.7 32.0
 24.5 32.0
 24.0 32.0
 24.0 32.1
 23.7 32.2
 23.3 32.2
 23.1 32.3
 23.1 32.4
 23.1 32.5
 23.1 32.6
 22.6 32.8
 22.5 32.8
 22.4 32.9
 22.2 32.9
 21.9 32.9
 21.6 32.9
 21.4 32.8
 21.0 32.7
 20.5 32.5
 20.1 32.2
 20.0 32.0
 19.9 31.8
 20.0 31.5
 20.1 31.2
 20.2 31.1
 20.1 30.9
 19.7 30.5
 19.4 30.3
 19.0 30.3
 18.9 30.3
 18.5 30.6
 18.0 30.8
 17.9 30.9
 17.5 31.0
 17.4 31.1
 17.1 31.1
 16.7 31.2
 16.3 31.2
 16.0 31.3
 15.7 31.4
 15.5 31.7
 15.4 32.0
 15.4 32.2
 15.2 32.4
 15.1 32.4
 14.5 32.5
 14.2 32.7
 13.8 32.8
 13.6 32.8
 13.4 32.9
 13.2 32.9
 12.6 32.8
 12.3 32.8
 11.8 33.1
 11.6 33.1
 11.5 33.2
 

11.5 33.2
 11.5 33.0
 11.5 32.6
 11.6 32.5
 11.6 32.4
 11.5 32.4
 10.9 32.1
 10.8 32.0
 10.6 32.0
 10.6 31.9
 10.5 31.7
 10.4 31.7
 10.3 31.7
 10.1 31.5
 10.1 31.4
 10.3 30.9
 10.2 30.7
 9.9 30.3
 9.5 30.2
 9.3 30.1
 9.6 29.8
 9.8 29.4
 9.9 28.9
 9.8 28.3
 10.0 27.9
 9.9 27.6
 9.8 27.6
 9.8 27.5
 9.7 27.3
 9.8 26.9
 9.9 26.9
 9.9 26.5
 9.6 26.4
 9.5 26.4
 9.4 26.2
 10.0 25.3
 10.1 24.8
 10.2 24.8
 10.3 24.6
 10.4 24.5
 10.7 24.6
 11.6 24.3
 12.0 23.5
 13.4 23.2
 13.6 23.1
 14.2 22.6
 15.0 23.0
 16.0 23.5
 18.4 22.3
 21.4 20.9
 24.0 19.5
 24.0 20.0
 24.4 20.0
 25.0 20.0
 25.0 20.6
 25.0 22.0
 25.0 22.5
 25.0 23.8
 25.0 25.2
 25.0 26.5
 25.0 27.9
 25.0 29.2
 24.9 29.5
 24.9 29.7
 24.8 29.8
 24.8 29.9
 24.7 30.2
 24.9 30.5
 25.0 30.8
 24.9 31.2
 24.9 31.4
 25.1 31.6
 25.1 31.8
 25.0 31.9
 25.0 32.0
 24.7 32.0
 24.5 32.0
 24.0 32.0
 24.0 32.1
 23.7 32.2
 23.3 32.2
 23.1 32.3
 23.1 32.4
 23.1 32.5
 23.1 32.6
 22.6 32.8
 22.5 32.8
 22.4 32.9
 22.2 32.9
 21.9 32.9
 21.6 32.9
 21.4 32.8
 21.0 32.7
 20.5 32.5
 20.1 32.2
 20.0 32.0
 19.9 31.8
 20.0 31.5
 20.1 31.2
 20.2 31.1
 20.1 30.9
 19.7 30.5
 19.4 30.3
 19.0 30.3
 18.9 30.3
 18.5 30.6
 18.0 30.8
 17.9 30.9
 17.5 31.0
 17.4 31.1
 17.1 31.1
 16.7 31.2
 16.3 31.2
 16.0 31.3
 15.7 31.4
 15.5 31.7
 15.4 32.0
 15.4 32.2
 15.2 32.4
 15.1 32.4
 14.5 32.5
 14.2 32.7
 13.8 32.8
 13.6 32.8
 13.4 32.9
 13.2 32.9
 12.6 32.8
 12.3 32.8
 11.8 33.1
 11.6 33.1
 11.5 33.2
 

