-5.9 35.8
 -6.1 35.2
 -6.4 34.7
 -6.7 34.3
 -6.9 33.9
 -7.1 33.8
 -7.4 33.7
 -7.5 33.6
 -8.1 33.4
 -8.3 33.4
 -8.4 33.3
 -8.5 33.3
 -8.9 32.9
 -9.3 32.6
 -9.3 32.2
 -9.4 32.0
 -9.7 31.7
 -9.7 31.6
 -9.8 31.4
 -9.8 31.3
 -9.8 30.8
 -9.9 30.7
 -9.9 30.6
 -9.8 30.6
 -9.6 30.4
 -9.6 30.2
 -9.8 29.9
 -10.1 29.5
 -10.3 29.3
 -10.6 29.0
 -11.0 28.8
 -11.4 28.4
 -11.5 28.3
 -12.0 28.1
 -12.2 28.1
 -12.8 28.0
 -13.0 27.9
 -13.0 27.8
 -13.2 27.7
 -9.9 27.7
 -8.7 27.7
 -8.7 28.7
 -8.5 28.8
 -8.4 28.9
 -8.0 29.1
 -7.6 29.4
 -7.4 29.4
 -7.2 29.6
 -6.6 29.6
 -6.5 29.6
 -6.5 29.8
 -6.4 29.8
 -6.2 29.8
 -5.6 29.9
 -5.4 30.0
 -5.1 30.2
 -4.9 30.5
 -4.6 30.6
 -4.4 30.6
 -4.2 30.8
 -4.0 30.9
 -3.6 31.0
 -3.6 31.1
 -3.7 31.2
 -3.8 31.2
 -3.8 31.3
 -3.7 31.4
 -3.8 31.5
 -3.8 31.7
 -3.7 31.7
 -3.5 31.7
 -3.0 31.9
 -2.9 32.0
 -2.9 32.1
 -2.2 32.1
 -1.5 32.1
 -1.2 32.1
 -1.2 32.2
 -1.3 32.2
 -1.2 32.3
 -1.2 32.4
 -1.1 32.4
 -1.0 32.5
 -1.4 32.7
 -1.5 32.9
 -1.5 33.0
 -1.5 33.1
 -1.7 33.3
 -1.7 33.4
 -1.6 33.6
 -1.6 33.7
 -1.7 33.7
 -1.7 34.1
 -1.8 34.4
 -1.7 34.5
 -1.9 34.6
 -1.7 34.7
 -2.2 35.1
 -2.4 35.2
 -2.5 35.1
 -2.6 35.1
 -2.8 35.2
 -2.9 35.2
 -2.7 35.1
 -2.8 35.1
 -2.9 35.2
 -2.9 35.3
 -3.0 35.4
 -3.1 35.3
 -3.3 35.2
 -3.6 35.2
 -3.7 35.3
 -3.8 35.2
 -3.9 35.2
 -3.9 35.3
 -4.4 35.2
 -4.8 35.3
 -5.2 35.6
 -5.3 35.8
 -5.4 35.9
 -5.5 35.9
 -5.6 35.8
 -5.9 35.8
 

-5.9 35.8
 -6.1 35.2
 -6.4 34.7
 -6.7 34.3
 -6.9 33.9
 -7.1 33.8
 -7.4 33.7
 -7.5 33.6
 -8.1 33.4
 -8.3 33.4
 -8.4 33.3
 -8.5 33.3
 -8.9 32.9
 -9.3 32.6
 -9.3 32.2
 -9.4 32.0
 -9.7 31.7
 -9.7 31.6
 -9.8 31.4
 -9.8 31.3
 -9.8 30.8
 -9.9 30.7
 -9.9 30.6
 -9.8 30.6
 -9.6 30.4
 -9.6 30.2
 -9.8 29.9
 -10.1 29.5
 -10.3 29.3
 -10.6 29.0
 -11.0 28.8
 -11.4 28.4
 -11.5 28.3
 -12.0 28.1
 -12.2 28.1
 -12.8 28.0
 -13.0 27.9
 -13.0 27.8
 -13.2 27.7
 -9.9 27.7
 -8.7 27.7
 -8.7 28.7
 -8.5 28.8
 -8.4 28.9
 -8.0 29.1
 -7.6 29.4
 -7.4 29.4
 -7.2 29.6
 -6.6 29.6
 -6.5 29.6
 -6.5 29.8
 -6.4 29.8
 -6.2 29.8
 -5.6 29.9
 -5.4 30.0
 -5.1 30.2
 -4.9 30.5
 -4.6 30.6
 -4.4 30.6
 -4.2 30.8
 -4.0 30.9
 -3.6 31.0
 -3.6 31.1
 -3.7 31.2
 -3.8 31.2
 -3.8 31.3
 -3.7 31.4
 -3.8 31.5
 -3.8 31.7
 -3.7 31.7
 -3.5 31.7
 -3.0 31.9
 -2.9 32.0
 -2.9 32.1
 -2.2 32.1
 -1.5 32.1
 -1.2 32.1
 -1.2 32.2
 -1.3 32.2
 -1.2 32.3
 -1.2 32.4
 -1.1 32.4
 -1.0 32.5
 -1.4 32.7
 -1.5 32.9
 -1.5 33.0
 -1.5 33.1
 -1.7 33.3
 -1.7 33.4
 -1.6 33.6
 -1.6 33.7
 -1.7 33.7
 -1.7 34.1
 -1.8 34.4
 -1.7 34.5
 -1.9 34.6
 -1.7 34.7
 -2.2 35.1
 -2.4 35.2
 -2.5 35.1
 -2.6 35.1
 -2.8 35.2
 -2.9 35.2
 -2.7 35.1
 -2.8 35.1
 -2.9 35.2
 -2.9 35.3
 -3.0 35.4
 -3.1 35.3
 -3.3 35.2
 -3.6 35.2
 -3.7 35.3
 -3.8 35.2
 -3.9 35.2
 -3.9 35.3
 -4.4 35.2
 -4.8 35.3
 -5.2 35.6
 -5.3 35.8
 -5.4 35.9
 -5.5 35.9
 -5.6 35.8
 -5.9 35.8
 

