-6.6 25.0
 -6.4 23.3
 -6.4 23.1
 -6.2 21.5
 -6.0 19.9
 -5.8 18.2
 -5.6 16.5
 -5.3 16.3
 -5.5 15.5
 -5.9 15.5
 -7.6 15.5
 -9.3 15.5
 -9.3 15.6
 -9.3 15.7
 -9.4 15.6
 -9.4 15.4
 -9.7 15.4
 -9.8 15.4
 -10.1 15.4
 -10.2 15.4
 -10.7 15.4
 -10.8 15.3
 -10.9 15.1
 -11.2 15.4
 -11.4 15.6
 -11.5 15.6
 -11.6 15.5
 -11.7 15.5
 -11.8 15.1
 -11.8 15.0
 -11.8 14.9
 -12.0 14.8
 -12.1 14.7
 -12.1 14.8
 -12.2 14.8
 -12.1 14.6
 -12.2 14.6
 -12.2 14.4
 -12.1 14.4
 -12.1 14.3
 -12.0 14.3
 -12.0 14.2
 -12.0 14.0
 -11.9 13.9
 -12.0 13.8
 -12.1 13.7
 -11.9 13.5
 -11.9 13.4
 -11.8 13.3
 -11.8 13.4
 -11.7 13.4
 -11.6 13.4
 -11.5 13.1
 -11.4 13.1
 -11.4 13.0
 -11.4 12.9
 -11.4 12.7
 -11.4 12.6
 -11.5 12.6
 -11.4 12.5
 -11.4 12.4
 -11.4 12.3
 -11.5 12.2
 -11.5 12.1
 -11.3 12.0
 -11.2 12.0
 -11.0 12.2
 -10.9 12.2
 -10.7 11.9
 -10.5 12.1
 -10.3 12.2
 -10.0 12.1
 -9.8 12.0
 -9.7 12.1
 -9.5 12.2
 -9.3 12.2
 -9.3 12.4
 -9.4 12.4
 -9.4 12.5
 -9.3 12.5
 -9.1 12.4
 -8.9 12.4
 -9.0 12.2
 -8.9 12.2
 -8.9 12.0
 -8.8 12.0
 -8.8 11.7
 -8.7 11.7
 -8.6 11.5
 -8.5 11.5
 -8.5 11.4
 -8.4 11.4
 -8.4 11.3
 -8.5 11.3
 -8.5 11.2
 -8.7 11.0
 -8.6 11.0
 -8.5 11.0
 -8.5 11.1
 -8.4 11.1
 -8.3 11.0
 -8.3 10.5
 -8.2 10.4
 -8.1 10.4
 -8.0 10.3
 -7.9 10.2
 -8.0 10.2
 -7.9 10.2
 -7.7 10.4
 -7.5 10.4
 -7.5 10.5
 -7.4 10.3
 -7.4 10.4
 -7.3 10.3
 -7.0 10.1
 -6.9 10.2
 -7.0 10.3
 -6.9 10.4
 -6.8 10.4
 -6.7 10.3
 -6.6 10.4
 -6.7 10.6
 -6.6 10.7
 -6.6 10.6
 -6.4 10.6
 -6.4 10.7
 -6.2 10.7
 -6.2 10.6
 -6.2 10.5
 -6.2 10.4
 -6.2 10.3
 -6.2 10.2
 -6.1 10.2
 -6.0 10.2
 -6.0 10.3
 -5.9 10.3
 -5.9 10.4
 -5.7 10.5
 -5.5 10.4
 -5.5 10.6
 -5.5 10.7
 -5.4 10.8
 -5.5 11.0
 -5.5 11.1
 -5.3 11.1
 -5.3 11.2
 -5.3 11.4
 -5.2 11.4
 -5.2 11.6
 -5.3 11.6
 -5.3 11.7
 -5.3 11.8
 -5.4 11.8
 -5.3 11.8
 -5.2 11.9
 -4.9 12.0
 -4.8 12.0
 -4.7 12.1
 -4.5 12.1
 -4.6 12.2
 -4.5 12.3
 -4.4 12.3
 -4.4 12.4
 -4.4 12.5
 -4.5 12.7
 -4.3 12.7
 -4.2 12.8
 -4.2 12.9
 -4.3 13.1
 -4.3 13.2
 -4.2 13.2
 -4.1 13.3
 -4.0 13.4
 -4.0 13.5
 -3.9 13.5
 -4.0 13.4
 -3.9 13.4
 -3.8 13.4
 -3.5 13.2
 -3.4 13.2
 -3.4 13.3
 -3.2 13.3
 -3.3 13.7
 -3.2 13.7
 -3.1 13.7
 -3.0 13.6
 -2.9 13.7
 -2.9 13.9
 -2.8 14.0
 -2.5 14.3
 -2.1 14.2
 -2.0 14.2
 -2.0 14.5
 -1.7 14.5
 -1.3 14.7
 -1.1 14.8
 -0.7 15.1
 -0.4 15.1
 -0.4 15.0
 -0.2 15.1
 0.2 14.9
 0.2 15.0
 0.4 15.0
 0.5 15.0
 0.7 14.9
 0.7 15.0
 1.0 15.0
 1.3 15.3
 3.0 15.4
 3.5 15.4
 3.5 15.5
 3.7 15.7
 3.8 15.7
 3.9 15.7
 3.9 15.9
 4.0 16.0
 4.0 16.1
 4.1 16.3
 4.2 16.4
 4.2 17.0
 4.3 17.0
 4.2 18.7
 4.2 19.1
 3.3 19.0
 3.1 19.1
 3.2 19.2
 3.3 19.4
 3.2 19.5
 3.2 19.8
 2.8 20.0
 2.4 20.1
 2.3 20.2
 2.2 20.3
 2.1 20.2
 1.9 20.2
 1.9 20.3
 1.8 20.3
 1.7 20.4
 1.7 20.5
 1.5 20.6
 1.4 20.7
 1.3 20.7
 1.2 20.7
 1.2 20.8
 1.2 21.1
 -0.0 21.8
 -1.4 22.8
 -3.1 23.9
 -4.8 25.0
 -6.6 25.0
 

-6.6 25.0
 -6.4 23.3
 -6.4 23.1
 -6.2 21.5
 -6.0 19.9
 -5.8 18.2
 -5.6 16.5
 -5.3 16.3
 -5.5 15.5
 -5.9 15.5
 -7.6 15.5
 -9.3 15.5
 -9.3 15.6
 -9.3 15.7
 -9.4 15.6
 -9.4 15.4
 -9.7 15.4
 -9.8 15.4
 -10.1 15.4
 -10.2 15.4
 -10.7 15.4
 -10.8 15.3
 -10.9 15.1
 -11.2 15.4
 -11.4 15.6
 -11.5 15.6
 -11.6 15.5
 -11.7 15.5
 -11.8 15.1
 -11.8 15.0
 -11.8 14.9
 -12.0 14.8
 -12.1 14.7
 -12.1 14.8
 -12.2 14.8
 -12.1 14.6
 -12.2 14.6
 -12.2 14.4
 -12.1 14.4
 -12.1 14.3
 -12.0 14.3
 -12.0 14.2
 -12.0 14.0
 -11.9 13.9
 -12.0 13.8
 -12.1 13.7
 -11.9 13.5
 -11.9 13.4
 -11.8 13.3
 -11.8 13.4
 -11.7 13.4
 -11.6 13.4
 -11.5 13.1
 -11.4 13.1
 -11.4 13.0
 -11.4 12.9
 -11.4 12.7
 -11.4 12.6
 -11.5 12.6
 -11.4 12.5
 -11.4 12.4
 -11.4 12.3
 -11.5 12.2
 -11.5 12.1
 -11.3 12.0
 -11.2 12.0
 -11.0 12.2
 -10.9 12.2
 -10.7 11.9
 -10.5 12.1
 -10.3 12.2
 -10.0 12.1
 -9.8 12.0
 -9.7 12.1
 -9.5 12.2
 -9.3 12.2
 -9.3 12.4
 -9.4 12.4
 -9.4 12.5
 -9.3 12.5
 -9.1 12.4
 -8.9 12.4
 -9.0 12.2
 -8.9 12.2
 -8.9 12.0
 -8.8 12.0
 -8.8 11.7
 -8.7 11.7
 -8.6 11.5
 -8.5 11.5
 -8.5 11.4
 -8.4 11.4
 -8.4 11.3
 -8.5 11.3
 -8.5 11.2
 -8.7 11.0
 -8.6 11.0
 -8.5 11.0
 -8.5 11.1
 -8.4 11.1
 -8.3 11.0
 -8.3 10.5
 -8.2 10.4
 -8.1 10.4
 -8.0 10.3
 -7.9 10.2
 -8.0 10.2
 -7.9 10.2
 -7.7 10.4
 -7.5 10.4
 -7.5 10.5
 -7.4 10.3
 -7.4 10.4
 -7.3 10.3
 -7.0 10.1
 -6.9 10.2
 -7.0 10.3
 -6.9 10.4
 -6.8 10.4
 -6.7 10.3
 -6.6 10.4
 -6.7 10.6
 -6.6 10.7
 -6.6 10.6
 -6.4 10.6
 -6.4 10.7
 -6.2 10.7
 -6.2 10.6
 -6.2 10.5
 -6.2 10.4
 -6.2 10.3
 -6.2 10.2
 -6.1 10.2
 -6.0 10.2
 -6.0 10.3
 -5.9 10.3
 -5.9 10.4
 -5.7 10.5
 -5.5 10.4
 -5.5 10.6
 -5.5 10.7
 -5.4 10.8
 -5.5 11.0
 -5.5 11.1
 -5.3 11.1
 -5.3 11.2
 -5.3 11.4
 -5.2 11.4
 -5.2 11.6
 -5.3 11.6
 -5.3 11.7
 -5.3 11.8
 -5.4 11.8
 -5.3 11.8
 -5.2 11.9
 -4.9 12.0
 -4.8 12.0
 -4.7 12.1
 -4.5 12.1
 -4.6 12.2
 -4.5 12.3
 -4.4 12.3
 -4.4 12.4
 -4.4 12.5
 -4.5 12.7
 -4.3 12.7
 -4.2 12.8
 -4.2 12.9
 -4.3 13.1
 -4.3 13.2
 -4.2 13.2
 -4.1 13.3
 -4.0 13.4
 -4.0 13.5
 -3.9 13.5
 -4.0 13.4
 -3.9 13.4
 -3.8 13.4
 -3.5 13.2
 -3.4 13.2
 -3.4 13.3
 -3.2 13.3
 -3.3 13.7
 -3.2 13.7
 -3.1 13.7
 -3.0 13.6
 -2.9 13.7
 -2.9 13.9
 -2.8 14.0
 -2.5 14.3
 -2.1 14.2
 -2.0 14.2
 -2.0 14.5
 -1.7 14.5
 -1.3 14.7
 -1.1 14.8
 -0.7 15.1
 -0.4 15.1
 -0.4 15.0
 -0.2 15.1
 0.2 14.9
 0.2 15.0
 0.4 15.0
 0.5 15.0
 0.7 14.9
 0.7 15.0
 1.0 15.0
 1.3 15.3
 3.0 15.4
 3.5 15.4
 3.5 15.5
 3.7 15.7
 3.8 15.7
 3.9 15.7
 3.9 15.9
 4.0 16.0
 4.0 16.1
 4.1 16.3
 4.2 16.4
 4.2 17.0
 4.3 17.0
 4.2 18.7
 4.2 19.1
 3.3 19.0
 3.1 19.1
 3.2 19.2
 3.3 19.4
 3.2 19.5
 3.2 19.8
 2.8 20.0
 2.4 20.1
 2.3 20.2
 2.2 20.3
 2.1 20.2
 1.9 20.2
 1.9 20.3
 1.8 20.3
 1.7 20.4
 1.7 20.5
 1.5 20.6
 1.4 20.7
 1.3 20.7
 1.2 20.7
 1.2 20.8
 1.2 21.1
 -0.0 21.8
 -1.4 22.8
 -3.1 23.9
 -4.8 25.0
 -6.6 25.0
 

