-17.1 20.8
 -17.0 20.9
 -17.0 21.0
 -16.9 21.2
 -16.7 20.8
 -16.6 20.6
 -16.5 20.6
 -16.5 20.7
 -16.4 20.7
 -16.3 20.3
 -16.2 20.2
 -16.2 20.1
 -16.3 20.1
 -16.2 20.0
 -16.3 19.9
 -16.3 19.7
 -16.5 19.5
 -16.5 19.4
 -16.4 19.4
 -16.4 19.5
 -16.3 19.5
 -16.4 19.5
 -16.3 19.5
 -16.4 19.4
 -16.5 19.4
 -16.5 19.3
 -16.3 19.2
 -16.2 19.0
 -16.1 18.4
 -16.0 17.9
 -16.1 17.5
 -16.3 17.0
 -16.4 16.7
 -16.5 16.1
 -16.5 16.2
 -16.4 16.2
 -16.3 16.5
 -16.1 16.6
 -16.0 16.5
 -15.6 16.5
 -15.5 16.6
 -15.2 16.6
 -15.1 16.6
 -15.1 16.7
 -15.0 16.6
 -15.0 16.7
 -14.9 16.6
 -14.4 16.6
 -14.3 16.6
 -14.2 16.5
 -14.0 16.3
 -14.0 16.2
 -13.9 16.2
 -13.9 16.1
 -13.7 16.2
 -13.7 16.1
 -13.5 16.1
 -13.4 16.1
 -13.2 15.6
 -13.1 15.6
 -13.1 15.5
 -13.0 15.5
 -12.9 15.4
 -12.8 15.3
 -12.9 15.3
 -12.8 15.2
 -12.8 15.1
 -12.5 15.0
 -12.4 14.9
 -12.2 14.8
 -12.1 14.8
 -12.1 14.7
 -12.0 14.8
 -11.8 14.9
 -11.8 15.0
 -11.8 15.1
 -11.7 15.5
 -11.6 15.5
 -11.5 15.6
 -11.4 15.6
 -11.2 15.4
 -10.9 15.1
 -10.8 15.3
 -10.7 15.4
 -10.2 15.4
 -10.1 15.4
 -9.8 15.4
 -9.7 15.4
 -9.4 15.4
 -9.4 15.6
 -9.3 15.7
 -9.3 15.6
 -9.3 15.5
 -7.6 15.5
 -5.9 15.5
 -5.5 15.5
 -5.3 16.3
 -5.6 16.5
 -5.8 18.2
 -6.0 19.9
 -6.2 21.5
 -6.4 23.1
 -6.4 23.3
 -6.6 25.0
 -4.8 25.0
 -5.1 25.2
 -6.9 26.3
 -8.7 27.3
 -8.7 26.0
 -8.8 26.0
 -12.0 26.0
 -12.0 23.5
 -12.6 23.3
 -13.0 23.0
 -13.1 22.9
 -13.2 22.8
 -13.1 22.5
 -13.0 21.3
 -13.4 21.3
 -15.2 21.3
 -17.0 21.3
 -17.1 20.9
 -17.1 20.8
 

-17.1 20.8
 -17.0 20.9
 -17.0 21.0
 -16.9 21.2
 -16.7 20.8
 -16.6 20.6
 -16.5 20.6
 -16.5 20.7
 -16.4 20.7
 -16.3 20.3
 -16.2 20.2
 -16.2 20.1
 -16.3 20.1
 -16.2 20.0
 -16.3 19.9
 -16.3 19.7
 -16.5 19.5
 -16.5 19.4
 -16.4 19.4
 -16.4 19.5
 -16.3 19.5
 -16.4 19.5
 -16.3 19.5
 -16.4 19.4
 -16.5 19.4
 -16.5 19.3
 -16.3 19.2
 -16.2 19.0
 -16.1 18.4
 -16.0 17.9
 -16.1 17.5
 -16.3 17.0
 -16.4 16.7
 -16.5 16.1
 -16.5 16.2
 -16.4 16.2
 -16.3 16.5
 -16.1 16.6
 -16.0 16.5
 -15.6 16.5
 -15.5 16.6
 -15.2 16.6
 -15.1 16.6
 -15.1 16.7
 -15.0 16.6
 -15.0 16.7
 -14.9 16.6
 -14.4 16.6
 -14.3 16.6
 -14.2 16.5
 -14.0 16.3
 -14.0 16.2
 -13.9 16.2
 -13.9 16.1
 -13.7 16.2
 -13.7 16.1
 -13.5 16.1
 -13.4 16.1
 -13.2 15.6
 -13.1 15.6
 -13.1 15.5
 -13.0 15.5
 -12.9 15.4
 -12.8 15.3
 -12.9 15.3
 -12.8 15.2
 -12.8 15.1
 -12.5 15.0
 -12.4 14.9
 -12.2 14.8
 -12.1 14.8
 -12.1 14.7
 -12.0 14.8
 -11.8 14.9
 -11.8 15.0
 -11.8 15.1
 -11.7 15.5
 -11.6 15.5
 -11.5 15.6
 -11.4 15.6
 -11.2 15.4
 -10.9 15.1
 -10.8 15.3
 -10.7 15.4
 -10.2 15.4
 -10.1 15.4
 -9.8 15.4
 -9.7 15.4
 -9.4 15.4
 -9.4 15.6
 -9.3 15.7
 -9.3 15.6
 -9.3 15.5
 -7.6 15.5
 -5.9 15.5
 -5.5 15.5
 -5.3 16.3
 -5.6 16.5
 -5.8 18.2
 -6.0 19.9
 -6.2 21.5
 -6.4 23.1
 -6.4 23.3
 -6.6 25.0
 -4.8 25.0
 -5.1 25.2
 -6.9 26.3
 -8.7 27.3
 -8.7 26.0
 -8.8 26.0
 -12.0 26.0
 -12.0 23.5
 -12.6 23.3
 -13.0 23.0
 -13.1 22.9
 -13.2 22.8
 -13.1 22.5
 -13.0 21.3
 -13.4 21.3
 -15.2 21.3
 -17.0 21.3
 -17.1 20.9
 -17.1 20.8
 

