32.9 -9.4
 33.0 -9.5
 33.0 -9.6
 33.1 -9.7
 33.1 -9.6
 33.2 -9.6
 33.2 -9.7
 33.4 -9.8
 33.4 -9.9
 33.3 -10.1
 33.6 -10.2
 33.6 -10.4
 33.7 -10.5
 33.7 -10.6
 33.5 -10.8
 33.4 -10.8
 33.3 -10.9
 33.4 -11.2
 33.4 -11.3
 33.2 -11.6
 33.3 -11.6
 33.3 -11.8
 33.3 -12.1
 33.3 -12.3
 33.4 -12.3
 33.5 -12.3
 33.5 -12.4
 33.4 -12.5
 33.3 -12.5
 33.2 -12.6
 33.1 -12.6
 33.0 -12.6
 33.0 -12.8
 33.0 -12.9
 33.0 -13.0
 33.0 -13.2
 32.8 -13.5
 32.7 -13.6
 32.8 -13.6
 32.8 -13.7
 32.8 -13.8
 32.9 -13.8
 33.0 -14.0
 33.0 -14.1
 33.2 -13.9
 33.2 -14.0
 33.5 -14.4
 33.7 -14.6
 33.7 -14.5
 33.8 -14.5
 33.9 -14.5
 34.1 -14.5
 34.3 -14.4
 34.4 -14.4
 34.5 -14.6
 34.5 -14.7
 34.6 -14.8
 34.6 -15.3
 34.4 -15.5
 34.4 -15.7
 34.3 -15.7
 34.3 -15.8
 34.3 -15.9
 34.4 -16.1
 34.4 -16.2
 34.5 -16.3
 34.6 -16.3
 34.6 -16.4
 34.8 -16.5
 34.9 -16.7
 35.0 -16.8
 35.1 -16.8
 35.1 -17.0
 35.1 -17.1
 35.3 -17.1
 35.3 -17.0
 35.3 -16.8
 35.3 -16.7
 35.2 -16.6
 35.1 -16.6
 35.3 -16.5
 35.3 -16.2
 35.4 -16.1
 35.6 -16.1
 35.8 -16.1
 35.9 -15.4
 35.8 -15.3
 35.8 -15.2
 35.9 -14.9
 35.9 -14.7
 35.1 -13.7
 34.9 -13.5
 34.9 -13.7
 35.1 -13.7
 35.3 -14.4
 35.2 -14.4
 35.1 -14.2
 34.9 -14.1
 34.9 -14.0
 34.8 -14.0
 34.9 -14.1
 34.8 -14.2
 34.7 -14.3
 34.6 -14.1
 34.5 -14.0
 34.6 -13.9
 34.6 -13.7
 34.5 -13.6
 34.4 -13.6
 34.3 -13.4
 34.3 -12.9
 34.3 -12.8
 34.3 -12.7
 34.2 -12.7
 34.2 -12.6
 34.2 -12.5
 34.1 -12.4
 34.0 -12.2
 34.1 -12.0
 34.2 -11.9
 34.2 -11.8
 34.3 -11.7
 34.3 -11.6
 34.2 -11.2
 34.2 -11.1
 34.2 -10.6
 34.3 -10.4
 34.1 -10.2
 34.0 -10.0
 33.9 -9.8
 33.9 -9.7
 33.8 -9.6
 33.7 -9.6
 33.6 -9.6
 33.5 -9.6
 33.4 -9.6
 33.4 -9.5
 33.3 -9.5
 33.2 -9.5
 33.0 -9.4
 32.9 -9.4
 

32.9 -9.4
 33.0 -9.5
 33.0 -9.6
 33.1 -9.7
 33.1 -9.6
 33.2 -9.6
 33.2 -9.7
 33.4 -9.8
 33.4 -9.9
 33.3 -10.1
 33.6 -10.2
 33.6 -10.4
 33.7 -10.5
 33.7 -10.6
 33.5 -10.8
 33.4 -10.8
 33.3 -10.9
 33.4 -11.2
 33.4 -11.3
 33.2 -11.6
 33.3 -11.6
 33.3 -11.8
 33.3 -12.1
 33.3 -12.3
 33.4 -12.3
 33.5 -12.3
 33.5 -12.4
 33.4 -12.5
 33.3 -12.5
 33.2 -12.6
 33.1 -12.6
 33.0 -12.6
 33.0 -12.8
 33.0 -12.9
 33.0 -13.0
 33.0 -13.2
 32.8 -13.5
 32.7 -13.6
 32.8 -13.6
 32.8 -13.7
 32.8 -13.8
 32.9 -13.8
 33.0 -14.0
 33.0 -14.1
 33.2 -13.9
 33.2 -14.0
 33.5 -14.4
 33.7 -14.6
 33.7 -14.5
 33.8 -14.5
 33.9 -14.5
 34.1 -14.5
 34.3 -14.4
 34.4 -14.4
 34.5 -14.6
 34.5 -14.7
 34.6 -14.8
 34.6 -15.3
 34.4 -15.5
 34.4 -15.7
 34.3 -15.7
 34.3 -15.8
 34.3 -15.9
 34.4 -16.1
 34.4 -16.2
 34.5 -16.3
 34.6 -16.3
 34.6 -16.4
 34.8 -16.5
 34.9 -16.7
 35.0 -16.8
 35.1 -16.8
 35.1 -17.0
 35.1 -17.1
 35.3 -17.1
 35.3 -17.0
 35.3 -16.8
 35.3 -16.7
 35.2 -16.6
 35.1 -16.6
 35.3 -16.5
 35.3 -16.2
 35.4 -16.1
 35.6 -16.1
 35.8 -16.1
 35.9 -15.4
 35.8 -15.3
 35.8 -15.2
 35.9 -14.9
 35.9 -14.7
 35.1 -13.7
 34.9 -13.5
 34.9 -13.7
 35.1 -13.7
 35.3 -14.4
 35.2 -14.4
 35.1 -14.2
 34.9 -14.1
 34.9 -14.0
 34.8 -14.0
 34.9 -14.1
 34.8 -14.2
 34.7 -14.3
 34.6 -14.1
 34.5 -14.0
 34.6 -13.9
 34.6 -13.7
 34.5 -13.6
 34.4 -13.6
 34.3 -13.4
 34.3 -12.9
 34.3 -12.8
 34.3 -12.7
 34.2 -12.7
 34.2 -12.6
 34.2 -12.5
 34.1 -12.4
 34.0 -12.2
 34.1 -12.0
 34.2 -11.9
 34.2 -11.8
 34.3 -11.7
 34.3 -11.6
 34.2 -11.2
 34.2 -11.1
 34.2 -10.6
 34.3 -10.4
 34.1 -10.2
 34.0 -10.0
 33.9 -9.8
 33.9 -9.7
 33.8 -9.6
 33.7 -9.6
 33.6 -9.6
 33.5 -9.6
 33.4 -9.6
 33.4 -9.5
 33.3 -9.5
 33.2 -9.5
 33.0 -9.4
 32.9 -9.4
 

