33.2 -14.0
 32.1 -14.4
 31.6 -14.6
 31.4 -14.6
 30.8 -14.8
 30.2 -15.0
 30.3 -15.3
 30.4 -15.3
 30.4 -15.5
 30.4 -15.6
 30.4 -16.0
 30.9 -16.0
 31.0 -16.1
 31.1 -16.0
 31.3 -16.0
 31.4 -16.2
 31.8 -16.2
 31.9 -16.4
 32.1 -16.4
 32.2 -16.4
 32.7 -16.6
 32.7 -16.7
 32.8 -16.7
 33.0 -16.7
 32.9 -16.8
 32.8 -16.9
 33.0 -17.1
 33.0 -17.3
 33.0 -17.5
 33.0 -17.6
 33.0 -17.7
 33.0 -17.8
 33.0 -17.9
 32.9 -18.0
 33.0 -18.1
 33.0 -18.2
 33.1 -18.3
 33.0 -18.4
 33.0 -18.5
 32.9 -18.5
 32.9 -18.7
 32.9 -18.8
 32.8 -18.8
 32.7 -18.8
 32.7 -18.9
 32.7 -19.0
 32.8 -19.0
 32.9 -19.3
 32.8 -19.4
 32.8 -19.5
 32.9 -19.5
 32.8 -19.7
 32.9 -19.7
 33.0 -19.6
 33.0 -19.7
 33.1 -19.8
 33.0 -19.8
 33.0 -20.0
 32.9 -20.1
 32.7 -20.6
 32.6 -20.6
 32.5 -20.6
 32.5 -20.7
 32.5 -20.9
 32.4 -21.1
 32.5 -21.3
 32.4 -21.3
 31.4 -22.4
 31.3 -22.4
 31.6 -23.2
 31.6 -23.5
 31.7 -23.6
 31.8 -23.9
 31.9 -23.9
 31.9 -24.2
 32.0 -24.5
 32.0 -25.0
 32.0 -25.5
 32.0 -25.7
 31.9 -25.8
 32.0 -26.0
 32.1 -26.0
 32.1 -26.2
 32.1 -26.3
 32.1 -26.4
 32.1 -26.5
 32.1 -26.8
 32.3 -26.9
 32.9 -26.8
 32.9 -26.3
 33.0 -26.1
 32.9 -26.1
 32.9 -26.2
 32.9 -26.3
 32.8 -26.3
 32.8 -26.2
 32.6 -26.1
 32.6 -26.0
 32.5 -26.0
 32.5 -25.9
 32.6 -26.0
 32.7 -25.9
 32.7 -25.8
 32.8 -25.6
 33.1 -25.4
 33.2 -25.3
 33.6 -25.2
 34.0 -25.0
 34.5 -24.9
 35.0 -24.6
 35.2 -24.5
 35.5 -24.1
 35.5 -23.8
 35.5 -23.9
 35.4 -23.8
 35.3 -24.0
 35.4 -23.7
 35.3 -23.7
 35.4 -23.7
 35.4 -23.5
 35.6 -23.0
 35.6 -22.9
 35.5 -23.0
 35.5 -22.6
 35.5 -22.3
 35.5 -22.1
 35.4 -22.1
 35.4 -22.2
 35.4 -22.3
 35.4 -22.5
 35.3 -22.4
 35.3 -22.3
 35.3 -22.1
 35.2 -21.6
 35.1 -21.4
 35.1 -21.3
 35.1 -21.2
 35.1 -21.3
 35.0 -21.3
 35.1 -21.2
 35.0 -21.1
 35.1 -21.1
 35.1 -21.0
 35.1 -20.9
 35.0 -20.9
 35.0 -20.7
 34.9 -20.7
 34.7 -20.5
 34.7 -20.4
 34.6 -20.4
 34.7 -20.4
 34.7 -20.2
 34.8 -20.2
 34.8 -20.1
 34.7 -19.9
 34.8 -19.9
 34.8 -19.8
 34.6 -19.6
 34.5 -19.6
 34.6 -19.6
 34.7 -19.7
 34.8 -19.8
 34.8 -19.9
 34.9 -19.9
 35.3 -19.6
 35.5 -19.4
 35.7 -19.1
 36.0 -18.9
 36.1 -18.8
 36.1 -18.9
 36.3 -18.9
 36.2 -18.7
 36.3 -18.8
 36.4 -18.8
 36.4 -18.7
 36.5 -18.6
 36.5 -18.5
 36.6 -18.5
 36.8 -18.2
 36.9 -18.2
 37.0 -18.1
 36.8 -17.9
 36.9 -17.9
 37.0 -18.0
 37.3 -17.7
 37.4 -17.6
 37.7 -17.5
 37.9 -17.4
 38.1 -17.3
 38.1 -17.2
 38.1 -17.3
 38.5 -17.1
 38.6 -17.1
 38.7 -17.0
 38.7 -17.1
 39.1 -17.0
 39.1 -16.9
 39.2 -16.9
 39.3 -16.8
 39.7 -16.6
 39.8 -16.5
 39.9 -16.4
 39.8 -16.4
 39.8 -16.3
 39.9 -16.2
 40.0 -16.2
 40.1 -16.0
 40.4 -15.7
 40.5 -15.5
 40.7 -15.3
 40.7 -15.2
 40.6 -15.2
 40.5 -15.2
 40.5 -15.1
 40.7 -15.1
 40.7 -15.0
 40.8 -15.0
 40.7 -14.9
 40.6 -14.9
 40.7 -14.9
 40.8 -14.8
 40.8 -14.5
 40.8 -14.6
 40.8 -14.5
 40.8 -14.4
 40.7 -14.4
 40.7 -14.5
 40.6 -14.6
 40.6 -14.3
 40.7 -14.4
 40.7 -14.3
 40.7 -14.2
 40.6 -14.3
 40.5 -14.2
 40.6 -14.1
 40.6 -14.0
 40.5 -13.6
 40.6 -13.6
 40.5 -13.5
 40.6 -13.3
 40.6 -13.1
 40.6 -13.0
 40.5 -13.0
 40.5 -12.9
 40.5 -13.0
 40.4 -13.0
 40.4 -12.9
 40.5 -12.9
 40.6 -12.9
 40.6 -12.8
 40.6 -12.7
 40.6 -12.5
 40.5 -12.5
 40.6 -12.4
 40.5 -12.4
 40.5 -12.3
 40.5 -12.2
 40.5 -12.0
 40.5 -11.9
 40.5 -11.8
 40.4 -11.6
 40.5 -11.4
 40.4 -11.3
 40.5 -11.2
 40.5 -11.1
 40.6 -11.1
 40.6 -11.0
 40.5 -11.0
 40.5 -10.9
 40.6 -10.9
 40.6 -10.8
 40.5 -10.8
 40.6 -10.7
 40.6 -10.6
 40.5 -10.6
 40.5 -10.5
 40.4 -10.5
 40.3 -10.6
 40.2 -10.7
 39.8 -10.9
 39.6 -10.9
 39.3 -11.2
 38.9 -11.2
 38.7 -11.3
 38.5 -11.4
 38.1 -11.3
 37.9 -11.3
 37.8 -11.4
 37.8 -11.5
 37.8 -11.6
 37.4 -11.7
 37.3 -11.7
 37.1 -11.7
 37.0 -11.6
 36.8 -11.6
 36.7 -11.7
 36.5 -11.7
 36.2 -11.7
 36.2 -11.6
 36.1 -11.5
 35.9 -11.4
 35.8 -11.4
 35.6 -11.6
 35.5 -11.6
 35.4 -11.6
 35.0 -11.6
 34.9 -12.0
 34.7 -12.2
 34.7 -12.4
 34.8 -12.7
 34.8 -12.9
 34.8 -13.1
 34.8 -13.3
 34.9 -13.4
 34.9 -13.5
 35.1 -13.7
 35.9 -14.7
 35.9 -14.9
 35.8 -15.2
 35.8 -15.3
 35.9 -15.4
 35.8 -16.1
 35.6 -16.1
 35.4 -16.1
 35.3 -16.2
 35.3 -16.5
 35.1 -16.6
 35.2 -16.6
 35.3 -16.7
 35.3 -16.8
 35.3 -17.0
 35.3 -17.1
 35.1 -17.1
 35.1 -17.0
 35.1 -16.8
 35.0 -16.8
 34.9 -16.7
 34.8 -16.5
 34.6 -16.4
 34.6 -16.3
 34.5 -16.3
 34.4 -16.2
 34.4 -16.1
 34.3 -15.9
 34.3 -15.8
 34.3 -15.7
 34.4 -15.7
 34.4 -15.5
 34.6 -15.3
 34.6 -14.8
 34.5 -14.7
 34.5 -14.6
 34.4 -14.4
 34.3 -14.4
 34.1 -14.5
 33.9 -14.5
 33.8 -14.5
 33.7 -14.5
 33.7 -14.6
 33.5 -14.4
 33.2 -14.0
 

33.2 -14.0
 32.1 -14.4
 31.6 -14.6
 31.4 -14.6
 30.8 -14.8
 30.2 -15.0
 30.3 -15.3
 30.4 -15.3
 30.4 -15.5
 30.4 -15.6
 30.4 -16.0
 30.9 -16.0
 31.0 -16.1
 31.1 -16.0
 31.3 -16.0
 31.4 -16.2
 31.8 -16.2
 31.9 -16.4
 32.1 -16.4
 32.2 -16.4
 32.7 -16.6
 32.7 -16.7
 32.8 -16.7
 33.0 -16.7
 32.9 -16.8
 32.8 -16.9
 33.0 -17.1
 33.0 -17.3
 33.0 -17.5
 33.0 -17.6
 33.0 -17.7
 33.0 -17.8
 33.0 -17.9
 32.9 -18.0
 33.0 -18.1
 33.0 -18.2
 33.1 -18.3
 33.0 -18.4
 33.0 -18.5
 32.9 -18.5
 32.9 -18.7
 32.9 -18.8
 32.8 -18.8
 32.7 -18.8
 32.7 -18.9
 32.7 -19.0
 32.8 -19.0
 32.9 -19.3
 32.8 -19.4
 32.8 -19.5
 32.9 -19.5
 32.8 -19.7
 32.9 -19.7
 33.0 -19.6
 33.0 -19.7
 33.1 -19.8
 33.0 -19.8
 33.0 -20.0
 32.9 -20.1
 32.7 -20.6
 32.6 -20.6
 32.5 -20.6
 32.5 -20.7
 32.5 -20.9
 32.4 -21.1
 32.5 -21.3
 32.4 -21.3
 31.4 -22.4
 31.3 -22.4
 31.6 -23.2
 31.6 -23.5
 31.7 -23.6
 31.8 -23.9
 31.9 -23.9
 31.9 -24.2
 32.0 -24.5
 32.0 -25.0
 32.0 -25.5
 32.0 -25.7
 31.9 -25.8
 32.0 -26.0
 32.1 -26.0
 32.1 -26.2
 32.1 -26.3
 32.1 -26.4
 32.1 -26.5
 32.1 -26.8
 32.3 -26.9
 32.9 -26.8
 32.9 -26.3
 33.0 -26.1
 32.9 -26.1
 32.9 -26.2
 32.9 -26.3
 32.8 -26.3
 32.8 -26.2
 32.6 -26.1
 32.6 -26.0
 32.5 -26.0
 32.5 -25.9
 32.6 -26.0
 32.7 -25.9
 32.7 -25.8
 32.8 -25.6
 33.1 -25.4
 33.2 -25.3
 33.6 -25.2
 34.0 -25.0
 34.5 -24.9
 35.0 -24.6
 35.2 -24.5
 35.5 -24.1
 35.5 -23.8
 35.5 -23.9
 35.4 -23.8
 35.3 -24.0
 35.4 -23.7
 35.3 -23.7
 35.4 -23.7
 35.4 -23.5
 35.6 -23.0
 35.6 -22.9
 35.5 -23.0
 35.5 -22.6
 35.5 -22.3
 35.5 -22.1
 35.4 -22.1
 35.4 -22.2
 35.4 -22.3
 35.4 -22.5
 35.3 -22.4
 35.3 -22.3
 35.3 -22.1
 35.2 -21.6
 35.1 -21.4
 35.1 -21.3
 35.1 -21.2
 35.1 -21.3
 35.0 -21.3
 35.1 -21.2
 35.0 -21.1
 35.1 -21.1
 35.1 -21.0
 35.1 -20.9
 35.0 -20.9
 35.0 -20.7
 34.9 -20.7
 34.7 -20.5
 34.7 -20.4
 34.6 -20.4
 34.7 -20.4
 34.7 -20.2
 34.8 -20.2
 34.8 -20.1
 34.7 -19.9
 34.8 -19.9
 34.8 -19.8
 34.6 -19.6
 34.5 -19.6
 34.6 -19.6
 34.7 -19.7
 34.8 -19.8
 34.8 -19.9
 34.9 -19.9
 35.3 -19.6
 35.5 -19.4
 35.7 -19.1
 36.0 -18.9
 36.1 -18.8
 36.1 -18.9
 36.3 -18.9
 36.2 -18.7
 36.3 -18.8
 36.4 -18.8
 36.4 -18.7
 36.5 -18.6
 36.5 -18.5
 36.6 -18.5
 36.8 -18.2
 36.9 -18.2
 37.0 -18.1
 36.8 -17.9
 36.9 -17.9
 37.0 -18.0
 37.3 -17.7
 37.4 -17.6
 37.7 -17.5
 37.9 -17.4
 38.1 -17.3
 38.1 -17.2
 38.1 -17.3
 38.5 -17.1
 38.6 -17.1
 38.7 -17.0
 38.7 -17.1
 39.1 -17.0
 39.1 -16.9
 39.2 -16.9
 39.3 -16.8
 39.7 -16.6
 39.8 -16.5
 39.9 -16.4
 39.8 -16.4
 39.8 -16.3
 39.9 -16.2
 40.0 -16.2
 40.1 -16.0
 40.4 -15.7
 40.5 -15.5
 40.7 -15.3
 40.7 -15.2
 40.6 -15.2
 40.5 -15.2
 40.5 -15.1
 40.7 -15.1
 40.7 -15.0
 40.8 -15.0
 40.7 -14.9
 40.6 -14.9
 40.7 -14.9
 40.8 -14.8
 40.8 -14.5
 40.8 -14.6
 40.8 -14.5
 40.8 -14.4
 40.7 -14.4
 40.7 -14.5
 40.6 -14.6
 40.6 -14.3
 40.7 -14.4
 40.7 -14.3
 40.7 -14.2
 40.6 -14.3
 40.5 -14.2
 40.6 -14.1
 40.6 -14.0
 40.5 -13.6
 40.6 -13.6
 40.5 -13.5
 40.6 -13.3
 40.6 -13.1
 40.6 -13.0
 40.5 -13.0
 40.5 -12.9
 40.5 -13.0
 40.4 -13.0
 40.4 -12.9
 40.5 -12.9
 40.6 -12.9
 40.6 -12.8
 40.6 -12.7
 40.6 -12.5
 40.5 -12.5
 40.6 -12.4
 40.5 -12.4
 40.5 -12.3
 40.5 -12.2
 40.5 -12.0
 40.5 -11.9
 40.5 -11.8
 40.4 -11.6
 40.5 -11.4
 40.4 -11.3
 40.5 -11.2
 40.5 -11.1
 40.6 -11.1
 40.6 -11.0
 40.5 -11.0
 40.5 -10.9
 40.6 -10.9
 40.6 -10.8
 40.5 -10.8
 40.6 -10.7
 40.6 -10.6
 40.5 -10.6
 40.5 -10.5
 40.4 -10.5
 40.3 -10.6
 40.2 -10.7
 39.8 -10.9
 39.6 -10.9
 39.3 -11.2
 38.9 -11.2
 38.7 -11.3
 38.5 -11.4
 38.1 -11.3
 37.9 -11.3
 37.8 -11.4
 37.8 -11.5
 37.8 -11.6
 37.4 -11.7
 37.3 -11.7
 37.1 -11.7
 37.0 -11.6
 36.8 -11.6
 36.7 -11.7
 36.5 -11.7
 36.2 -11.7
 36.2 -11.6
 36.1 -11.5
 35.9 -11.4
 35.8 -11.4
 35.6 -11.6
 35.5 -11.6
 35.4 -11.6
 35.0 -11.6
 34.9 -12.0
 34.7 -12.2
 34.7 -12.4
 34.8 -12.7
 34.8 -12.9
 34.8 -13.1
 34.8 -13.3
 34.9 -13.4
 34.9 -13.5
 35.1 -13.7
 35.9 -14.7
 35.9 -14.9
 35.8 -15.2
 35.8 -15.3
 35.9 -15.4
 35.8 -16.1
 35.6 -16.1
 35.4 -16.1
 35.3 -16.2
 35.3 -16.5
 35.1 -16.6
 35.2 -16.6
 35.3 -16.7
 35.3 -16.8
 35.3 -17.0
 35.3 -17.1
 35.1 -17.1
 35.1 -17.0
 35.1 -16.8
 35.0 -16.8
 34.9 -16.7
 34.8 -16.5
 34.6 -16.4
 34.6 -16.3
 34.5 -16.3
 34.4 -16.2
 34.4 -16.1
 34.3 -15.9
 34.3 -15.8
 34.3 -15.7
 34.4 -15.7
 34.4 -15.5
 34.6 -15.3
 34.6 -14.8
 34.5 -14.7
 34.5 -14.6
 34.4 -14.4
 34.3 -14.4
 34.1 -14.5
 33.9 -14.5
 33.8 -14.5
 33.7 -14.5
 33.7 -14.6
 33.5 -14.4
 33.2 -14.0
 

