11.8 -17.3
 11.7 -17.8
 11.8 -18.0
 12.0 -18.5
 12.4 -18.8
 12.5 -18.9
 12.5 -19.0
 12.6 -19.1
 12.8 -19.6
 13.0 -20.0
 13.1 -20.1
 13.2 -20.2
 13.2 -20.4
 13.3 -20.6
 13.5 -21.0
 13.8 -21.4
 14.0 -21.7
 13.9 -21.8
 14.3 -22.1
 14.5 -22.6
 14.5 -22.7
 14.7 -22.6
 14.7 -23.0
 14.7 -23.2
 14.5 -23.2
 14.5 -23.3
 14.5 -23.4
 14.4 -23.4
 14.5 -23.6
 14.5 -24.2
 14.6 -24.5
 14.6 -24.6
 14.7 -24.7
 14.8 -24.8
 14.8 -24.9
 14.9 -25.1
 14.8 -25.4
 14.9 -25.5
 14.8 -25.7
 15.0 -26.1
 14.9 -26.1
 15.0 -26.3
 15.1 -26.4
 15.2 -26.6
 15.1 -26.7
 15.1 -26.6
 15.1 -26.7
 15.2 -26.9
 15.3 -27.2
 15.3 -27.3
 15.5 -27.7
 15.7 -27.9
 15.7 -28.0
 16.1 -28.3
 16.4 -28.6
 16.5 -28.6
 16.7 -28.5
 16.8 -28.4
 16.8 -28.3
 16.8 -28.2
 16.9 -28.2
 16.8 -28.2
 16.9 -28.2
 16.9 -28.1
 17.1 -28.0
 17.2 -28.1
 17.2 -28.2
 17.3 -28.2
 17.4 -28.3
 17.4 -28.4
 17.3 -28.5
 17.4 -28.5
 17.4 -28.7
 17.6 -28.7
 17.6 -28.8
 17.7 -28.8
 18.2 -28.9
 18.6 -28.8
 19.0 -28.9
 19.1 -29.0
 19.3 -28.9
 19.2 -28.8
 19.3 -28.7
 19.5 -28.7
 19.6 -28.5
 20.0 -28.4
 20.0 -27.5
 20.0 -26.1
 20.0 -24.8
 20.0 -23.4
 20.0 -22.1
 20.0 -22.0
 21.0 -22.0
 21.0 -20.6
 21.0 -19.3
 21.0 -18.3
 21.5 -18.3
 23.3 -18.0
 23.5 -18.2
 23.5 -18.3
 23.6 -18.5
 23.8 -18.3
 24.0 -18.2
 24.4 -17.9
 24.5 -18.0
 24.5 -18.1
 24.6 -18.0
 24.8 -17.8
 25.3 -17.8
 25.1 -17.7
 25.0 -17.6
 24.8 -17.5
 24.2 -17.5
 23.5 -17.6
 22.8 -17.7
 21.4 -18.0
 21.2 -17.9
 21.0 -18.0
 20.8 -18.0
 20.4 -17.9
 20.1 -17.9
 19.9 -17.9
 19.8 -17.9
 19.7 -17.8
 19.5 -17.9
 18.9 -17.8
 18.7 -17.7
 18.5 -17.4
 18.4 -17.4
 17.0 -17.4
 15.6 -17.4
 14.2 -17.4
 14.0 -17.4
 13.5 -17.1
 13.5 -17.0
 13.4 -17.0
 12.9 -17.0
 12.5 -17.2
 12.5 -17.3
 12.4 -17.2
 12.2 -17.2
 12.1 -17.1
 12.0 -17.2
 11.8 -17.3
 

11.8 -17.3
 11.7 -17.8
 11.8 -18.0
 12.0 -18.5
 12.4 -18.8
 12.5 -18.9
 12.5 -19.0
 12.6 -19.1
 12.8 -19.6
 13.0 -20.0
 13.1 -20.1
 13.2 -20.2
 13.2 -20.4
 13.3 -20.6
 13.5 -21.0
 13.8 -21.4
 14.0 -21.7
 13.9 -21.8
 14.3 -22.1
 14.5 -22.6
 14.5 -22.7
 14.7 -22.6
 14.7 -23.0
 14.7 -23.2
 14.5 -23.2
 14.5 -23.3
 14.5 -23.4
 14.4 -23.4
 14.5 -23.6
 14.5 -24.2
 14.6 -24.5
 14.6 -24.6
 14.7 -24.7
 14.8 -24.8
 14.8 -24.9
 14.9 -25.1
 14.8 -25.4
 14.9 -25.5
 14.8 -25.7
 15.0 -26.1
 14.9 -26.1
 15.0 -26.3
 15.1 -26.4
 15.2 -26.6
 15.1 -26.7
 15.1 -26.6
 15.1 -26.7
 15.2 -26.9
 15.3 -27.2
 15.3 -27.3
 15.5 -27.7
 15.7 -27.9
 15.7 -28.0
 16.1 -28.3
 16.4 -28.6
 16.5 -28.6
 16.7 -28.5
 16.8 -28.4
 16.8 -28.3
 16.8 -28.2
 16.9 -28.2
 16.8 -28.2
 16.9 -28.2
 16.9 -28.1
 17.1 -28.0
 17.2 -28.1
 17.2 -28.2
 17.3 -28.2
 17.4 -28.3
 17.4 -28.4
 17.3 -28.5
 17.4 -28.5
 17.4 -28.7
 17.6 -28.7
 17.6 -28.8
 17.7 -28.8
 18.2 -28.9
 18.6 -28.8
 19.0 -28.9
 19.1 -29.0
 19.3 -28.9
 19.2 -28.8
 19.3 -28.7
 19.5 -28.7
 19.6 -28.5
 20.0 -28.4
 20.0 -27.5
 20.0 -26.1
 20.0 -24.8
 20.0 -23.4
 20.0 -22.1
 20.0 -22.0
 21.0 -22.0
 21.0 -20.6
 21.0 -19.3
 21.0 -18.3
 21.5 -18.3
 23.3 -18.0
 23.5 -18.2
 23.5 -18.3
 23.6 -18.5
 23.8 -18.3
 24.0 -18.2
 24.4 -17.9
 24.5 -18.0
 24.5 -18.1
 24.6 -18.0
 24.8 -17.8
 25.3 -17.8
 25.1 -17.7
 25.0 -17.6
 24.8 -17.5
 24.2 -17.5
 23.5 -17.6
 22.8 -17.7
 21.4 -18.0
 21.2 -17.9
 21.0 -18.0
 20.8 -18.0
 20.4 -17.9
 20.1 -17.9
 19.9 -17.9
 19.8 -17.9
 19.7 -17.8
 19.5 -17.9
 18.9 -17.8
 18.7 -17.7
 18.5 -17.4
 18.4 -17.4
 17.0 -17.4
 15.6 -17.4
 14.2 -17.4
 14.0 -17.4
 13.5 -17.1
 13.5 -17.0
 13.4 -17.0
 12.9 -17.0
 12.5 -17.2
 12.5 -17.3
 12.4 -17.2
 12.2 -17.2
 12.1 -17.1
 12.0 -17.2
 11.8 -17.3
 

