0.2 14.9
 0.2 14.9
 0.2 14.8
 0.2 14.5
 0.4 14.3
 0.4 14.0
 0.6 13.7
 0.8 13.7
 0.8 13.6
 1.0 13.6
 1.1 13.4
 1.2 13.4
 1.1 13.3
 1.0 13.4
 1.0 13.0
 1.1 13.0
 1.6 12.6
 1.9 12.6
 2.0 12.7
 2.1 12.7
 2.2 12.6
 2.3 12.4
 2.1 12.4
 2.4 11.9
 2.5 12.0
 2.4 12.0
 2.4 12.2
 2.6 12.3
 2.7 12.3
 2.8 12.4
 3.2 12.1
 3.3 12.0
 3.3 11.9
 3.5 11.9
 3.6 11.8
 3.6 11.7
 3.7 11.7
 3.6 11.9
 3.7 12.0
 3.7 12.5
 4.0 12.7
 4.1 13.0
 4.1 13.5
 4.2 13.5
 4.5 13.7
 4.9 13.8
 4.9 13.7
 5.3 13.8
 5.4 13.8
 5.5 13.9
 6.2 13.6
 6.2 13.7
 6.3 13.7
 6.4 13.6
 6.7 13.3
 6.8 13.1
 6.9 13.0
 7.1 13.0
 7.2 13.1
 7.4 13.1
 7.8 13.4
 8.1 13.3
 8.4 13.1
 8.5 13.1
 8.6 13.1
 8.7 12.9
 9.0 12.8
 9.6 12.8
 9.9 13.1
 10.1 13.3
 10.8 13.4
 11.0 13.4
 11.4 13.4
 11.9 13.2
 12.1 13.1
 12.2 13.1
 12.4 13.1
 12.5 13.1
 12.6 13.3
 12.7 13.3
 12.9 13.5
 13.0 13.5
 13.3 13.6
 13.3 13.7
 13.6 13.7
 13.6 14.0
 13.5 14.4
 13.5 14.5
 13.7 14.5
 13.7 14.6
 13.8 14.7
 13.8 14.8
 13.9 15.0
 14.4 15.7
 15.5 16.9
 15.5 17.3
 15.6 18.6
 15.8 19.9
 16.0 20.4
 15.6 20.8
 15.6 20.9
 15.6 21.0
 15.3 21.4
 15.2 21.5
 15.2 22.0
 15.0 23.0
 14.2 22.6
 13.6 23.1
 13.4 23.2
 12.0 23.5
 11.8 23.4
 10.4 22.6
 8.9 21.7
 7.5 20.9
 5.8 19.4
 4.2 19.1
 4.2 18.7
 4.3 17.0
 4.2 17.0
 4.2 16.4
 4.1 16.3
 4.0 16.1
 4.0 16.0
 3.9 15.9
 3.9 15.7
 3.8 15.7
 3.7 15.7
 3.5 15.5
 3.5 15.4
 3.0 15.4
 1.3 15.3
 1.0 15.0
 0.7 15.0
 0.7 14.9
 0.5 15.0
 0.4 15.0
 0.2 15.0
 0.2 14.9
 

0.2 14.9
 0.2 14.9
 0.2 14.8
 0.2 14.5
 0.4 14.3
 0.4 14.0
 0.6 13.7
 0.8 13.7
 0.8 13.6
 1.0 13.6
 1.1 13.4
 1.2 13.4
 1.1 13.3
 1.0 13.4
 1.0 13.0
 1.1 13.0
 1.6 12.6
 1.9 12.6
 2.0 12.7
 2.1 12.7
 2.2 12.6
 2.3 12.4
 2.1 12.4
 2.4 11.9
 2.5 12.0
 2.4 12.0
 2.4 12.2
 2.6 12.3
 2.7 12.3
 2.8 12.4
 3.2 12.1
 3.3 12.0
 3.3 11.9
 3.5 11.9
 3.6 11.8
 3.6 11.7
 3.7 11.7
 3.6 11.9
 3.7 12.0
 3.7 12.5
 4.0 12.7
 4.1 13.0
 4.1 13.5
 4.2 13.5
 4.5 13.7
 4.9 13.8
 4.9 13.7
 5.3 13.8
 5.4 13.8
 5.5 13.9
 6.2 13.6
 6.2 13.7
 6.3 13.7
 6.4 13.6
 6.7 13.3
 6.8 13.1
 6.9 13.0
 7.1 13.0
 7.2 13.1
 7.4 13.1
 7.8 13.4
 8.1 13.3
 8.4 13.1
 8.5 13.1
 8.6 13.1
 8.7 12.9
 9.0 12.8
 9.6 12.8
 9.9 13.1
 10.1 13.3
 10.8 13.4
 11.0 13.4
 11.4 13.4
 11.9 13.2
 12.1 13.1
 12.2 13.1
 12.4 13.1
 12.5 13.1
 12.6 13.3
 12.7 13.3
 12.9 13.5
 13.0 13.5
 13.3 13.6
 13.3 13.7
 13.6 13.7
 13.6 14.0
 13.5 14.4
 13.5 14.5
 13.7 14.5
 13.7 14.6
 13.8 14.7
 13.8 14.8
 13.9 15.0
 14.4 15.7
 15.5 16.9
 15.5 17.3
 15.6 18.6
 15.8 19.9
 16.0 20.4
 15.6 20.8
 15.6 20.9
 15.6 21.0
 15.3 21.4
 15.2 21.5
 15.2 22.0
 15.0 23.0
 14.2 22.6
 13.6 23.1
 13.4 23.2
 12.0 23.5
 11.8 23.4
 10.4 22.6
 8.9 21.7
 7.5 20.9
 5.8 19.4
 4.2 19.1
 4.2 18.7
 4.3 17.0
 4.2 17.0
 4.2 16.4
 4.1 16.3
 4.0 16.1
 4.0 16.0
 3.9 15.9
 3.9 15.7
 3.8 15.7
 3.7 15.7
 3.5 15.5
 3.5 15.4
 3.0 15.4
 1.3 15.3
 1.0 15.0
 0.7 15.0
 0.7 14.9
 0.5 15.0
 0.4 15.0
 0.2 15.0
 0.2 14.9
 

