3.6 11.7
 3.5 11.4
 3.7 11.1
 3.8 10.8
 3.8 10.7
 3.9 10.6
 3.8 10.4
 3.7 10.4
 3.6 10.4
 3.6 10.3
 3.7 10.2
 3.6 9.9
 3.5 9.8
 3.3 9.8
 3.4 9.7
 3.3 9.6
 3.1 9.4
 3.2 9.3
 3.1 9.1
 3.0 9.1
 2.8 9.1
 2.8 8.6
 2.7 8.1
 2.7 7.9
 2.7 7.8
 2.7 7.6
 2.8 7.5
 2.8 7.4
 2.8 7.1
 2.7 7.1
 2.8 7.0
 2.7 7.0
 2.8 6.7
 2.7 6.6
 2.7 6.4
 2.9 6.4
 3.4 6.4
 3.4 6.5
 3.5 6.6
 3.5 6.5
 3.6 6.5
 3.8 6.6
 3.7 6.5
 3.4 6.5
 3.4 6.4
 4.0 6.4
 4.4 6.4
 4.6 6.2
 4.9 6.0
 5.1 5.8
 5.3 5.9
 5.2 5.8
 5.1 5.8
 5.1 5.7
 5.2 5.6
 5.3 5.6
 5.3 5.7
 5.3 5.6
 5.4 5.6
 5.4 5.7
 5.5 5.6
 5.4 5.6
 5.2 5.6
 5.2 5.5
 5.3 5.4
 5.4 5.4
 5.6 5.5
 5.5 5.4
 5.6 5.4
 5.5 5.4
 5.4 5.4
 5.3 5.4
 5.4 5.2
 5.5 5.1
 5.4 5.1
 5.5 4.9
 5.6 4.6
 5.8 4.4
 5.9 4.3
 6.0 4.3
 6.0 4.4
 6.0 4.3
 6.1 4.3
 6.1 4.4
 6.1 4.3
 6.2 4.3
 6.2 4.4
 6.2 4.5
 6.3 4.4
 6.2 4.3
 6.3 4.3
 6.4 4.3
 6.6 4.3
 6.6 4.5
 6.6 4.3
 6.7 4.3
 6.7 4.5
 6.7 4.6
 6.7 4.4
 6.8 4.3
 6.9 4.4
 6.8 4.5
 6.8 4.8
 6.7 4.8
 6.9 4.6
 6.8 4.6
 6.9 4.4
 7.0 4.4
 7.0 4.6
 7.0 4.7
 7.0 4.6
 7.0 4.5
 7.0 4.4
 7.1 4.4
 7.2 4.5
 7.1 4.7
 7.2 4.7
 7.3 4.5
 7.3 4.6
 7.5 4.6
 7.5 4.7
 7.6 4.6
 7.6 4.5
 7.7 4.5
 7.8 4.5
 8.3 4.6
 8.4 4.6
 8.2 5.0
 8.4 4.8
 8.5 4.7
 8.5 4.8
 8.6 4.8
 8.6 4.9
 8.8 5.2
 8.9 5.6
 8.8 5.7
 8.9 5.8
 8.9 5.9
 9.0 5.9
 9.3 6.2
 9.4 6.3
 9.5 6.4
 9.6 6.4
 9.6 6.5
 9.7 6.5
 9.8 6.8
 9.9 6.8
 10.2 7.0
 10.2 6.9
 10.3 6.9
 10.5 6.9
 10.6 7.1
 10.9 6.9
 10.9 6.8
 11.0 6.8
 11.1 6.7
 11.1 6.6
 11.1 6.4
 11.2 6.4
 11.4 6.5
 11.4 6.6
 11.5 6.6
 11.6 6.7
 11.6 6.8
 11.6 6.9
 11.8 7.1
 11.9 7.1
 11.7 7.3
 11.9 7.4
 12.0 7.6
 12.0 7.7
 12.2 8.0
 12.2 8.4
 12.3 8.4
 12.4 8.4
 12.4 8.5
 12.4 8.6
 12.5 8.6
 12.6 8.6
 12.7 8.7
 12.7 8.8
 12.8 8.8
 12.8 9.1
 12.9 9.2
 12.9 9.3
 12.8 9.4
 13.1 9.5
 13.2 9.5
 13.2 9.6
 13.3 9.7
 13.2 9.9
 13.3 10.0
 13.2 10.0
 13.3 10.1
 13.4 10.1
 13.5 10.2
 13.6 10.7
 13.6 10.8
 13.9 11.2
 14.0 11.3
 14.2 11.2
 14.2 11.3
 14.6 11.5
 14.6 11.6
 14.6 11.7
 14.6 11.9
 14.6 12.0
 14.7 12.2
 14.6 12.2
 14.5 12.3
 14.2 12.4
 14.2 12.5
 14.1 13.1
 13.9 13.3
 13.8 13.5
 13.6 13.7
 13.3 13.7
 13.3 13.6
 13.0 13.5
 12.9 13.5
 12.7 13.3
 12.6 13.3
 12.5 13.1
 12.4 13.1
 12.2 13.1
 12.1 13.1
 11.9 13.2
 11.4 13.4
 11.0 13.4
 10.8 13.4
 10.1 13.3
 9.9 13.1
 9.6 12.8
 9.0 12.8
 8.7 12.9
 8.6 13.1
 8.5 13.1
 8.4 13.1
 8.1 13.3
 7.8 13.4
 7.4 13.1
 7.2 13.1
 7.1 13.0
 6.9 13.0
 6.8 13.1
 6.7 13.3
 6.4 13.6
 6.3 13.7
 6.2 13.7
 6.2 13.6
 5.5 13.9
 5.4 13.8
 5.3 13.8
 4.9 13.7
 4.9 13.8
 4.5 13.7
 4.2 13.5
 4.1 13.5
 4.1 13.0
 4.0 12.7
 3.7 12.5
 3.7 12.0
 3.6 11.9
 3.7 11.7
 3.6 11.7
 

3.6 11.7
 3.5 11.4
 3.7 11.1
 3.8 10.8
 3.8 10.7
 3.9 10.6
 3.8 10.4
 3.7 10.4
 3.6 10.4
 3.6 10.3
 3.7 10.2
 3.6 9.9
 3.5 9.8
 3.3 9.8
 3.4 9.7
 3.3 9.6
 3.1 9.4
 3.2 9.3
 3.1 9.1
 3.0 9.1
 2.8 9.1
 2.8 8.6
 2.7 8.1
 2.7 7.9
 2.7 7.8
 2.7 7.6
 2.8 7.5
 2.8 7.4
 2.8 7.1
 2.7 7.1
 2.8 7.0
 2.7 7.0
 2.8 6.7
 2.7 6.6
 2.7 6.4
 2.9 6.4
 3.4 6.4
 3.4 6.5
 3.5 6.6
 3.5 6.5
 3.6 6.5
 3.8 6.6
 3.7 6.5
 3.4 6.5
 3.4 6.4
 4.0 6.4
 4.4 6.4
 4.6 6.2
 4.9 6.0
 5.1 5.8
 5.3 5.9
 5.2 5.8
 5.1 5.8
 5.1 5.7
 5.2 5.6
 5.3 5.6
 5.3 5.7
 5.3 5.6
 5.4 5.6
 5.4 5.7
 5.5 5.6
 5.4 5.6
 5.2 5.6
 5.2 5.5
 5.3 5.4
 5.4 5.4
 5.6 5.5
 5.5 5.4
 5.6 5.4
 5.5 5.4
 5.4 5.4
 5.3 5.4
 5.4 5.2
 5.5 5.1
 5.4 5.1
 5.5 4.9
 5.6 4.6
 5.8 4.4
 5.9 4.3
 6.0 4.3
 6.0 4.4
 6.0 4.3
 6.1 4.3
 6.1 4.4
 6.1 4.3
 6.2 4.3
 6.2 4.4
 6.2 4.5
 6.3 4.4
 6.2 4.3
 6.3 4.3
 6.4 4.3
 6.6 4.3
 6.6 4.5
 6.6 4.3
 6.7 4.3
 6.7 4.5
 6.7 4.6
 6.7 4.4
 6.8 4.3
 6.9 4.4
 6.8 4.5
 6.8 4.8
 6.7 4.8
 6.9 4.6
 6.8 4.6
 6.9 4.4
 7.0 4.4
 7.0 4.6
 7.0 4.7
 7.0 4.6
 7.0 4.5
 7.0 4.4
 7.1 4.4
 7.2 4.5
 7.1 4.7
 7.2 4.7
 7.3 4.5
 7.3 4.6
 7.5 4.6
 7.5 4.7
 7.6 4.6
 7.6 4.5
 7.7 4.5
 7.8 4.5
 8.3 4.6
 8.4 4.6
 8.2 5.0
 8.4 4.8
 8.5 4.7
 8.5 4.8
 8.6 4.8
 8.6 4.9
 8.8 5.2
 8.9 5.6
 8.8 5.7
 8.9 5.8
 8.9 5.9
 9.0 5.9
 9.3 6.2
 9.4 6.3
 9.5 6.4
 9.6 6.4
 9.6 6.5
 9.7 6.5
 9.8 6.8
 9.9 6.8
 10.2 7.0
 10.2 6.9
 10.3 6.9
 10.5 6.9
 10.6 7.1
 10.9 6.9
 10.9 6.8
 11.0 6.8
 11.1 6.7
 11.1 6.6
 11.1 6.4
 11.2 6.4
 11.4 6.5
 11.4 6.6
 11.5 6.6
 11.6 6.7
 11.6 6.8
 11.6 6.9
 11.8 7.1
 11.9 7.1
 11.7 7.3
 11.9 7.4
 12.0 7.6
 12.0 7.7
 12.2 8.0
 12.2 8.4
 12.3 8.4
 12.4 8.4
 12.4 8.5
 12.4 8.6
 12.5 8.6
 12.6 8.6
 12.7 8.7
 12.7 8.8
 12.8 8.8
 12.8 9.1
 12.9 9.2
 12.9 9.3
 12.8 9.4
 13.1 9.5
 13.2 9.5
 13.2 9.6
 13.3 9.7
 13.2 9.9
 13.3 10.0
 13.2 10.0
 13.3 10.1
 13.4 10.1
 13.5 10.2
 13.6 10.7
 13.6 10.8
 13.9 11.2
 14.0 11.3
 14.2 11.2
 14.2 11.3
 14.6 11.5
 14.6 11.6
 14.6 11.7
 14.6 11.9
 14.6 12.0
 14.7 12.2
 14.6 12.2
 14.5 12.3
 14.2 12.4
 14.2 12.5
 14.1 13.1
 13.9 13.3
 13.8 13.5
 13.6 13.7
 13.3 13.7
 13.3 13.6
 13.0 13.5
 12.9 13.5
 12.7 13.3
 12.6 13.3
 12.5 13.1
 12.4 13.1
 12.2 13.1
 12.1 13.1
 11.9 13.2
 11.4 13.4
 11.0 13.4
 10.8 13.4
 10.1 13.3
 9.9 13.1
 9.6 12.8
 9.0 12.8
 8.7 12.9
 8.6 13.1
 8.5 13.1
 8.4 13.1
 8.1 13.3
 7.8 13.4
 7.4 13.1
 7.2 13.1
 7.1 13.0
 6.9 13.0
 6.8 13.1
 6.7 13.3
 6.4 13.6
 6.3 13.7
 6.2 13.7
 6.2 13.6
 5.5 13.9
 5.4 13.8
 5.3 13.8
 4.9 13.7
 4.9 13.8
 4.5 13.7
 4.2 13.5
 4.1 13.5
 4.1 13.0
 4.0 12.7
 3.7 12.5
 3.7 12.0
 3.6 11.9
 3.7 11.7
 3.6 11.7
 

