29.6 -1.4
 29.4 -1.5
 29.2 -1.7
 29.1 -1.8
 29.1 -1.9
 29.2 -2.1
 29.1 -2.2
 29.1 -2.3
 29.0 -2.3
 29.0 -2.4
 28.9 -2.4
 28.9 -2.5
 28.9 -2.7
 29.0 -2.7
 29.1 -2.6
 29.3 -2.7
 29.3 -2.8
 29.4 -2.8
 29.5 -2.8
 29.6 -2.8
 29.8 -2.8
 29.9 -2.7
 30.0 -2.5
 29.9 -2.3
 30.0 -2.3
 30.0 -2.4
 30.1 -2.4
 30.2 -2.4
 30.2 -2.3
 30.3 -2.3
 30.4 -2.3
 30.6 -2.4
 30.8 -2.4
 30.9 -2.0
 30.8 -1.9
 30.8 -1.7
 30.7 -1.4
 30.6 -1.4
 30.5 -1.2
 30.5 -1.1
 30.4 -1.1
 30.3 -1.2
 30.2 -1.3
 30.0 -1.5
 29.9 -1.5
 29.9 -1.4
 29.8 -1.3
 29.6 -1.4
 

29.6 -1.4
 29.4 -1.5
 29.2 -1.7
 29.1 -1.8
 29.1 -1.9
 29.2 -2.1
 29.1 -2.2
 29.1 -2.3
 29.0 -2.3
 29.0 -2.4
 28.9 -2.4
 28.9 -2.5
 28.9 -2.7
 29.0 -2.7
 29.1 -2.6
 29.3 -2.7
 29.3 -2.8
 29.4 -2.8
 29.5 -2.8
 29.6 -2.8
 29.8 -2.8
 29.9 -2.7
 30.0 -2.5
 29.9 -2.3
 30.0 -2.3
 30.0 -2.4
 30.1 -2.4
 30.2 -2.4
 30.2 -2.3
 30.3 -2.3
 30.4 -2.3
 30.6 -2.4
 30.8 -2.4
 30.9 -2.0
 30.8 -1.9
 30.8 -1.7
 30.7 -1.4
 30.6 -1.4
 30.5 -1.2
 30.5 -1.1
 30.4 -1.1
 30.3 -1.2
 30.2 -1.3
 30.0 -1.5
 29.9 -1.5
 29.9 -1.4
 29.8 -1.3
 29.6 -1.4
 

