25.0 22.0
 25.0 20.6
 25.0 20.0
 24.4 20.0
 24.0 20.0
 24.0 19.5
 24.0 19.0
 24.0 15.7
 23.7 15.8
 23.5 15.7
 23.4 15.7
 23.1 15.7
 22.9 15.6
 22.9 15.5
 23.0 15.4
 23.0 15.2
 22.9 15.1
 22.8 15.0
 22.7 14.9
 22.7 14.7
 22.4 14.6
 22.4 14.5
 22.4 14.3
 22.5 14.3
 22.6 14.2
 22.6 14.1
 22.5 14.1
 22.2 14.0
 22.1 13.8
 22.1 13.7
 22.2 13.6
 22.3 13.4
 22.2 13.3
 22.1 13.2
 22.0 13.1
 21.8 12.8
 21.9 12.7
 22.0 12.6
 22.1 12.7
 22.2 12.7
 22.5 12.6
 22.4 12.5
 22.5 12.2
 22.5 12.0
 22.6 12.1
 22.6 11.7
 22.6 11.5
 22.8 11.4
 22.9 11.4
 23.0 11.2
 22.9 10.9
 23.0 10.7
 23.3 10.5
 23.7 9.9
 23.7 9.7
 23.6 9.5
 23.7 9.3
 23.5 9.2
 23.4 9.0
 23.5 9.0
 23.6 9.0
 23.6 8.9
 23.5 8.8
 23.5 8.7
 24.2 8.7
 24.3 8.7
 24.3 8.6
 24.2 8.5
 24.1 8.4
 24.2 8.3
 24.4 8.2
 24.5 8.3
 24.5 8.2
 24.8 8.2
 24.9 8.2
 25.0 8.0
 25.1 7.9
 25.2 7.9
 25.3 7.8
 25.3 7.6
 25.2 7.6
 25.2 7.5
 25.3 7.4
 25.4 7.3
 26.0 7.0
 26.1 6.9
 26.4 6.7
 26.4 6.6
 26.3 6.4
 26.5 6.2
 26.5 6.1
 26.4 6.1
 26.5 6.1
 26.6 6.0
 26.8 6.0
 26.8 5.9
 27.1 5.8
 27.3 5.5
 27.2 5.4
 27.3 5.2
 27.5 5.1
 27.5 5.0
 27.6 4.9
 27.7 4.8
 27.8 4.8
 27.8 4.6
 27.9 4.6
 28.0 4.6
 28.1 4.4
 28.2 4.4
 28.2 4.3
 28.3 4.4
 28.4 4.3
 28.5 4.4
 28.7 4.4
 28.8 4.6
 28.9 4.5
 29.1 4.5
 29.2 4.3
 29.3 4.4
 29.5 4.7
 29.7 4.6
 29.8 4.6
 29.8 4.4
 29.8 4.3
 29.9 4.3
 30.0 4.3
 29.9 4.2
 30.0 4.2
 30.1 4.1
 30.2 4.0
 30.5 3.9
 30.6 3.7
 30.6 3.6
 30.8 3.7
 30.9 3.6
 30.9 3.5
 31.0 3.7
 31.2 3.8
 31.3 3.8
 31.5 3.7
 31.7 3.7
 31.8 3.8
 31.9 3.7
 32.0 3.6
 32.1 3.6
 32.1 3.5
 32.2 3.5
 32.2 3.6
 32.4 3.7
 32.7 3.8
 33.0 3.9
 33.2 3.8
 33.5 3.8
 34.0 4.2
 34.4 4.6
 34.5 4.7
 35.0 4.9
 35.2 5.0
 35.3 5.0
 35.3 4.9
 35.5 4.9
 35.4 4.8
 35.5 4.6
 35.6 4.6
 35.7 4.6
 35.9 4.6
 35.8 4.8
 35.8 5.1
 35.8 5.2
 35.8 5.3
 35.7 5.4
 35.6 5.4
 35.5 5.4
 35.4 5.4
 35.3 5.4
 35.3 5.5
 35.1 5.6
 35.1 5.7
 35.0 5.9
 35.0 6.1
 34.9 6.2
 34.8 6.6
 34.7 6.7
 34.5 6.8
 34.5 6.9
 34.2 7.0
 34.2 7.2
 34.0 7.2
 34.0 7.4
 33.7 7.7
 33.5 7.7
 33.4 7.7
 33.3 7.7
 33.2 7.8
 33.1 7.8
 33.0 7.8
 33.0 7.9
 33.1 8.1
 33.2 8.1
 33.2 8.4
 33.6 8.5
 33.7 8.4
 33.8 8.4
 34.0 8.4
 34.1 8.6
 34.1 9.0
 34.1 9.6
 34.2 10.0
 34.3 10.2
 34.3 10.6
 34.4 10.8
 34.6 10.9
 34.8 10.8
 34.8 10.7
 35.0 10.9
 34.9 11.0
 35.0 11.2
 35.0 11.3
 35.1 11.5
 35.1 11.7
 35.1 11.8
 35.3 12.0
 35.4 12.2
 35.4 12.3
 35.7 12.7
 36.1 12.7
 36.2 13.0
 36.2 13.4
 36.4 13.6
 36.5 13.8
 36.4 14.0
 36.5 14.3
 36.4 15.2
 36.5 15.2
 36.9 16.2
 37.0 16.3
 37.0 16.4
 36.9 16.5
 36.9 16.6
 37.0 16.9
 37.0 17.0
 37.0 17.1
 37.1 17.1
 37.1 17.0
 37.4 17.0
 37.5 17.2
 37.5 17.3
 37.7 17.4
 37.8 17.5
 37.9 17.4
 38.0 17.5
 38.1 17.5
 38.2 17.6
 38.2 17.5
 38.3 17.5
 38.3 17.6
 38.4 17.7
 38.5 17.9
 38.6 18.0
 38.5 18.1
 38.4 18.2
 38.2 18.2
 38.3 18.3
 38.2 18.2
 38.2 18.3
 38.1 18.3
 38.1 18.4
 38.0 18.5
 37.8 18.6
 37.8 18.7
 37.5 18.7
 37.3 19.2
 37.2 20.1
 37.2 20.4
 37.2 20.5
 37.1 21.0
 37.1 21.1
 37.1 21.2
 37.2 21.2
 37.2 21.1
 37.3 21.1
 37.2 21.1
 37.2 21.0
 37.3 21.0
 37.3 21.1
 37.2 21.2
 37.0 21.4
 36.9 21.6
 36.9 21.9
 36.8 22.0
 36.9 22.0
 36.6 22.3
 36.5 22.3
 36.2 22.6
 36.0 22.7
 35.8 22.8
 35.8 22.9
 35.7 22.9
 35.6 23.1
 35.2 22.8
 35.0 22.8
 34.7 22.3
 34.2 22.2
 34.1 22.0
 34.0 21.8
 33.6 21.7
 33.2 22.0
 32.8 22.0
 32.1 22.0
 31.5 22.0
 31.5 22.2
 31.4 22.2
 31.3 22.0
 31.1 22.0
 30.4 22.0
 29.7 22.0
 29.0 22.0
 28.8 22.0
 28.2 22.0
 27.6 22.0
 26.9 22.0
 26.3 22.0
 25.6 22.0
 25.0 22.0
 

25.0 22.0
 25.0 20.6
 25.0 20.0
 24.4 20.0
 24.0 20.0
 24.0 19.5
 24.0 19.0
 24.0 15.7
 23.7 15.8
 23.5 15.7
 23.4 15.7
 23.1 15.7
 22.9 15.6
 22.9 15.5
 23.0 15.4
 23.0 15.2
 22.9 15.1
 22.8 15.0
 22.7 14.9
 22.7 14.7
 22.4 14.6
 22.4 14.5
 22.4 14.3
 22.5 14.3
 22.6 14.2
 22.6 14.1
 22.5 14.1
 22.2 14.0
 22.1 13.8
 22.1 13.7
 22.2 13.6
 22.3 13.4
 22.2 13.3
 22.1 13.2
 22.0 13.1
 21.8 12.8
 21.9 12.7
 22.0 12.6
 22.1 12.7
 22.2 12.7
 22.5 12.6
 22.4 12.5
 22.5 12.2
 22.5 12.0
 22.6 12.1
 22.6 11.7
 22.6 11.5
 22.8 11.4
 22.9 11.4
 23.0 11.2
 22.9 10.9
 23.0 10.7
 23.3 10.5
 23.7 9.9
 23.7 9.7
 23.6 9.5
 23.7 9.3
 23.5 9.2
 23.4 9.0
 23.5 9.0
 23.6 9.0
 23.6 8.9
 23.5 8.8
 23.5 8.7
 24.2 8.7
 24.3 8.7
 24.3 8.6
 24.2 8.5
 24.1 8.4
 24.2 8.3
 24.4 8.2
 24.5 8.3
 24.5 8.2
 24.8 8.2
 24.9 8.2
 25.0 8.0
 25.1 7.9
 25.2 7.9
 25.3 7.8
 25.3 7.6
 25.2 7.6
 25.2 7.5
 25.3 7.4
 25.4 7.3
 26.0 7.0
 26.1 6.9
 26.4 6.7
 26.4 6.6
 26.3 6.4
 26.5 6.2
 26.5 6.1
 26.4 6.1
 26.5 6.1
 26.6 6.0
 26.8 6.0
 26.8 5.9
 27.1 5.8
 27.3 5.5
 27.2 5.4
 27.3 5.2
 27.5 5.1
 27.5 5.0
 27.6 4.9
 27.7 4.8
 27.8 4.8
 27.8 4.6
 27.9 4.6
 28.0 4.6
 28.1 4.4
 28.2 4.4
 28.2 4.3
 28.3 4.4
 28.4 4.3
 28.5 4.4
 28.7 4.4
 28.8 4.6
 28.9 4.5
 29.1 4.5
 29.2 4.3
 29.3 4.4
 29.5 4.7
 29.7 4.6
 29.8 4.6
 29.8 4.4
 29.8 4.3
 29.9 4.3
 30.0 4.3
 29.9 4.2
 30.0 4.2
 30.1 4.1
 30.2 4.0
 30.5 3.9
 30.6 3.7
 30.6 3.6
 30.8 3.7
 30.9 3.6
 30.9 3.5
 31.0 3.7
 31.2 3.8
 31.3 3.8
 31.5 3.7
 31.7 3.7
 31.8 3.8
 31.9 3.7
 32.0 3.6
 32.1 3.6
 32.1 3.5
 32.2 3.5
 32.2 3.6
 32.4 3.7
 32.7 3.8
 33.0 3.9
 33.2 3.8
 33.5 3.8
 34.0 4.2
 34.4 4.6
 34.5 4.7
 35.0 4.9
 35.2 5.0
 35.3 5.0
 35.3 4.9
 35.5 4.9
 35.4 4.8
 35.5 4.6
 35.6 4.6
 35.7 4.6
 35.9 4.6
 35.8 4.8
 35.8 5.1
 35.8 5.2
 35.8 5.3
 35.7 5.4
 35.6 5.4
 35.5 5.4
 35.4 5.4
 35.3 5.4
 35.3 5.5
 35.1 5.6
 35.1 5.7
 35.0 5.9
 35.0 6.1
 34.9 6.2
 34.8 6.6
 34.7 6.7
 34.5 6.8
 34.5 6.9
 34.2 7.0
 34.2 7.2
 34.0 7.2
 34.0 7.4
 33.7 7.7
 33.5 7.7
 33.4 7.7
 33.3 7.7
 33.2 7.8
 33.1 7.8
 33.0 7.8
 33.0 7.9
 33.1 8.1
 33.2 8.1
 33.2 8.4
 33.6 8.5
 33.7 8.4
 33.8 8.4
 34.0 8.4
 34.1 8.6
 34.1 9.0
 34.1 9.6
 34.2 10.0
 34.3 10.2
 34.3 10.6
 34.4 10.8
 34.6 10.9
 34.8 10.8
 34.8 10.7
 35.0 10.9
 34.9 11.0
 35.0 11.2
 35.0 11.3
 35.1 11.5
 35.1 11.7
 35.1 11.8
 35.3 12.0
 35.4 12.2
 35.4 12.3
 35.7 12.7
 36.1 12.7
 36.2 13.0
 36.2 13.4
 36.4 13.6
 36.5 13.8
 36.4 14.0
 36.5 14.3
 36.4 15.2
 36.5 15.2
 36.9 16.2
 37.0 16.3
 37.0 16.4
 36.9 16.5
 36.9 16.6
 37.0 16.9
 37.0 17.0
 37.0 17.1
 37.1 17.1
 37.1 17.0
 37.4 17.0
 37.5 17.2
 37.5 17.3
 37.7 17.4
 37.8 17.5
 37.9 17.4
 38.0 17.5
 38.1 17.5
 38.2 17.6
 38.2 17.5
 38.3 17.5
 38.3 17.6
 38.4 17.7
 38.5 17.9
 38.6 18.0
 38.5 18.1
 38.4 18.2
 38.2 18.2
 38.3 18.3
 38.2 18.2
 38.2 18.3
 38.1 18.3
 38.1 18.4
 38.0 18.5
 37.8 18.6
 37.8 18.7
 37.5 18.7
 37.3 19.2
 37.2 20.1
 37.2 20.4
 37.2 20.5
 37.1 21.0
 37.1 21.1
 37.1 21.2
 37.2 21.2
 37.2 21.1
 37.3 21.1
 37.2 21.1
 37.2 21.0
 37.3 21.0
 37.3 21.1
 37.2 21.2
 37.0 21.4
 36.9 21.6
 36.9 21.9
 36.8 22.0
 36.9 22.0
 36.6 22.3
 36.5 22.3
 36.2 22.6
 36.0 22.7
 35.8 22.8
 35.8 22.9
 35.7 22.9
 35.6 23.1
 35.2 22.8
 35.0 22.8
 34.7 22.3
 34.2 22.2
 34.1 22.0
 34.0 21.8
 33.6 21.7
 33.2 22.0
 32.8 22.0
 32.1 22.0
 31.5 22.0
 31.5 22.2
 31.4 22.2
 31.3 22.0
 31.1 22.0
 30.4 22.0
 29.7 22.0
 29.0 22.0
 28.8 22.0
 28.2 22.0
 27.6 22.0
 26.9 22.0
 26.3 22.0
 25.6 22.0
 25.0 22.0
 

