-13.3 9.0
 -13.3 9.0
 -13.2 8.9
 -13.1 8.9
 -13.2 8.9
 -13.1 8.9
 -13.2 8.8
 -13.2 8.9
 -13.2 8.8
 -13.2 8.7
 -13.2 8.5
 -13.1 8.5
 -13.1 8.6
 -13.2 8.7
 -13.0 8.6
 -13.1 8.6
 -12.9 8.6
 -13.0 8.6
 -13.1 8.5
 -13.1 8.4
 -13.0 8.4
 -13.1 8.4
 -13.2 8.5
 -13.3 8.5
 -13.2 8.3
 -13.2 8.2
 -13.0 8.2
 -13.0 8.3
 -13.0 8.2
 -12.9 8.1
 -12.9 8.0
 -12.8 7.9
 -12.9 7.9
 -13.0 7.9
 -12.9 7.8
 -12.6 7.7
 -12.5 7.7
 -12.5 7.8
 -12.5 7.7
 -12.5 7.6
 -12.3 7.6
 -12.2 7.6
 -12.3 7.5
 -12.4 7.5
 -12.5 7.5
 -12.4 7.4
 -12.5 7.4
 -12.4 7.4
 -11.9 7.2
 -11.8 7.1
 -11.5 6.9
 -11.3 7.1
 -11.4 7.1
 -11.3 7.2
 -11.1 7.4
 -10.9 7.5
 -10.7 7.7
 -10.6 7.8
 -10.6 8.0
 -10.5 8.1
 -10.4 8.1
 -10.3 8.2
 -10.3 8.4
 -10.3 8.5
 -10.4 8.5
 -10.5 8.4
 -10.5 8.3
 -10.7 8.3
 -10.7 8.4
 -10.6 8.6
 -10.5 8.6
 -10.5 8.7
 -10.5 8.8
 -10.6 8.9
 -10.6 9.1
 -10.7 9.1
 -10.7 9.2
 -10.7 9.3
 -10.7 9.4
 -10.8 9.4
 -10.9 9.7
 -11.2 10.0
 -11.9 10.0
 -11.9 9.9
 -12.1 9.9
 -12.2 9.9
 -12.5 9.9
 -12.5 9.7
 -12.6 9.7
 -12.7 9.4
 -12.8 9.3
 -12.9 9.3
 -13.0 9.2
 -13.0 9.1
 -13.1 9.0
 -13.2 9.1
 -13.3 9.0
 

-13.3 9.0
 -13.3 9.0
 -13.2 8.9
 -13.1 8.9
 -13.2 8.9
 -13.1 8.9
 -13.2 8.8
 -13.2 8.9
 -13.2 8.8
 -13.2 8.7
 -13.2 8.5
 -13.1 8.5
 -13.1 8.6
 -13.2 8.7
 -13.0 8.6
 -13.1 8.6
 -12.9 8.6
 -13.0 8.6
 -13.1 8.5
 -13.1 8.4
 -13.0 8.4
 -13.1 8.4
 -13.2 8.5
 -13.3 8.5
 -13.2 8.3
 -13.2 8.2
 -13.0 8.2
 -13.0 8.3
 -13.0 8.2
 -12.9 8.1
 -12.9 8.0
 -12.8 7.9
 -12.9 7.9
 -13.0 7.9
 -12.9 7.8
 -12.6 7.7
 -12.5 7.7
 -12.5 7.8
 -12.5 7.7
 -12.5 7.6
 -12.3 7.6
 -12.2 7.6
 -12.3 7.5
 -12.4 7.5
 -12.5 7.5
 -12.4 7.4
 -12.5 7.4
 -12.4 7.4
 -11.9 7.2
 -11.8 7.1
 -11.5 6.9
 -11.3 7.1
 -11.4 7.1
 -11.3 7.2
 -11.1 7.4
 -10.9 7.5
 -10.7 7.7
 -10.6 7.8
 -10.6 8.0
 -10.5 8.1
 -10.4 8.1
 -10.3 8.2
 -10.3 8.4
 -10.3 8.5
 -10.4 8.5
 -10.5 8.4
 -10.5 8.3
 -10.7 8.3
 -10.7 8.4
 -10.6 8.6
 -10.5 8.6
 -10.5 8.7
 -10.5 8.8
 -10.6 8.9
 -10.6 9.1
 -10.7 9.1
 -10.7 9.2
 -10.7 9.3
 -10.7 9.4
 -10.8 9.4
 -10.9 9.7
 -11.2 10.0
 -11.9 10.0
 -11.9 9.9
 -12.1 9.9
 -12.2 9.9
 -12.5 9.9
 -12.5 9.7
 -12.6 9.7
 -12.7 9.4
 -12.8 9.3
 -12.9 9.3
 -13.0 9.2
 -13.0 9.1
 -13.1 9.0
 -13.2 9.1
 -13.3 9.0
 

