-16.5 16.1
 -16.5 15.8
 -16.8 15.4
 -17.0 15.1
 -17.1 14.9
 -17.5 14.8
 -17.5 14.7
 -17.4 14.7
 -17.3 14.7
 -17.2 14.7
 -17.1 14.5
 -16.9 14.4
 -16.9 14.2
 -16.8 14.0
 -16.8 13.8
 -16.7 14.1
 -16.7 14.0
 -16.6 14.0
 -16.5 14.2
 -16.5 14.1
 -16.5 14.2
 -16.4 14.2
 -16.6 14.0
 -16.7 14.0
 -16.7 13.8
 -16.5 13.9
 -16.5 13.8
 -16.6 13.8
 -16.6 13.7
 -16.6 13.6
 -16.5 13.7
 -16.6 13.6
 -15.5 13.6
 -15.5 13.7
 -15.4 13.8
 -15.3 13.8
 -15.3 13.7
 -15.1 13.8
 -14.9 13.8
 -14.8 13.7
 -14.7 13.6
 -14.6 13.7
 -14.5 13.6
 -14.4 13.5
 -14.3 13.5
 -14.0 13.6
 -13.9 13.6
 -13.9 13.5
 -13.8 13.5
 -13.8 13.4
 -13.8 13.3
 -14.3 13.2
 -14.4 13.2
 -14.6 13.4
 -14.6 13.3
 -14.7 13.4
 -14.9 13.5
 -15.0 13.5
 -15.1 13.6
 -15.2 13.5
 -15.2 13.4
 -15.3 13.4
 -15.4 13.4
 -15.5 13.4
 -15.6 13.4
 -15.8 13.3
 -15.8 13.2
 -16.7 13.2
 -16.8 13.0
 -16.8 12.9
 -16.8 12.7
 -16.8 12.6
 -16.7 12.6
 -16.6 12.6
 -16.7 12.7
 -16.6 12.8
 -16.6 12.7
 -16.5 12.6
 -16.4 12.6
 -16.3 12.6
 -16.1 12.6
 -16.0 12.7
 -15.9 12.6
 -15.7 12.6
 -15.6 12.6
 -15.5 12.7
 -15.6 12.8
 -15.5 12.8
 -15.4 12.8
 -15.5 12.8
 -15.5 12.7
 -15.5 12.6
 -15.6 12.5
 -15.8 12.6
 -16.0 12.6
 -16.4 12.5
 -16.5 12.6
 -16.6 12.6
 -16.8 12.5
 -16.8 12.4
 -16.7 12.3
 -16.5 12.4
 -16.2 12.5
 -15.7 12.4
 -15.4 12.6
 -15.2 12.7
 -13.9 12.7
 -13.7 12.7
 -13.1 12.6
 -13.0 12.6
 -13.1 12.5
 -13.0 12.5
 -12.9 12.5
 -12.8 12.5
 -12.6 12.4
 -12.5 12.4
 -12.4 12.4
 -12.3 12.3
 -12.1 12.4
 -12.0 12.4
 -11.9 12.4
 -11.8 12.4
 -11.5 12.4
 -11.4 12.4
 -11.4 12.5
 -11.5 12.6
 -11.4 12.6
 -11.4 12.7
 -11.4 12.9
 -11.4 13.0
 -11.4 13.1
 -11.5 13.1
 -11.6 13.4
 -11.7 13.4
 -11.8 13.4
 -11.8 13.3
 -11.9 13.4
 -11.9 13.5
 -12.1 13.7
 -12.0 13.8
 -11.9 13.9
 -12.0 14.0
 -12.0 14.2
 -12.0 14.3
 -12.1 14.3
 -12.1 14.4
 -12.2 14.4
 -12.2 14.6
 -12.1 14.6
 -12.2 14.8
 -12.4 14.9
 -12.5 15.0
 -12.8 15.1
 -12.8 15.2
 -12.9 15.3
 -12.8 15.3
 -12.9 15.4
 -13.0 15.5
 -13.1 15.5
 -13.1 15.6
 -13.2 15.6
 -13.4 16.1
 -13.5 16.1
 -13.7 16.1
 -13.7 16.2
 -13.9 16.1
 -13.9 16.2
 -14.0 16.2
 -14.0 16.3
 -14.2 16.5
 -14.3 16.6
 -14.4 16.6
 -14.9 16.6
 -15.0 16.7
 -15.0 16.6
 -15.1 16.7
 -15.1 16.6
 -15.2 16.6
 -15.5 16.6
 -15.6 16.5
 -16.0 16.5
 -16.1 16.6
 -16.3 16.5
 -16.4 16.2
 -16.5 16.2
 -16.5 16.1
 

-16.5 16.1
 -16.5 15.8
 -16.8 15.4
 -17.0 15.1
 -17.1 14.9
 -17.5 14.8
 -17.5 14.7
 -17.4 14.7
 -17.3 14.7
 -17.2 14.7
 -17.1 14.5
 -16.9 14.4
 -16.9 14.2
 -16.8 14.0
 -16.8 13.8
 -16.7 14.1
 -16.7 14.0
 -16.6 14.0
 -16.5 14.2
 -16.5 14.1
 -16.5 14.2
 -16.4 14.2
 -16.6 14.0
 -16.7 14.0
 -16.7 13.8
 -16.5 13.9
 -16.5 13.8
 -16.6 13.8
 -16.6 13.7
 -16.6 13.6
 -16.5 13.7
 -16.6 13.6
 -15.5 13.6
 -15.5 13.7
 -15.4 13.8
 -15.3 13.8
 -15.3 13.7
 -15.1 13.8
 -14.9 13.8
 -14.8 13.7
 -14.7 13.6
 -14.6 13.7
 -14.5 13.6
 -14.4 13.5
 -14.3 13.5
 -14.0 13.6
 -13.9 13.6
 -13.9 13.5
 -13.8 13.5
 -13.8 13.4
 -13.8 13.3
 -14.3 13.2
 -14.4 13.2
 -14.6 13.4
 -14.6 13.3
 -14.7 13.4
 -14.9 13.5
 -15.0 13.5
 -15.1 13.6
 -15.2 13.5
 -15.2 13.4
 -15.3 13.4
 -15.4 13.4
 -15.5 13.4
 -15.6 13.4
 -15.8 13.3
 -15.8 13.2
 -16.7 13.2
 -16.8 13.0
 -16.8 12.9
 -16.8 12.7
 -16.8 12.6
 -16.7 12.6
 -16.6 12.6
 -16.7 12.7
 -16.6 12.8
 -16.6 12.7
 -16.5 12.6
 -16.4 12.6
 -16.3 12.6
 -16.1 12.6
 -16.0 12.7
 -15.9 12.6
 -15.7 12.6
 -15.6 12.6
 -15.5 12.7
 -15.6 12.8
 -15.5 12.8
 -15.4 12.8
 -15.5 12.8
 -15.5 12.7
 -15.5 12.6
 -15.6 12.5
 -15.8 12.6
 -16.0 12.6
 -16.4 12.5
 -16.5 12.6
 -16.6 12.6
 -16.8 12.5
 -16.8 12.4
 -16.7 12.3
 -16.5 12.4
 -16.2 12.5
 -15.7 12.4
 -15.4 12.6
 -15.2 12.7
 -13.9 12.7
 -13.7 12.7
 -13.1 12.6
 -13.0 12.6
 -13.1 12.5
 -13.0 12.5
 -12.9 12.5
 -12.8 12.5
 -12.6 12.4
 -12.5 12.4
 -12.4 12.4
 -12.3 12.3
 -12.1 12.4
 -12.0 12.4
 -11.9 12.4
 -11.8 12.4
 -11.5 12.4
 -11.4 12.4
 -11.4 12.5
 -11.5 12.6
 -11.4 12.6
 -11.4 12.7
 -11.4 12.9
 -11.4 13.0
 -11.4 13.1
 -11.5 13.1
 -11.6 13.4
 -11.7 13.4
 -11.8 13.4
 -11.8 13.3
 -11.9 13.4
 -11.9 13.5
 -12.1 13.7
 -12.0 13.8
 -11.9 13.9
 -12.0 14.0
 -12.0 14.2
 -12.0 14.3
 -12.1 14.3
 -12.1 14.4
 -12.2 14.4
 -12.2 14.6
 -12.1 14.6
 -12.2 14.8
 -12.4 14.9
 -12.5 15.0
 -12.8 15.1
 -12.8 15.2
 -12.9 15.3
 -12.8 15.3
 -12.9 15.4
 -13.0 15.5
 -13.1 15.5
 -13.1 15.6
 -13.2 15.6
 -13.4 16.1
 -13.5 16.1
 -13.7 16.1
 -13.7 16.2
 -13.9 16.1
 -13.9 16.2
 -14.0 16.2
 -14.0 16.3
 -14.2 16.5
 -14.3 16.6
 -14.4 16.6
 -14.9 16.6
 -15.0 16.7
 -15.0 16.6
 -15.1 16.7
 -15.1 16.6
 -15.2 16.6
 -15.5 16.6
 -15.6 16.5
 -16.0 16.5
 -16.1 16.6
 -16.3 16.5
 -16.4 16.2
 -16.5 16.2
 -16.5 16.1
 

