42.9 11.0
 42.7 10.6
 42.7 10.5
 42.8 10.5
 42.8 10.3
 43.1 9.9
 43.2 9.9
 43.3 9.6
 43.4 9.4
 43.6 9.3
 43.6 9.4
 44.0 9.0
 45.3 8.6
 47.0 8.0
 48.0 8.0
 46.4 6.5
 45.0 4.9
 44.0 5.0
 43.6 4.9
 43.2 4.7
 43.0 4.5
 42.9 4.4
 42.8 4.3
 42.5 4.2
 42.2 4.2
 42.1 4.2
 42.0 4.1
 41.9 4.0
 41.3 3.2
 41.0 2.8
 41.0 0.0
 41.0 -0.9
 41.6 -1.6
 41.6 -1.7
 41.8 -1.3
 41.8 -1.2
 41.9 -1.2
 42.0 -1.0
 42.1 -0.8
 42.2 -0.8
 42.5 -0.5
 42.7 -0.1
 42.9 0.0
 43.2 0.3
 43.5 0.7
 43.9 1.0
 44.2 1.3
 44.6 1.6
 45.0 1.9
 45.4 2.1
 45.8 2.3
 46.1 2.5
 46.4 2.8
 46.8 3.2
 47.1 3.5
 47.4 3.9
 47.5 3.9
 47.8 4.3
 48.1 4.7
 48.3 5.1
 48.6 5.5
 48.9 5.9
 49.1 6.2
 49.1 6.4
 49.3 6.9
 49.6 7.3
 49.8 7.8
 49.8 7.9
 49.8 8.0
 50.1 8.2
 50.3 8.5
 50.3 8.6
 50.5 8.9
 50.6 9.1
 50.6 9.2
 50.7 9.3
 50.8 9.3
 50.8 9.4
 50.8 9.7
 50.9 10.2
 50.9 10.3
 51.0 10.4
 51.1 10.4
 51.2 10.4
 51.4 10.4
 51.4 10.5
 51.3 10.5
 51.2 10.6
 51.2 10.4
 51.0 10.4
 51.2 10.6
 51.1 11.0
 51.2 11.1
 51.1 11.2
 51.1 11.3
 51.3 11.8
 50.8 12.0
 50.6 11.9
 50.5 11.8
 50.3 11.6
 50.1 11.5
 49.5 11.4
 49.4 11.3
 48.9 11.2
 48.7 11.3
 48.3 11.3
 48.2 11.1
 47.7 11.1
 47.5 11.2
 47.4 11.2
 47.1 11.0
 46.7 10.7
 46.4 10.7
 46.3 10.7
 46.3 10.8
 46.0 10.8
 45.8 10.9
 45.0 10.4
 44.4 10.4
 44.3 10.4
 43.7 11.0
 43.5 11.2
 43.5 11.4
 43.3 11.4
 43.3 11.5
 43.2 11.5
 42.9 11.0
 

42.9 11.0
 42.7 10.6
 42.7 10.5
 42.8 10.5
 42.8 10.3
 43.1 9.9
 43.2 9.9
 43.3 9.6
 43.4 9.4
 43.6 9.3
 43.6 9.4
 44.0 9.0
 45.3 8.6
 47.0 8.0
 48.0 8.0
 46.4 6.5
 45.0 4.9
 44.0 5.0
 43.6 4.9
 43.2 4.7
 43.0 4.5
 42.9 4.4
 42.8 4.3
 42.5 4.2
 42.2 4.2
 42.1 4.2
 42.0 4.1
 41.9 4.0
 41.3 3.2
 41.0 2.8
 41.0 0.0
 41.0 -0.9
 41.6 -1.6
 41.6 -1.7
 41.8 -1.3
 41.8 -1.2
 41.9 -1.2
 42.0 -1.0
 42.1 -0.8
 42.2 -0.8
 42.5 -0.5
 42.7 -0.1
 42.9 0.0
 43.2 0.3
 43.5 0.7
 43.9 1.0
 44.2 1.3
 44.6 1.6
 45.0 1.9
 45.4 2.1
 45.8 2.3
 46.1 2.5
 46.4 2.8
 46.8 3.2
 47.1 3.5
 47.4 3.9
 47.5 3.9
 47.8 4.3
 48.1 4.7
 48.3 5.1
 48.6 5.5
 48.9 5.9
 49.1 6.2
 49.1 6.4
 49.3 6.9
 49.6 7.3
 49.8 7.8
 49.8 7.9
 49.8 8.0
 50.1 8.2
 50.3 8.5
 50.3 8.6
 50.5 8.9
 50.6 9.1
 50.6 9.2
 50.7 9.3
 50.8 9.3
 50.8 9.4
 50.8 9.7
 50.9 10.2
 50.9 10.3
 51.0 10.4
 51.1 10.4
 51.2 10.4
 51.4 10.4
 51.4 10.5
 51.3 10.5
 51.2 10.6
 51.2 10.4
 51.0 10.4
 51.2 10.6
 51.1 11.0
 51.2 11.1
 51.1 11.2
 51.1 11.3
 51.3 11.8
 50.8 12.0
 50.6 11.9
 50.5 11.8
 50.3 11.6
 50.1 11.5
 49.5 11.4
 49.4 11.3
 48.9 11.2
 48.7 11.3
 48.3 11.3
 48.2 11.1
 47.7 11.1
 47.5 11.2
 47.4 11.2
 47.1 11.0
 46.7 10.7
 46.4 10.7
 46.3 10.7
 46.3 10.8
 46.0 10.8
 45.8 10.9
 45.0 10.4
 44.4 10.4
 44.3 10.4
 43.7 11.0
 43.5 11.2
 43.5 11.4
 43.3 11.4
 43.3 11.5
 43.2 11.5
 42.9 11.0
 

