15.0 23.0
 15.2 22.0
 15.2 21.5
 15.3 21.4
 15.6 21.0
 15.6 20.9
 15.6 20.8
 16.0 20.4
 15.8 19.9
 15.6 18.6
 15.5 17.3
 15.5 16.9
 14.4 15.7
 13.9 15.0
 13.8 14.8
 13.8 14.7
 13.7 14.6
 13.7 14.5
 13.5 14.5
 13.5 14.4
 13.6 14.0
 13.6 13.7
 13.8 13.5
 13.9 13.3
 14.1 13.1
 14.4 13.1
 14.5 13.0
 14.5 12.9
 14.6 12.8
 14.7 12.7
 14.9 12.4
 14.9 12.1
 15.0 12.1
 15.1 12.0
 15.1 11.9
 15.1 11.8
 15.1 11.7
 15.1 11.5
 15.0 11.2
 15.1 10.9
 15.1 10.8
 15.1 10.7
 15.1 10.5
 15.4 10.2
 15.7 10.0
 15.4 9.9
 15.2 10.0
 15.0 9.9
 14.9 10.0
 14.8 9.9
 14.5 10.0
 14.2 10.0
 14.1 9.8
 14.0 9.7
 14.0 9.6
 14.4 9.1
 14.8 8.8
 14.9 8.8
 15.2 8.5
 15.3 8.4
 15.4 7.9
 15.5 7.8
 15.6 7.8
 15.6 7.7
 15.5 7.5
 15.7 7.5
 15.8 7.5
 16.3 7.6
 16.4 7.7
 16.4 7.8
 16.6 7.9
 16.6 7.8
 16.6 7.7
 16.8 7.5
 16.9 7.6
 17.2 7.7
 17.4 7.9
 17.7 8.0
 17.9 8.0
 18.0 8.0
 18.6 8.0
 18.6 8.1
 18.7 8.2
 18.8 8.3
 19.1 8.6
 19.1 8.7
 18.9 8.8
 18.9 8.9
 19.1 9.0
 19.4 9.0
 19.9 9.0
 20.1 9.1
 20.3 9.1
 20.5 9.2
 20.5 9.3
 20.7 9.3
 20.7 9.4
 21.0 9.6
 21.0 9.7
 21.3 10.0
 21.4 10.0
 21.5 10.2
 21.7 10.2
 21.7 10.3
 21.7 10.5
 21.7 10.6
 22.0 10.7
 22.0 10.8
 22.1 10.8
 22.2 10.8
 22.2 10.9
 22.5 11.0
 22.8 11.0
 22.9 10.9
 23.0 11.2
 22.9 11.4
 22.8 11.4
 22.6 11.5
 22.6 11.7
 22.6 12.1
 22.5 12.0
 22.5 12.2
 22.4 12.5
 22.5 12.6
 22.2 12.7
 22.1 12.7
 22.0 12.6
 21.9 12.7
 21.8 12.8
 22.0 13.1
 22.1 13.2
 22.2 13.3
 22.3 13.4
 22.2 13.6
 22.1 13.7
 22.1 13.8
 22.2 14.0
 22.5 14.1
 22.6 14.1
 22.6 14.2
 22.5 14.3
 22.4 14.3
 22.4 14.5
 22.4 14.6
 22.7 14.7
 22.7 14.9
 22.8 15.0
 22.9 15.1
 23.0 15.2
 23.0 15.4
 22.9 15.5
 22.9 15.6
 23.1 15.7
 23.4 15.7
 23.5 15.7
 23.7 15.8
 24.0 15.7
 24.0 19.0
 24.0 19.5
 21.4 20.9
 18.4 22.3
 16.0 23.5
 15.0 23.0
 

15.0 23.0
 15.2 22.0
 15.2 21.5
 15.3 21.4
 15.6 21.0
 15.6 20.9
 15.6 20.8
 16.0 20.4
 15.8 19.9
 15.6 18.6
 15.5 17.3
 15.5 16.9
 14.4 15.7
 13.9 15.0
 13.8 14.8
 13.8 14.7
 13.7 14.6
 13.7 14.5
 13.5 14.5
 13.5 14.4
 13.6 14.0
 13.6 13.7
 13.8 13.5
 13.9 13.3
 14.1 13.1
 14.4 13.1
 14.5 13.0
 14.5 12.9
 14.6 12.8
 14.7 12.7
 14.9 12.4
 14.9 12.1
 15.0 12.1
 15.1 12.0
 15.1 11.9
 15.1 11.8
 15.1 11.7
 15.1 11.5
 15.0 11.2
 15.1 10.9
 15.1 10.8
 15.1 10.7
 15.1 10.5
 15.4 10.2
 15.7 10.0
 15.4 9.9
 15.2 10.0
 15.0 9.9
 14.9 10.0
 14.8 9.9
 14.5 10.0
 14.2 10.0
 14.1 9.8
 14.0 9.7
 14.0 9.6
 14.4 9.1
 14.8 8.8
 14.9 8.8
 15.2 8.5
 15.3 8.4
 15.4 7.9
 15.5 7.8
 15.6 7.8
 15.6 7.7
 15.5 7.5
 15.7 7.5
 15.8 7.5
 16.3 7.6
 16.4 7.7
 16.4 7.8
 16.6 7.9
 16.6 7.8
 16.6 7.7
 16.8 7.5
 16.9 7.6
 17.2 7.7
 17.4 7.9
 17.7 8.0
 17.9 8.0
 18.0 8.0
 18.6 8.0
 18.6 8.1
 18.7 8.2
 18.8 8.3
 19.1 8.6
 19.1 8.7
 18.9 8.8
 18.9 8.9
 19.1 9.0
 19.4 9.0
 19.9 9.0
 20.1 9.1
 20.3 9.1
 20.5 9.2
 20.5 9.3
 20.7 9.3
 20.7 9.4
 21.0 9.6
 21.0 9.7
 21.3 10.0
 21.4 10.0
 21.5 10.2
 21.7 10.2
 21.7 10.3
 21.7 10.5
 21.7 10.6
 22.0 10.7
 22.0 10.8
 22.1 10.8
 22.2 10.8
 22.2 10.9
 22.5 11.0
 22.8 11.0
 22.9 10.9
 23.0 11.2
 22.9 11.4
 22.8 11.4
 22.6 11.5
 22.6 11.7
 22.6 12.1
 22.5 12.0
 22.5 12.2
 22.4 12.5
 22.5 12.6
 22.2 12.7
 22.1 12.7
 22.0 12.6
 21.9 12.7
 21.8 12.8
 22.0 13.1
 22.1 13.2
 22.2 13.3
 22.3 13.4
 22.2 13.6
 22.1 13.7
 22.1 13.8
 22.2 14.0
 22.5 14.1
 22.6 14.1
 22.6 14.2
 22.5 14.3
 22.4 14.3
 22.4 14.5
 22.4 14.6
 22.7 14.7
 22.7 14.9
 22.8 15.0
 22.9 15.1
 23.0 15.2
 23.0 15.4
 22.9 15.5
 22.9 15.6
 23.1 15.7
 23.4 15.7
 23.5 15.7
 23.7 15.8
 24.0 15.7
 24.0 19.0
 24.0 19.5
 21.4 20.9
 18.4 22.3
 16.0 23.5
 15.0 23.0
 

