-0.2 11.1
 -0.1 11.1
 -0.0 11.1
 0.0 11.1
 0.0 11.0
 -0.1 10.7
 -0.1 10.6
 0.0 10.6
 0.2 10.4
 0.3 10.4
 0.3 10.3
 0.4 10.3
 0.3 10.1
 0.4 10.1
 0.4 10.0
 0.3 9.7
 0.3 9.6
 0.3 9.7
 0.3 9.6
 0.4 9.6
 0.3 9.6
 0.2 9.6
 0.2 9.5
 0.3 9.5
 0.2 9.5
 0.2 9.4
 0.3 9.4
 0.4 9.5
 0.5 9.5
 0.5 9.4
 0.6 9.4
 0.4 9.0
 0.5 8.9
 0.5 8.8
 0.4 8.8
 0.5 8.6
 0.6 8.5
 0.7 8.4
 0.7 8.3
 0.6 8.2
 0.6 7.8
 0.6 7.7
 0.6 7.6
 0.5 7.6
 0.5 7.5
 0.6 7.4
 0.7 7.3
 0.6 7.0
 0.5 7.0
 0.6 6.9
 0.5 6.8
 0.6 6.8
 0.7 6.6
 0.7 6.5
 0.9 6.3
 1.0 6.3
 1.1 6.2
 1.2 6.2
 1.2 6.1
 1.6 6.2
 1.8 6.3
 1.8 6.4
 1.6 6.7
 1.6 6.8
 1.5 7.0
 1.6 7.0
 1.6 7.3
 1.6 8.4
 1.7 8.5
 1.6 8.5
 1.6 8.9
 1.6 9.1
 1.5 9.3
 1.3 9.5
 1.4 9.6
 1.4 10.0
 0.8 10.4
 0.8 10.5
 0.9 11.0
 0.7 11.0
 0.5 10.9
 0.5 11.0
 -0.2 11.1
 

-0.2 11.1
 -0.1 11.1
 -0.0 11.1
 0.0 11.1
 0.0 11.0
 -0.1 10.7
 -0.1 10.6
 0.0 10.6
 0.2 10.4
 0.3 10.4
 0.3 10.3
 0.4 10.3
 0.3 10.1
 0.4 10.1
 0.4 10.0
 0.3 9.7
 0.3 9.6
 0.3 9.7
 0.3 9.6
 0.4 9.6
 0.3 9.6
 0.2 9.6
 0.2 9.5
 0.3 9.5
 0.2 9.5
 0.2 9.4
 0.3 9.4
 0.4 9.5
 0.5 9.5
 0.5 9.4
 0.6 9.4
 0.4 9.0
 0.5 8.9
 0.5 8.8
 0.4 8.8
 0.5 8.6
 0.6 8.5
 0.7 8.4
 0.7 8.3
 0.6 8.2
 0.6 7.8
 0.6 7.7
 0.6 7.6
 0.5 7.6
 0.5 7.5
 0.6 7.4
 0.7 7.3
 0.6 7.0
 0.5 7.0
 0.6 6.9
 0.5 6.8
 0.6 6.8
 0.7 6.6
 0.7 6.5
 0.9 6.3
 1.0 6.3
 1.1 6.2
 1.2 6.2
 1.2 6.1
 1.6 6.2
 1.8 6.3
 1.8 6.4
 1.6 6.7
 1.6 6.8
 1.5 7.0
 1.6 7.0
 1.6 7.3
 1.6 8.4
 1.7 8.5
 1.6 8.5
 1.6 8.9
 1.6 9.1
 1.5 9.3
 1.3 9.5
 1.4 9.6
 1.4 10.0
 0.8 10.4
 0.8 10.5
 0.9 11.0
 0.7 11.0
 0.5 10.9
 0.5 11.0
 -0.2 11.1
 

