8.6 36.9
 8.6 36.9
 8.7 36.9
 8.6 36.8
 8.4 36.8
 8.5 36.8
 8.5 36.7
 8.4 36.7
 8.2 36.6
 8.2 36.5
 8.4 36.4
 8.3 35.9
 8.3 35.8
 8.3 35.7
 8.4 35.5
 8.3 35.4
 8.3 35.3
 8.4 35.3
 8.5 35.2
 8.4 35.2
 8.3 34.9
 8.3 34.8
 8.2 34.7
 8.2 34.6
 7.8 34.4
 7.8 34.2
 7.7 34.2
 7.5 34.1
 7.5 33.9
 7.5 33.8
 7.7 33.4
 7.7 33.2
 7.8 33.2
 8.0 33.1
 8.1 33.1
 8.3 32.8
 8.4 32.5
 9.1 32.1
 9.2 31.6
 9.5 30.2
 9.9 30.3
 10.2 30.7
 10.3 30.9
 10.1 31.4
 10.1 31.5
 10.3 31.7
 10.4 31.7
 10.5 31.7
 10.6 31.9
 10.6 32.0
 10.8 32.0
 10.9 32.1
 11.5 32.4
 11.6 32.4
 11.6 32.5
 11.5 32.6
 11.5 33.0
 11.5 33.2
 11.2 33.2
 11.1 33.3
 11.3 33.3
 11.1 33.4
 11.1 33.5
 11.1 33.6
 11.0 33.6
 10.9 33.6
 10.9 33.5
 10.8 33.5
 10.7 33.5
 10.7 33.7
 10.5 33.6
 10.4 33.7
 10.1 33.9
 10.0 34.1
 10.0 34.2
 10.1 34.3
 10.4 34.4
 10.4 34.5
 10.6 34.6
 10.9 34.9
 11.1 35.2
 11.1 35.3
 11.0 35.3
 11.0 35.4
 11.1 35.5
 11.0 35.5
 11.0 35.6
 10.8 35.7
 10.8 35.8
 10.7 35.8
 10.6 35.9
 10.5 36.0
 10.5 36.2
 10.5 36.3
 10.6 36.4
 10.8 36.5
 11.0 36.8
 11.1 36.9
 11.0 37.1
 10.9 37.0
 10.8 36.9
 10.6 36.9
 10.5 36.8
 10.4 36.7
 10.3 36.7
 10.2 36.8
 10.3 36.8
 10.3 36.9
 10.2 37.1
 10.1 37.1
 10.1 37.2
 10.3 37.2
 10.1 37.3
 9.9 37.2
 9.9 37.1
 9.8 37.2
 9.9 37.3
 9.7 37.3
 9.3 37.2
 9.2 37.2
 9.1 37.2
 9.0 37.1
 8.9 37.0
 8.8 37.0
 8.6 36.9
 

8.6 36.9
 8.6 36.9
 8.7 36.9
 8.6 36.8
 8.4 36.8
 8.5 36.8
 8.5 36.7
 8.4 36.7
 8.2 36.6
 8.2 36.5
 8.4 36.4
 8.3 35.9
 8.3 35.8
 8.3 35.7
 8.4 35.5
 8.3 35.4
 8.3 35.3
 8.4 35.3
 8.5 35.2
 8.4 35.2
 8.3 34.9
 8.3 34.8
 8.2 34.7
 8.2 34.6
 7.8 34.4
 7.8 34.2
 7.7 34.2
 7.5 34.1
 7.5 33.9
 7.5 33.8
 7.7 33.4
 7.7 33.2
 7.8 33.2
 8.0 33.1
 8.1 33.1
 8.3 32.8
 8.4 32.5
 9.1 32.1
 9.2 31.6
 9.5 30.2
 9.9 30.3
 10.2 30.7
 10.3 30.9
 10.1 31.4
 10.1 31.5
 10.3 31.7
 10.4 31.7
 10.5 31.7
 10.6 31.9
 10.6 32.0
 10.8 32.0
 10.9 32.1
 11.5 32.4
 11.6 32.4
 11.6 32.5
 11.5 32.6
 11.5 33.0
 11.5 33.2
 11.2 33.2
 11.1 33.3
 11.3 33.3
 11.1 33.4
 11.1 33.5
 11.1 33.6
 11.0 33.6
 10.9 33.6
 10.9 33.5
 10.8 33.5
 10.7 33.5
 10.7 33.7
 10.5 33.6
 10.4 33.7
 10.1 33.9
 10.0 34.1
 10.0 34.2
 10.1 34.3
 10.4 34.4
 10.4 34.5
 10.6 34.6
 10.9 34.9
 11.1 35.2
 11.1 35.3
 11.0 35.3
 11.0 35.4
 11.1 35.5
 11.0 35.5
 11.0 35.6
 10.8 35.7
 10.8 35.8
 10.7 35.8
 10.6 35.9
 10.5 36.0
 10.5 36.2
 10.5 36.3
 10.6 36.4
 10.8 36.5
 11.0 36.8
 11.1 36.9
 11.0 37.1
 10.9 37.0
 10.8 36.9
 10.6 36.9
 10.5 36.8
 10.4 36.7
 10.3 36.7
 10.2 36.8
 10.3 36.8
 10.3 36.9
 10.2 37.1
 10.1 37.1
 10.1 37.2
 10.3 37.2
 10.1 37.3
 9.9 37.2
 9.9 37.1
 9.8 37.2
 9.9 37.3
 9.7 37.3
 9.3 37.2
 9.2 37.2
 9.1 37.2
 9.0 37.1
 8.9 37.0
 8.8 37.0
 8.6 36.9
 

