30.5 -1.1
 30.5 -1.2
 30.6 -1.4
 30.7 -1.4
 30.8 -1.7
 30.8 -1.9
 30.9 -2.0
 30.8 -2.4
 30.6 -2.4
 30.4 -2.6
 30.4 -2.7
 30.5 -2.7
 30.5 -2.6
 30.5 -2.7
 30.4 -2.9
 30.5 -2.9
 30.6 -2.9
 30.7 -3.0
 30.8 -3.0
 30.8 -3.1
 30.9 -3.2
 30.8 -3.3
 30.7 -3.3
 30.6 -3.4
 30.7 -3.4
 30.6 -3.5
 30.4 -3.5
 30.4 -3.8
 30.3 -3.8
 30.3 -3.9
 30.2 -4.0
 30.1 -4.2
 30.0 -4.2
 29.9 -4.3
 29.8 -4.4
 29.7 -4.5
 29.6 -4.6
 29.6 -4.8
 29.6 -4.9
 29.8 -5.0
 29.8 -5.3
 29.7 -5.4
 29.7 -5.5
 29.8 -5.6
 29.9 -5.8
 29.9 -5.9
 29.8 -6.0
 29.7 -6.1
 29.7 -6.3
 29.9 -6.5
 30.1 -6.5
 30.4 -6.7
 30.4 -6.9
 30.6 -7.0
 30.6 -7.1
 30.5 -7.1
 30.5 -7.2
 30.6 -7.4
 30.6 -7.6
 30.8 -7.8
 31.0 -8.2
 31.1 -8.4
 31.2 -8.6
 31.3 -8.6
 31.4 -8.6
 31.6 -8.7
 31.6 -8.8
 31.7 -8.9
 31.8 -8.9
 32.0 -8.9
 31.9 -9.0
 32.0 -9.1
 32.0 -9.0
 32.5 -9.2
 32.5 -9.3
 32.7 -9.3
 32.8 -9.4
 32.9 -9.4
 33.0 -9.4
 33.2 -9.5
 33.3 -9.5
 33.4 -9.5
 33.4 -9.6
 33.5 -9.6
 33.6 -9.6
 33.7 -9.6
 33.8 -9.6
 33.9 -9.7
 34.0 -9.5
 34.1 -9.6
 34.4 -9.9
 34.6 -10.2
 34.6 -10.4
 34.7 -10.7
 34.6 -11.0
 34.7 -11.2
 34.8 -11.3
 34.9 -11.4
 35.0 -11.6
 35.4 -11.6
 35.5 -11.6
 35.6 -11.6
 35.8 -11.4
 35.9 -11.4
 36.1 -11.5
 36.2 -11.6
 36.2 -11.7
 36.5 -11.7
 36.7 -11.7
 36.8 -11.6
 37.0 -11.6
 37.1 -11.7
 37.3 -11.7
 37.4 -11.7
 37.8 -11.6
 37.8 -11.5
 37.8 -11.4
 37.9 -11.3
 38.1 -11.3
 38.5 -11.4
 38.7 -11.3
 38.9 -11.2
 39.3 -11.2
 39.6 -10.9
 39.8 -10.9
 40.2 -10.7
 40.3 -10.6
 40.4 -10.5
 40.5 -10.3
 40.4 -10.3
 40.4 -10.4
 40.2 -10.2
 40.3 -10.3
 40.2 -10.3
 40.1 -10.3
 40.1 -10.2
 40.0 -10.1
 40.0 -10.2
 39.9 -10.1
 39.8 -10.0
 39.7 -10.1
 39.7 -10.0
 39.8 -9.9
 39.7 -9.8
 39.7 -9.7
 39.7 -9.5
 39.6 -9.4
 39.6 -9.2
 39.6 -9.1
 39.5 -9.1
 39.5 -8.9
 39.4 -8.9
 39.5 -8.9
 39.4 -8.7
 39.3 -8.6
 39.3 -8.5
 39.3 -8.3
 39.4 -8.0
 39.4 -7.8
 39.3 -7.7
 39.3 -7.8
 39.3 -7.5
 39.4 -7.4
 39.4 -7.3
 39.5 -7.2
 39.5 -7.0
 39.5 -6.9
 39.3 -6.9
 39.2 -6.7
 39.0 -6.5
 38.9 -6.4
 38.8 -6.3
 38.9 -6.2
 38.8 -6.1
 38.8 -5.8
 39.1 -5.2
 39.1 -5.1
 39.1 -5.0
 39.1 -4.9
 39.2 -4.9
 39.2 -4.8
 39.2 -4.7
 39.1 -4.6
 37.8 -3.7
 37.7 -3.5
 37.6 -3.5
 37.6 -3.4
 37.7 -3.3
 37.7 -3.1
 37.6 -3.0
 36.3 -2.3
 36.0 -2.1
 35.7 -1.9
 35.0 -1.6
 34.3 -1.2
 34.1 -1.1
 33.9 -1.2
 33.9 -1.3
 34.0 -1.3
 33.9 -1.3
 33.8 -1.3
 33.8 -1.4
 33.9 -1.5
 34.0 -1.5
 33.8 -1.5
 33.7 -1.5
 33.6 -1.6
 33.7 -1.6
 33.7 -1.7
 33.5 -1.7
 33.6 -1.7
 33.6 -1.8
 33.5 -1.8
 33.4 -1.8
 33.3 -1.8
 33.3 -1.9
 33.4 -1.9
 33.5 -1.9
 33.6 -2.0
 33.5 -2.0
 33.4 -2.0
 33.2 -2.0
 33.2 -2.1
 33.3 -2.1
 33.6 -2.2
 33.7 -2.1
 33.8 -2.1
 33.8 -2.2
 33.8 -2.3
 33.5 -2.4
 33.4 -2.5
 33.5 -2.5
 33.4 -2.6
 33.1 -2.5
 33.1 -2.4
 33.0 -2.4
 32.9 -2.4
 32.9 -2.5
 32.9 -2.6
 33.0 -2.8
 32.9 -2.8
 33.0 -2.9
 32.9 -2.8
 32.8 -2.9
 32.8 -3.0
 32.8 -2.9
 32.7 -2.9
 32.9 -2.8
 32.9 -2.7
 32.8 -2.7
 32.8 -2.5
 32.7 -2.5
 32.7 -2.4
 32.5 -2.6
 32.5 -2.5
 32.6 -2.5
 32.5 -2.4
 32.4 -2.5
 32.3 -2.4
 32.4 -2.3
 32.3 -2.3
 32.2 -2.3
 32.2 -2.4
 32.1 -2.4
 32.2 -2.5
 32.0 -2.5
 32.0 -2.6
 31.9 -2.6
 32.0 -2.7
 32.0 -2.8
 31.9 -2.6
 31.9 -2.7
 31.8 -2.7
 31.8 -2.8
 31.8 -2.7
 31.9 -2.6
 31.8 -2.6
 31.7 -2.5
 31.8 -2.5
 31.8 -2.3
 31.6 -2.4
 31.7 -2.3
 31.7 -2.0
 31.6 -2.0
 31.6 -1.9
 31.7 -1.9
 31.7 -1.6
 31.8 -1.6
 31.7 -1.5
 31.8 -1.5
 31.9 -1.1
 31.8 -1.0
 31.4 -1.0
 30.8 -1.0
 30.6 -1.1
 30.5 -1.1
 

30.5 -1.1
 30.5 -1.2
 30.6 -1.4
 30.7 -1.4
 30.8 -1.7
 30.8 -1.9
 30.9 -2.0
 30.8 -2.4
 30.6 -2.4
 30.4 -2.6
 30.4 -2.7
 30.5 -2.7
 30.5 -2.6
 30.5 -2.7
 30.4 -2.9
 30.5 -2.9
 30.6 -2.9
 30.7 -3.0
 30.8 -3.0
 30.8 -3.1
 30.9 -3.2
 30.8 -3.3
 30.7 -3.3
 30.6 -3.4
 30.7 -3.4
 30.6 -3.5
 30.4 -3.5
 30.4 -3.8
 30.3 -3.8
 30.3 -3.9
 30.2 -4.0
 30.1 -4.2
 30.0 -4.2
 29.9 -4.3
 29.8 -4.4
 29.7 -4.5
 29.6 -4.6
 29.6 -4.8
 29.6 -4.9
 29.8 -5.0
 29.8 -5.3
 29.7 -5.4
 29.7 -5.5
 29.8 -5.6
 29.9 -5.8
 29.9 -5.9
 29.8 -6.0
 29.7 -6.1
 29.7 -6.3
 29.9 -6.5
 30.1 -6.5
 30.4 -6.7
 30.4 -6.9
 30.6 -7.0
 30.6 -7.1
 30.5 -7.1
 30.5 -7.2
 30.6 -7.4
 30.6 -7.6
 30.8 -7.8
 31.0 -8.2
 31.1 -8.4
 31.2 -8.6
 31.3 -8.6
 31.4 -8.6
 31.6 -8.7
 31.6 -8.8
 31.7 -8.9
 31.8 -8.9
 32.0 -8.9
 31.9 -9.0
 32.0 -9.1
 32.0 -9.0
 32.5 -9.2
 32.5 -9.3
 32.7 -9.3
 32.8 -9.4
 32.9 -9.4
 33.0 -9.4
 33.2 -9.5
 33.3 -9.5
 33.4 -9.5
 33.4 -9.6
 33.5 -9.6
 33.6 -9.6
 33.7 -9.6
 33.8 -9.6
 33.9 -9.7
 34.0 -9.5
 34.1 -9.6
 34.4 -9.9
 34.6 -10.2
 34.6 -10.4
 34.7 -10.7
 34.6 -11.0
 34.7 -11.2
 34.8 -11.3
 34.9 -11.4
 35.0 -11.6
 35.4 -11.6
 35.5 -11.6
 35.6 -11.6
 35.8 -11.4
 35.9 -11.4
 36.1 -11.5
 36.2 -11.6
 36.2 -11.7
 36.5 -11.7
 36.7 -11.7
 36.8 -11.6
 37.0 -11.6
 37.1 -11.7
 37.3 -11.7
 37.4 -11.7
 37.8 -11.6
 37.8 -11.5
 37.8 -11.4
 37.9 -11.3
 38.1 -11.3
 38.5 -11.4
 38.7 -11.3
 38.9 -11.2
 39.3 -11.2
 39.6 -10.9
 39.8 -10.9
 40.2 -10.7
 40.3 -10.6
 40.4 -10.5
 40.5 -10.3
 40.4 -10.3
 40.4 -10.4
 40.2 -10.2
 40.3 -10.3
 40.2 -10.3
 40.1 -10.3
 40.1 -10.2
 40.0 -10.1
 40.0 -10.2
 39.9 -10.1
 39.8 -10.0
 39.7 -10.1
 39.7 -10.0
 39.8 -9.9
 39.7 -9.8
 39.7 -9.7
 39.7 -9.5
 39.6 -9.4
 39.6 -9.2
 39.6 -9.1
 39.5 -9.1
 39.5 -8.9
 39.4 -8.9
 39.5 -8.9
 39.4 -8.7
 39.3 -8.6
 39.3 -8.5
 39.3 -8.3
 39.4 -8.0
 39.4 -7.8
 39.3 -7.7
 39.3 -7.8
 39.3 -7.5
 39.4 -7.4
 39.4 -7.3
 39.5 -7.2
 39.5 -7.0
 39.5 -6.9
 39.3 -6.9
 39.2 -6.7
 39.0 -6.5
 38.9 -6.4
 38.8 -6.3
 38.9 -6.2
 38.8 -6.1
 38.8 -5.8
 39.1 -5.2
 39.1 -5.1
 39.1 -5.0
 39.1 -4.9
 39.2 -4.9
 39.2 -4.8
 39.2 -4.7
 39.1 -4.6
 37.8 -3.7
 37.7 -3.5
 37.6 -3.5
 37.6 -3.4
 37.7 -3.3
 37.7 -3.1
 37.6 -3.0
 36.3 -2.3
 36.0 -2.1
 35.7 -1.9
 35.0 -1.6
 34.3 -1.2
 34.1 -1.1
 33.9 -1.2
 33.9 -1.3
 34.0 -1.3
 33.9 -1.3
 33.8 -1.3
 33.8 -1.4
 33.9 -1.5
 34.0 -1.5
 33.8 -1.5
 33.7 -1.5
 33.6 -1.6
 33.7 -1.6
 33.7 -1.7
 33.5 -1.7
 33.6 -1.7
 33.6 -1.8
 33.5 -1.8
 33.4 -1.8
 33.3 -1.8
 33.3 -1.9
 33.4 -1.9
 33.5 -1.9
 33.6 -2.0
 33.5 -2.0
 33.4 -2.0
 33.2 -2.0
 33.2 -2.1
 33.3 -2.1
 33.6 -2.2
 33.7 -2.1
 33.8 -2.1
 33.8 -2.2
 33.8 -2.3
 33.5 -2.4
 33.4 -2.5
 33.5 -2.5
 33.4 -2.6
 33.1 -2.5
 33.1 -2.4
 33.0 -2.4
 32.9 -2.4
 32.9 -2.5
 32.9 -2.6
 33.0 -2.8
 32.9 -2.8
 33.0 -2.9
 32.9 -2.8
 32.8 -2.9
 32.8 -3.0
 32.8 -2.9
 32.7 -2.9
 32.9 -2.8
 32.9 -2.7
 32.8 -2.7
 32.8 -2.5
 32.7 -2.5
 32.7 -2.4
 32.5 -2.6
 32.5 -2.5
 32.6 -2.5
 32.5 -2.4
 32.4 -2.5
 32.3 -2.4
 32.4 -2.3
 32.3 -2.3
 32.2 -2.3
 32.2 -2.4
 32.1 -2.4
 32.2 -2.5
 32.0 -2.5
 32.0 -2.6
 31.9 -2.6
 32.0 -2.7
 32.0 -2.8
 31.9 -2.6
 31.9 -2.7
 31.8 -2.7
 31.8 -2.8
 31.8 -2.7
 31.9 -2.6
 31.8 -2.6
 31.7 -2.5
 31.8 -2.5
 31.8 -2.3
 31.6 -2.4
 31.7 -2.3
 31.7 -2.0
 31.6 -2.0
 31.6 -1.9
 31.7 -1.9
 31.7 -1.6
 31.8 -1.6
 31.7 -1.5
 31.8 -1.5
 31.9 -1.1
 31.8 -1.0
 31.4 -1.0
 30.8 -1.0
 30.6 -1.1
 30.5 -1.1
 

