30.9 3.5
 30.9 3.5
 30.9 3.4
 30.8 3.1
 30.8 3.0
 30.9 2.9
 30.9 2.8
 30.8 2.7
 30.7 2.4
 30.8 2.4
 30.9 2.4
 30.9 2.3
 30.9 2.4
 31.0 2.4
 31.1 2.3
 31.0 2.3
 31.2 2.3
 31.2 2.2
 31.3 2.2
 31.4 2.3
 31.5 2.3
 31.4 2.3
 31.4 1.9
 31.2 1.6
 31.0 1.5
 30.7 1.1
 30.5 1.0
 30.5 1.2
 30.3 1.2
 30.2 1.1
 30.2 1.0
 30.0 0.8
 29.9 0.6
 30.0 0.5
 29.9 0.4
 29.8 0.2
 29.7 0.1
 29.7 -0.1
 29.7 -0.5
 29.7 -0.6
 29.6 -0.6
 29.6 -0.9
 29.6 -1.4
 29.8 -1.3
 29.9 -1.4
 29.9 -1.5
 30.0 -1.5
 30.2 -1.3
 30.3 -1.2
 30.4 -1.1
 30.5 -1.1
 30.6 -1.1
 30.8 -1.0
 31.4 -1.0
 31.8 -1.0
 31.8 -0.9
 31.7 -0.8
 31.7 -0.7
 31.8 -0.7
 31.8 -0.6
 31.8 -0.5
 32.0 -0.3
 32.0 -0.2
 31.9 -0.2
 32.0 -0.1
 32.1 -0.1
 32.0 -0.1
 32.1 -0.0
 32.2 -0.1
 32.2 0.0
 32.2 -0.0
 32.3 -0.0
 32.3 0.0
 32.4 0.0
 32.4 0.1
 32.5 0.1
 32.4 0.1
 32.4 0.0
 32.5 0.1
 32.6 0.1
 32.6 0.2
 32.6 0.3
 32.7 0.3
 32.7 0.2
 32.7 0.1
 32.8 0.1
 32.8 0.2
 32.9 0.1
 32.9 0.2
 32.9 0.1
 33.0 0.1
 33.1 0.2
 33.1 0.3
 33.1 0.2
 33.2 0.3
 33.3 0.4
 33.2 0.4
 33.3 0.5
 33.3 0.4
 33.4 0.5
 33.4 0.4
 33.3 0.4
 33.5 0.3
 33.4 0.3
 33.5 0.2
 33.6 0.2
 33.6 0.3
 33.7 0.3
 33.7 0.2
 33.8 0.2
 34.0 0.3
 34.0 0.2
 34.1 0.4
 34.2 0.6
 34.3 0.6
 34.3 0.7
 34.4 0.8
 34.5 1.1
 34.6 1.1
 34.6 1.2
 34.8 1.2
 34.8 1.3
 34.8 1.4
 35.0 1.7
 35.0 1.9
 35.0 2.0
 35.0 2.1
 34.9 2.2
 34.9 2.4
 34.9 2.5
 34.8 2.6
 34.7 2.9
 34.6 2.9
 34.6 3.1
 34.5 3.2
 34.4 3.4
 34.5 3.5
 34.5 3.7
 34.4 3.7
 34.3 3.7
 34.3 3.8
 34.2 3.8
 34.2 3.9
 34.1 3.9
 34.1 4.0
 34.1 4.2
 34.0 4.2
 33.5 3.8
 33.2 3.8
 33.0 3.9
 32.7 3.8
 32.4 3.7
 32.2 3.6
 32.2 3.5
 32.1 3.5
 32.1 3.6
 32.0 3.6
 31.9 3.7
 31.8 3.8
 31.7 3.7
 31.5 3.7
 31.3 3.8
 31.2 3.8
 31.0 3.7
 30.9 3.5
 

30.9 3.5
 30.9 3.5
 30.9 3.4
 30.8 3.1
 30.8 3.0
 30.9 2.9
 30.9 2.8
 30.8 2.7
 30.7 2.4
 30.8 2.4
 30.9 2.4
 30.9 2.3
 30.9 2.4
 31.0 2.4
 31.1 2.3
 31.0 2.3
 31.2 2.3
 31.2 2.2
 31.3 2.2
 31.4 2.3
 31.5 2.3
 31.4 2.3
 31.4 1.9
 31.2 1.6
 31.0 1.5
 30.7 1.1
 30.5 1.0
 30.5 1.2
 30.3 1.2
 30.2 1.1
 30.2 1.0
 30.0 0.8
 29.9 0.6
 30.0 0.5
 29.9 0.4
 29.8 0.2
 29.7 0.1
 29.7 -0.1
 29.7 -0.5
 29.7 -0.6
 29.6 -0.6
 29.6 -0.9
 29.6 -1.4
 29.8 -1.3
 29.9 -1.4
 29.9 -1.5
 30.0 -1.5
 30.2 -1.3
 30.3 -1.2
 30.4 -1.1
 30.5 -1.1
 30.6 -1.1
 30.8 -1.0
 31.4 -1.0
 31.8 -1.0
 31.8 -0.9
 31.7 -0.8
 31.7 -0.7
 31.8 -0.7
 31.8 -0.6
 31.8 -0.5
 32.0 -0.3
 32.0 -0.2
 31.9 -0.2
 32.0 -0.1
 32.1 -0.1
 32.0 -0.1
 32.1 -0.0
 32.2 -0.1
 32.2 0.0
 32.2 -0.0
 32.3 -0.0
 32.3 0.0
 32.4 0.0
 32.4 0.1
 32.5 0.1
 32.4 0.1
 32.4 0.0
 32.5 0.1
 32.6 0.1
 32.6 0.2
 32.6 0.3
 32.7 0.3
 32.7 0.2
 32.7 0.1
 32.8 0.1
 32.8 0.2
 32.9 0.1
 32.9 0.2
 32.9 0.1
 33.0 0.1
 33.1 0.2
 33.1 0.3
 33.1 0.2
 33.2 0.3
 33.3 0.4
 33.2 0.4
 33.3 0.5
 33.3 0.4
 33.4 0.5
 33.4 0.4
 33.3 0.4
 33.5 0.3
 33.4 0.3
 33.5 0.2
 33.6 0.2
 33.6 0.3
 33.7 0.3
 33.7 0.2
 33.8 0.2
 34.0 0.3
 34.0 0.2
 34.1 0.4
 34.2 0.6
 34.3 0.6
 34.3 0.7
 34.4 0.8
 34.5 1.1
 34.6 1.1
 34.6 1.2
 34.8 1.2
 34.8 1.3
 34.8 1.4
 35.0 1.7
 35.0 1.9
 35.0 2.0
 35.0 2.1
 34.9 2.2
 34.9 2.4
 34.9 2.5
 34.8 2.6
 34.7 2.9
 34.6 2.9
 34.6 3.1
 34.5 3.2
 34.4 3.4
 34.5 3.5
 34.5 3.7
 34.4 3.7
 34.3 3.7
 34.3 3.8
 34.2 3.8
 34.2 3.9
 34.1 3.9
 34.1 4.0
 34.1 4.2
 34.0 4.2
 33.5 3.8
 33.2 3.8
 33.0 3.9
 32.7 3.8
 32.4 3.7
 32.2 3.6
 32.2 3.5
 32.1 3.5
 32.1 3.6
 32.0 3.6
 31.9 3.7
 31.8 3.8
 31.7 3.7
 31.5 3.7
 31.3 3.8
 31.2 3.8
 31.0 3.7
 30.9 3.5
 

