16.5 -28.6
 16.5 -28.6
 16.6 -28.7
 16.6 -28.9
 16.7 -29.0
 16.8 -29.0
 16.8 -29.1
 16.9 -29.3
 17.0 -29.5
 17.2 -30.0
 17.3 -30.4
 17.6 -30.8
 17.9 -31.3
 18.1 -31.6
 18.2 -31.7
 18.3 -32.2
 18.3 -32.5
 18.3 -32.6
 18.1 -32.8
 18.0 -32.7
 17.9 -32.7
 17.9 -32.8
 17.8 -32.8
 17.9 -33.0
 18.0 -33.0
 18.0 -33.1
 18.1 -33.2
 18.0 -33.1
 18.1 -33.3
 18.1 -33.4
 18.3 -33.5
 18.5 -33.8
 18.5 -33.9
 18.4 -33.9
 18.3 -34.1
 18.5 -34.3
 18.4 -34.1
 18.5 -34.1
 18.6 -34.1
 18.8 -34.1
 18.9 -34.2
 18.8 -34.2
 18.8 -34.4
 19.0 -34.3
 19.1 -34.3
 19.1 -34.4
 19.2 -34.4
 19.3 -34.4
 19.4 -34.5
 19.3 -34.6
 19.8 -34.8
 19.9 -34.8
 20.0 -34.8
 20.1 -34.8
 20.2 -34.7
 20.4 -34.6
 20.5 -34.5
 20.7 -34.4
 20.8 -34.5
 20.9 -34.5
 20.9 -34.4
 21.1 -34.4
 21.3 -34.4
 21.5 -34.4
 21.7 -34.4
 21.9 -34.3
 21.9 -34.2
 22.1 -34.2
 22.1 -34.1
 22.3 -34.1
 22.5 -34.1
 22.6 -34.0
 22.8 -34.0
 22.7 -34.0
 22.8 -34.0
 23.0 -34.1
 23.0 -34.0
 23.1 -34.1
 23.4 -34.1
 23.4 -34.0
 23.5 -34.0
 23.9 -34.0
 24.6 -34.2
 24.8 -34.2
 24.9 -34.0
 25.1 -34.0
 25.2 -34.0
 25.6 -34.0
 25.7 -34.0
 25.6 -33.9
 25.7 -33.8
 26.0 -33.7
 26.2 -33.7
 26.4 -33.8
 27.0 -33.6
 27.5 -33.3
 27.9 -33.0
 28.1 -32.9
 28.1 -32.8
 28.5 -32.6
 28.8 -32.3
 29.1 -32.1
 29.4 -31.7
 29.6 -31.6
 29.8 -31.4
 30.0 -31.3
 30.3 -30.9
 30.6 -30.5
 30.9 -30.1
 31.1 -29.9
 31.0 -29.9
 31.1 -29.9
 31.0 -29.8
 31.2 -29.5
 31.6 -29.1
 31.8 -28.9
 32.0 -28.9
 32.1 -28.8
 32.0 -28.8
 32.1 -28.8
 32.4 -28.6
 32.4 -28.4
 32.5 -28.3
 32.5 -28.2
 32.6 -27.6
 32.8 -27.1
 32.9 -26.8
 32.3 -26.9
 32.1 -26.8
 32.0 -26.8
 32.0 -27.1
 32.0 -27.3
 31.5 -27.3
 31.2 -27.2
 31.0 -27.0
 30.9 -26.8
 30.8 -26.8
 30.8 -26.7
 30.8 -26.5
 31.1 -26.1
 31.1 -25.9
 31.3 -25.8
 31.4 -25.7
 31.9 -26.0
 32.0 -26.0
 31.9 -25.8
 32.0 -25.7
 32.0 -25.5
 32.0 -25.0
 32.0 -24.5
 31.9 -24.2
 31.9 -23.9
 31.8 -23.9
 31.7 -23.6
 31.6 -23.5
 31.6 -23.2
 31.3 -22.4
 31.2 -22.3
 30.9 -22.3
 30.3 -22.3
 30.2 -22.3
 30.1 -22.3
 29.8 -22.1
 29.5 -22.2
 29.4 -22.2
 29.1 -22.2
 29.0 -22.3
 29.0 -22.4
 28.9 -22.5
 28.6 -22.6
 28.4 -22.6
 28.2 -22.7
 28.1 -22.8
 28.0 -22.8
 28.1 -22.9
 28.0 -22.9
 27.9 -23.0
 27.9 -23.1
 27.8 -23.1
 27.8 -23.2
 27.7 -23.2
 27.6 -23.2
 27.6 -23.3
 27.5 -23.4
 27.4 -23.4
 27.1 -23.6
 27.1 -23.7
 27.0 -23.7
 27.0 -23.6
 27.0 -23.8
 26.8 -24.3
 26.6 -24.4
 26.5 -24.6
 26.4 -24.6
 25.9 -24.7
 25.8 -25.0
 25.6 -25.6
 25.4 -25.7
 25.2 -25.8
 25.0 -25.7
 24.8 -25.8
 24.5 -25.8
 24.4 -25.7
 24.4 -25.8
 24.3 -25.7
 24.2 -25.6
 24.0 -25.7
 24.0 -25.6
 23.8 -25.6
 23.7 -25.5
 23.5 -25.3
 23.1 -25.3
 22.9 -25.4
 22.8 -25.6
 22.8 -25.7
 22.7 -25.8
 22.8 -25.8
 22.7 -25.9
 22.7 -26.0
 22.5 -26.2
 22.2 -26.4
 22.1 -26.6
 21.9 -26.7
 21.8 -26.7
 21.8 -26.8
 21.7 -26.9
 21.5 -26.9
 21.3 -26.8
 21.1 -26.9
 20.9 -26.8
 20.7 -26.9
 20.6 -26.8
 20.6 -26.4
 20.7 -26.4
 20.9 -26.1
 20.8 -25.8
 20.7 -25.7
 20.7 -25.6
 20.6 -25.5
 20.7 -25.5
 20.6 -25.4
 20.4 -25.0
 20.2 -24.9
 20.0 -24.8
 20.0 -26.1
 20.0 -27.5
 20.0 -28.4
 19.6 -28.5
 19.5 -28.7
 19.3 -28.7
 19.2 -28.8
 19.3 -28.9
 19.1 -29.0
 19.0 -28.9
 18.6 -28.8
 18.2 -28.9
 17.7 -28.8
 17.6 -28.8
 17.6 -28.7
 17.4 -28.7
 17.4 -28.5
 17.3 -28.5
 17.4 -28.4
 17.4 -28.3
 17.3 -28.2
 17.2 -28.2
 17.2 -28.1
 17.1 -28.0
 16.9 -28.1
 16.9 -28.2
 16.8 -28.2
 16.9 -28.2
 16.8 -28.2
 16.8 -28.3
 16.8 -28.4
 16.7 -28.5
 16.5 -28.6
 

16.5 -28.6
 16.5 -28.6
 16.6 -28.7
 16.6 -28.9
 16.7 -29.0
 16.8 -29.0
 16.8 -29.1
 16.9 -29.3
 17.0 -29.5
 17.2 -30.0
 17.3 -30.4
 17.6 -30.8
 17.9 -31.3
 18.1 -31.6
 18.2 -31.7
 18.3 -32.2
 18.3 -32.5
 18.3 -32.6
 18.1 -32.8
 18.0 -32.7
 17.9 -32.7
 17.9 -32.8
 17.8 -32.8
 17.9 -33.0
 18.0 -33.0
 18.0 -33.1
 18.1 -33.2
 18.0 -33.1
 18.1 -33.3
 18.1 -33.4
 18.3 -33.5
 18.5 -33.8
 18.5 -33.9
 18.4 -33.9
 18.3 -34.1
 18.5 -34.3
 18.4 -34.1
 18.5 -34.1
 18.6 -34.1
 18.8 -34.1
 18.9 -34.2
 18.8 -34.2
 18.8 -34.4
 19.0 -34.3
 19.1 -34.3
 19.1 -34.4
 19.2 -34.4
 19.3 -34.4
 19.4 -34.5
 19.3 -34.6
 19.8 -34.8
 19.9 -34.8
 20.0 -34.8
 20.1 -34.8
 20.2 -34.7
 20.4 -34.6
 20.5 -34.5
 20.7 -34.4
 20.8 -34.5
 20.9 -34.5
 20.9 -34.4
 21.1 -34.4
 21.3 -34.4
 21.5 -34.4
 21.7 -34.4
 21.9 -34.3
 21.9 -34.2
 22.1 -34.2
 22.1 -34.1
 22.3 -34.1
 22.5 -34.1
 22.6 -34.0
 22.8 -34.0
 22.7 -34.0
 22.8 -34.0
 23.0 -34.1
 23.0 -34.0
 23.1 -34.1
 23.4 -34.1
 23.4 -34.0
 23.5 -34.0
 23.9 -34.0
 24.6 -34.2
 24.8 -34.2
 24.9 -34.0
 25.1 -34.0
 25.2 -34.0
 25.6 -34.0
 25.7 -34.0
 25.6 -33.9
 25.7 -33.8
 26.0 -33.7
 26.2 -33.7
 26.4 -33.8
 27.0 -33.6
 27.5 -33.3
 27.9 -33.0
 28.1 -32.9
 28.1 -32.8
 28.5 -32.6
 28.8 -32.3
 29.1 -32.1
 29.4 -31.7
 29.6 -31.6
 29.8 -31.4
 30.0 -31.3
 30.3 -30.9
 30.6 -30.5
 30.9 -30.1
 31.1 -29.9
 31.0 -29.9
 31.1 -29.9
 31.0 -29.8
 31.2 -29.5
 31.6 -29.1
 31.8 -28.9
 32.0 -28.9
 32.1 -28.8
 32.0 -28.8
 32.1 -28.8
 32.4 -28.6
 32.4 -28.4
 32.5 -28.3
 32.5 -28.2
 32.6 -27.6
 32.8 -27.1
 32.9 -26.8
 32.3 -26.9
 32.1 -26.8
 32.0 -26.8
 32.0 -27.1
 32.0 -27.3
 31.5 -27.3
 31.2 -27.2
 31.0 -27.0
 30.9 -26.8
 30.8 -26.8
 30.8 -26.7
 30.8 -26.5
 31.1 -26.1
 31.1 -25.9
 31.3 -25.8
 31.4 -25.7
 31.9 -26.0
 32.0 -26.0
 31.9 -25.8
 32.0 -25.7
 32.0 -25.5
 32.0 -25.0
 32.0 -24.5
 31.9 -24.2
 31.9 -23.9
 31.8 -23.9
 31.7 -23.6
 31.6 -23.5
 31.6 -23.2
 31.3 -22.4
 31.2 -22.3
 30.9 -22.3
 30.3 -22.3
 30.2 -22.3
 30.1 -22.3
 29.8 -22.1
 29.5 -22.2
 29.4 -22.2
 29.1 -22.2
 29.0 -22.3
 29.0 -22.4
 28.9 -22.5
 28.6 -22.6
 28.4 -22.6
 28.2 -22.7
 28.1 -22.8
 28.0 -22.8
 28.1 -22.9
 28.0 -22.9
 27.9 -23.0
 27.9 -23.1
 27.8 -23.1
 27.8 -23.2
 27.7 -23.2
 27.6 -23.2
 27.6 -23.3
 27.5 -23.4
 27.4 -23.4
 27.1 -23.6
 27.1 -23.7
 27.0 -23.7
 27.0 -23.6
 27.0 -23.8
 26.8 -24.3
 26.6 -24.4
 26.5 -24.6
 26.4 -24.6
 25.9 -24.7
 25.8 -25.0
 25.6 -25.6
 25.4 -25.7
 25.2 -25.8
 25.0 -25.7
 24.8 -25.8
 24.5 -25.8
 24.4 -25.7
 24.4 -25.8
 24.3 -25.7
 24.2 -25.6
 24.0 -25.7
 24.0 -25.6
 23.8 -25.6
 23.7 -25.5
 23.5 -25.3
 23.1 -25.3
 22.9 -25.4
 22.8 -25.6
 22.8 -25.7
 22.7 -25.8
 22.8 -25.8
 22.7 -25.9
 22.7 -26.0
 22.5 -26.2
 22.2 -26.4
 22.1 -26.6
 21.9 -26.7
 21.8 -26.7
 21.8 -26.8
 21.7 -26.9
 21.5 -26.9
 21.3 -26.8
 21.1 -26.9
 20.9 -26.8
 20.7 -26.9
 20.6 -26.8
 20.6 -26.4
 20.7 -26.4
 20.9 -26.1
 20.8 -25.8
 20.7 -25.7
 20.7 -25.6
 20.6 -25.5
 20.7 -25.5
 20.6 -25.4
 20.4 -25.0
 20.2 -24.9
 20.0 -24.8
 20.0 -26.1
 20.0 -27.5
 20.0 -28.4
 19.6 -28.5
 19.5 -28.7
 19.3 -28.7
 19.2 -28.8
 19.3 -28.9
 19.1 -29.0
 19.0 -28.9
 18.6 -28.8
 18.2 -28.9
 17.7 -28.8
 17.6 -28.8
 17.6 -28.7
 17.4 -28.7
 17.4 -28.5
 17.3 -28.5
 17.4 -28.4
 17.4 -28.3
 17.3 -28.2
 17.2 -28.2
 17.2 -28.1
 17.1 -28.0
 16.9 -28.1
 16.9 -28.2
 16.8 -28.2
 16.9 -28.2
 16.8 -28.2
 16.8 -28.3
 16.8 -28.4
 16.7 -28.5
 16.5 -28.6
 

