24.0 -10.9
 24.1 -11.4
 24.0 -11.5
 24.0 -11.8
 24.0 -12.2
 24.0 -12.3
 24.1 -12.4
 23.9 -12.7
 23.9 -12.8
 24.0 -13.0
 23.3 -13.0
 22.6 -13.0
 22.0 -13.0
 22.0 -13.3
 22.0 -14.5
 22.0 -16.2
 22.1 -16.2
 22.1 -16.5
 22.2 -16.6
 23.2 -17.5
 23.5 -17.6
 24.2 -17.5
 24.8 -17.5
 25.0 -17.6
 25.1 -17.7
 25.3 -17.8
 25.4 -17.9
 25.6 -17.8
 25.7 -17.8
 25.9 -17.9
 25.9 -18.0
 26.0 -18.0
 26.2 -17.9
 26.3 -17.9
 26.5 -18.0
 26.7 -18.1
 27.0 -18.0
 27.2 -17.7
 27.4 -17.5
 27.3 -17.5
 27.3 -17.4
 27.5 -17.3
 27.4 -17.3
 27.6 -17.2
 27.6 -17.1
 27.7 -17.1
 27.7 -17.0
 27.7 -16.9
 27.9 -16.9
 27.8 -16.9
 27.8 -16.8
 27.9 -16.8
 28.0 -16.9
 28.1 -16.8
 28.2 -16.7
 28.2 -16.6
 28.3 -16.7
 28.3 -16.6
 28.3 -16.5
 28.4 -16.6
 28.5 -16.5
 28.5 -16.6
 28.6 -16.5
 28.7 -16.5
 28.8 -16.5
 28.9 -16.4
 28.9 -16.1
 28.9 -16.0
 29.1 -15.9
 29.3 -15.7
 29.8 -15.6
 30.4 -15.7
 30.4 -15.6
 30.4 -15.5
 30.4 -15.3
 30.3 -15.3
 30.2 -15.0
 30.8 -14.8
 31.4 -14.6
 31.6 -14.6
 32.1 -14.4
 33.2 -14.0
 33.2 -13.9
 33.0 -14.1
 33.0 -14.0
 32.9 -13.8
 32.8 -13.8
 32.8 -13.7
 32.8 -13.6
 32.7 -13.6
 32.8 -13.5
 33.0 -13.2
 33.0 -13.0
 33.0 -12.9
 33.0 -12.8
 33.0 -12.6
 33.1 -12.6
 33.2 -12.6
 33.3 -12.5
 33.4 -12.5
 33.5 -12.4
 33.5 -12.3
 33.4 -12.3
 33.3 -12.3
 33.3 -12.1
 33.3 -11.8
 33.3 -11.6
 33.2 -11.6
 33.4 -11.3
 33.4 -11.2
 33.3 -10.9
 33.4 -10.8
 33.5 -10.8
 33.7 -10.6
 33.7 -10.5
 33.6 -10.4
 33.6 -10.2
 33.3 -10.1
 33.4 -9.9
 33.4 -9.8
 33.2 -9.7
 33.2 -9.6
 33.1 -9.6
 33.1 -9.7
 33.0 -9.6
 33.0 -9.5
 32.9 -9.4
 32.8 -9.4
 32.7 -9.3
 32.5 -9.3
 32.5 -9.2
 32.0 -9.0
 32.0 -9.1
 31.9 -9.0
 32.0 -8.9
 31.8 -8.9
 31.7 -8.9
 31.6 -8.8
 31.6 -8.7
 31.4 -8.6
 31.3 -8.6
 31.2 -8.6
 31.2 -8.7
 31.1 -8.7
 31.1 -8.8
 31.0 -8.8
 30.8 -8.6
 30.7 -8.5
 30.6 -8.5
 30.6 -8.6
 30.5 -8.6
 30.6 -8.5
 30.5 -8.5
 30.4 -8.5
 30.5 -8.4
 30.6 -8.3
 30.6 -8.2
 30.1 -8.3
 29.4 -8.4
 28.9 -8.5
 29.0 -8.6
 29.0 -8.7
 28.7 -9.0
 28.5 -9.2
 28.4 -9.2
 28.4 -9.3
 28.5 -9.4
 28.6 -9.6
 28.7 -9.8
 28.6 -10.1
 28.6 -10.2
 28.7 -10.7
 28.6 -10.7
 28.5 -11.0
 28.5 -11.2
 28.4 -11.4
 28.4 -11.5
 28.5 -11.8
 28.8 -12.1
 29.0 -12.4
 29.2 -12.4
 29.5 -12.5
 29.5 -12.4
 29.5 -12.3
 29.5 -12.2
 29.8 -12.2
 29.8 -12.8
 29.8 -13.5
 29.7 -13.4
 29.6 -13.4
 29.7 -13.3
 29.6 -13.2
 29.2 -13.4
 29.1 -13.4
 29.0 -13.4
 29.0 -13.3
 28.9 -13.2
 28.8 -13.1
 28.8 -13.0
 28.7 -12.8
 28.6 -12.8
 28.6 -12.9
 28.5 -12.7
 28.4 -12.5
 28.2 -12.4
 28.0 -12.4
 28.0 -12.3
 27.9 -12.3
 27.8 -12.3
 27.7 -12.3
 27.5 -12.2
 27.5 -12.0
 27.2 -11.8
 27.2 -11.6
 27.1 -11.6
 27.0 -11.6
 27.0 -11.9
 26.9 -12.0
 26.7 -12.0
 26.5 -11.9
 26.0 -11.9
 25.9 -11.8
 25.8 -11.8
 25.6 -11.8
 25.5 -11.8
 25.5 -11.7
 25.4 -11.6
 25.3 -11.4
 25.3 -11.2
 24.8 -11.3
 24.7 -11.3
 24.5 -11.5
 24.4 -11.5
 24.4 -11.4
 24.3 -11.4
 24.4 -11.4
 24.4 -11.3
 24.4 -11.1
 24.3 -11.1
 24.1 -11.0
 24.1 -10.9
 24.0 -10.9
 

24.0 -10.9
 24.1 -11.4
 24.0 -11.5
 24.0 -11.8
 24.0 -12.2
 24.0 -12.3
 24.1 -12.4
 23.9 -12.7
 23.9 -12.8
 24.0 -13.0
 23.3 -13.0
 22.6 -13.0
 22.0 -13.0
 22.0 -13.3
 22.0 -14.5
 22.0 -16.2
 22.1 -16.2
 22.1 -16.5
 22.2 -16.6
 23.2 -17.5
 23.5 -17.6
 24.2 -17.5
 24.8 -17.5
 25.0 -17.6
 25.1 -17.7
 25.3 -17.8
 25.4 -17.9
 25.6 -17.8
 25.7 -17.8
 25.9 -17.9
 25.9 -18.0
 26.0 -18.0
 26.2 -17.9
 26.3 -17.9
 26.5 -18.0
 26.7 -18.1
 27.0 -18.0
 27.2 -17.7
 27.4 -17.5
 27.3 -17.5
 27.3 -17.4
 27.5 -17.3
 27.4 -17.3
 27.6 -17.2
 27.6 -17.1
 27.7 -17.1
 27.7 -17.0
 27.7 -16.9
 27.9 -16.9
 27.8 -16.9
 27.8 -16.8
 27.9 -16.8
 28.0 -16.9
 28.1 -16.8
 28.2 -16.7
 28.2 -16.6
 28.3 -16.7
 28.3 -16.6
 28.3 -16.5
 28.4 -16.6
 28.5 -16.5
 28.5 -16.6
 28.6 -16.5
 28.7 -16.5
 28.8 -16.5
 28.9 -16.4
 28.9 -16.1
 28.9 -16.0
 29.1 -15.9
 29.3 -15.7
 29.8 -15.6
 30.4 -15.7
 30.4 -15.6
 30.4 -15.5
 30.4 -15.3
 30.3 -15.3
 30.2 -15.0
 30.8 -14.8
 31.4 -14.6
 31.6 -14.6
 32.1 -14.4
 33.2 -14.0
 33.2 -13.9
 33.0 -14.1
 33.0 -14.0
 32.9 -13.8
 32.8 -13.8
 32.8 -13.7
 32.8 -13.6
 32.7 -13.6
 32.8 -13.5
 33.0 -13.2
 33.0 -13.0
 33.0 -12.9
 33.0 -12.8
 33.0 -12.6
 33.1 -12.6
 33.2 -12.6
 33.3 -12.5
 33.4 -12.5
 33.5 -12.4
 33.5 -12.3
 33.4 -12.3
 33.3 -12.3
 33.3 -12.1
 33.3 -11.8
 33.3 -11.6
 33.2 -11.6
 33.4 -11.3
 33.4 -11.2
 33.3 -10.9
 33.4 -10.8
 33.5 -10.8
 33.7 -10.6
 33.7 -10.5
 33.6 -10.4
 33.6 -10.2
 33.3 -10.1
 33.4 -9.9
 33.4 -9.8
 33.2 -9.7
 33.2 -9.6
 33.1 -9.6
 33.1 -9.7
 33.0 -9.6
 33.0 -9.5
 32.9 -9.4
 32.8 -9.4
 32.7 -9.3
 32.5 -9.3
 32.5 -9.2
 32.0 -9.0
 32.0 -9.1
 31.9 -9.0
 32.0 -8.9
 31.8 -8.9
 31.7 -8.9
 31.6 -8.8
 31.6 -8.7
 31.4 -8.6
 31.3 -8.6
 31.2 -8.6
 31.2 -8.7
 31.1 -8.7
 31.1 -8.8
 31.0 -8.8
 30.8 -8.6
 30.7 -8.5
 30.6 -8.5
 30.6 -8.6
 30.5 -8.6
 30.6 -8.5
 30.5 -8.5
 30.4 -8.5
 30.5 -8.4
 30.6 -8.3
 30.6 -8.2
 30.1 -8.3
 29.4 -8.4
 28.9 -8.5
 29.0 -8.6
 29.0 -8.7
 28.7 -9.0
 28.5 -9.2
 28.4 -9.2
 28.4 -9.3
 28.5 -9.4
 28.6 -9.6
 28.7 -9.8
 28.6 -10.1
 28.6 -10.2
 28.7 -10.7
 28.6 -10.7
 28.5 -11.0
 28.5 -11.2
 28.4 -11.4
 28.4 -11.5
 28.5 -11.8
 28.8 -12.1
 29.0 -12.4
 29.2 -12.4
 29.5 -12.5
 29.5 -12.4
 29.5 -12.3
 29.5 -12.2
 29.8 -12.2
 29.8 -12.8
 29.8 -13.5
 29.7 -13.4
 29.6 -13.4
 29.7 -13.3
 29.6 -13.2
 29.2 -13.4
 29.1 -13.4
 29.0 -13.4
 29.0 -13.3
 28.9 -13.2
 28.8 -13.1
 28.8 -13.0
 28.7 -12.8
 28.6 -12.8
 28.6 -12.9
 28.5 -12.7
 28.4 -12.5
 28.2 -12.4
 28.0 -12.4
 28.0 -12.3
 27.9 -12.3
 27.8 -12.3
 27.7 -12.3
 27.5 -12.2
 27.5 -12.0
 27.2 -11.8
 27.2 -11.6
 27.1 -11.6
 27.0 -11.6
 27.0 -11.9
 26.9 -12.0
 26.7 -12.0
 26.5 -11.9
 26.0 -11.9
 25.9 -11.8
 25.8 -11.8
 25.6 -11.8
 25.5 -11.8
 25.5 -11.7
 25.4 -11.6
 25.3 -11.4
 25.3 -11.2
 24.8 -11.3
 24.7 -11.3
 24.5 -11.5
 24.4 -11.5
 24.4 -11.4
 24.3 -11.4
 24.4 -11.4
 24.4 -11.3
 24.4 -11.1
 24.3 -11.1
 24.1 -11.0
 24.1 -10.9
 24.0 -10.9
 

