25.3 -17.8
 25.2 -17.9
 25.3 -18.1
 25.4 -18.1
 25.7 -18.5
 25.8 -18.7
 25.8 -18.8
 26.0 -18.9
 26.0 -19.1
 26.2 -19.5
 26.3 -19.6
 26.3 -19.7
 26.4 -19.7
 26.6 -19.8
 26.6 -19.9
 27.0 -20.0
 27.2 -20.1
 27.3 -20.3
 27.3 -20.5
 27.4 -20.5
 27.7 -20.5
 27.7 -20.6
 27.7 -20.8
 27.7 -21.1
 27.9 -21.3
 28.0 -21.6
 28.2 -21.6
 28.4 -21.6
 28.5 -21.7
 28.6 -21.6
 29.1 -21.8
 29.0 -21.9
 29.0 -22.0
 29.1 -22.0
 29.2 -22.1
 29.3 -22.1
 29.4 -22.2
 29.5 -22.2
 29.8 -22.1
 30.1 -22.3
 30.2 -22.3
 30.3 -22.3
 30.9 -22.3
 31.2 -22.3
 31.3 -22.4
 31.4 -22.4
 32.4 -21.3
 32.5 -21.3
 32.4 -21.1
 32.5 -20.9
 32.5 -20.7
 32.5 -20.6
 32.6 -20.6
 32.7 -20.6
 32.9 -20.1
 33.0 -20.0
 33.0 -19.8
 33.1 -19.8
 33.0 -19.7
 33.0 -19.6
 32.9 -19.7
 32.8 -19.7
 32.9 -19.5
 32.8 -19.5
 32.8 -19.4
 32.9 -19.3
 32.8 -19.0
 32.7 -19.0
 32.7 -18.9
 32.7 -18.8
 32.8 -18.8
 32.9 -18.8
 32.9 -18.7
 32.9 -18.5
 33.0 -18.5
 33.0 -18.4
 33.1 -18.3
 33.0 -18.2
 33.0 -18.1
 32.9 -18.0
 33.0 -17.9
 33.0 -17.8
 33.0 -17.7
 33.0 -17.6
 33.0 -17.5
 33.0 -17.3
 33.0 -17.1
 32.8 -16.9
 32.9 -16.8
 33.0 -16.7
 32.8 -16.7
 32.7 -16.7
 32.7 -16.6
 32.2 -16.4
 32.1 -16.4
 31.9 -16.4
 31.8 -16.2
 31.4 -16.2
 31.3 -16.0
 31.1 -16.0
 31.0 -16.1
 30.9 -16.0
 30.4 -16.0
 30.4 -15.6
 30.4 -15.7
 29.8 -15.6
 29.3 -15.7
 29.1 -15.9
 28.9 -16.0
 28.9 -16.1
 28.9 -16.4
 28.8 -16.5
 28.9 -16.6
 28.8 -16.6
 28.9 -16.6
 29.0 -16.6
 28.9 -16.6
 29.0 -16.6
 28.9 -16.7
 28.8 -16.7
 28.9 -16.8
 28.7 -16.8
 28.7 -16.7
 28.6 -16.7
 28.4 -16.8
 28.5 -16.9
 28.4 -16.8
 28.3 -16.8
 28.1 -16.8
 28.1 -16.9
 28.0 -17.0
 28.1 -17.0
 28.0 -17.1
 27.9 -17.1
 27.7 -17.2
 27.7 -17.3
 27.6 -17.4
 27.6 -17.5
 27.5 -17.5
 27.4 -17.6
 27.2 -17.7
 27.1 -17.8
 27.1 -17.9
 27.0 -18.0
 26.7 -18.1
 26.5 -18.0
 26.3 -17.9
 26.2 -17.9
 26.0 -18.0
 25.9 -18.0
 25.9 -17.9
 25.7 -17.8
 25.6 -17.8
 25.4 -17.9
 25.3 -17.8
 

25.3 -17.8
 25.2 -17.9
 25.3 -18.1
 25.4 -18.1
 25.7 -18.5
 25.8 -18.7
 25.8 -18.8
 26.0 -18.9
 26.0 -19.1
 26.2 -19.5
 26.3 -19.6
 26.3 -19.7
 26.4 -19.7
 26.6 -19.8
 26.6 -19.9
 27.0 -20.0
 27.2 -20.1
 27.3 -20.3
 27.3 -20.5
 27.4 -20.5
 27.7 -20.5
 27.7 -20.6
 27.7 -20.8
 27.7 -21.1
 27.9 -21.3
 28.0 -21.6
 28.2 -21.6
 28.4 -21.6
 28.5 -21.7
 28.6 -21.6
 29.1 -21.8
 29.0 -21.9
 29.0 -22.0
 29.1 -22.0
 29.2 -22.1
 29.3 -22.1
 29.4 -22.2
 29.5 -22.2
 29.8 -22.1
 30.1 -22.3
 30.2 -22.3
 30.3 -22.3
 30.9 -22.3
 31.2 -22.3
 31.3 -22.4
 31.4 -22.4
 32.4 -21.3
 32.5 -21.3
 32.4 -21.1
 32.5 -20.9
 32.5 -20.7
 32.5 -20.6
 32.6 -20.6
 32.7 -20.6
 32.9 -20.1
 33.0 -20.0
 33.0 -19.8
 33.1 -19.8
 33.0 -19.7
 33.0 -19.6
 32.9 -19.7
 32.8 -19.7
 32.9 -19.5
 32.8 -19.5
 32.8 -19.4
 32.9 -19.3
 32.8 -19.0
 32.7 -19.0
 32.7 -18.9
 32.7 -18.8
 32.8 -18.8
 32.9 -18.8
 32.9 -18.7
 32.9 -18.5
 33.0 -18.5
 33.0 -18.4
 33.1 -18.3
 33.0 -18.2
 33.0 -18.1
 32.9 -18.0
 33.0 -17.9
 33.0 -17.8
 33.0 -17.7
 33.0 -17.6
 33.0 -17.5
 33.0 -17.3
 33.0 -17.1
 32.8 -16.9
 32.9 -16.8
 33.0 -16.7
 32.8 -16.7
 32.7 -16.7
 32.7 -16.6
 32.2 -16.4
 32.1 -16.4
 31.9 -16.4
 31.8 -16.2
 31.4 -16.2
 31.3 -16.0
 31.1 -16.0
 31.0 -16.1
 30.9 -16.0
 30.4 -16.0
 30.4 -15.6
 30.4 -15.7
 29.8 -15.6
 29.3 -15.7
 29.1 -15.9
 28.9 -16.0
 28.9 -16.1
 28.9 -16.4
 28.8 -16.5
 28.9 -16.6
 28.8 -16.6
 28.9 -16.6
 29.0 -16.6
 28.9 -16.6
 29.0 -16.6
 28.9 -16.7
 28.8 -16.7
 28.9 -16.8
 28.7 -16.8
 28.7 -16.7
 28.6 -16.7
 28.4 -16.8
 28.5 -16.9
 28.4 -16.8
 28.3 -16.8
 28.1 -16.8
 28.1 -16.9
 28.0 -17.0
 28.1 -17.0
 28.0 -17.1
 27.9 -17.1
 27.7 -17.2
 27.7 -17.3
 27.6 -17.4
 27.6 -17.5
 27.5 -17.5
 27.4 -17.6
 27.2 -17.7
 27.1 -17.8
 27.1 -17.9
 27.0 -18.0
 26.7 -18.1
 26.5 -18.0
 26.3 -17.9
 26.2 -17.9
 26.0 -18.0
 25.9 -18.0
 25.9 -17.9
 25.7 -17.8
 25.6 -17.8
 25.4 -17.9
 25.3 -17.8
 

