50.8 24.7
 50.8 24.3
 51.5 23.6
 52.1 22.5
 55.5 22.1
 55.7 22.3
 55.7 23.8
 56.0 24.2
 56.0 25.0
 56.4 25.0
 56.4 25.2
 56.4 25.5
 56.3 25.6
 56.2 25.6
 56.1 25.7
 56.2 26.0
 56.2 26.1
 56.1 26.1
 55.9 25.8
 56.0 25.8
 55.8 25.7
 55.7 25.6
 55.6 25.5
 55.5 25.5
 55.6 25.6
 55.3 25.3
 55.3 25.2
 55.3 25.3
 55.0 25.0
 54.8 24.8
 54.7 24.8
 54.7 24.7
 54.6 24.6
 54.6 24.5
 54.5 24.5
 54.6 24.5
 54.6 24.4
 54.5 24.4
 54.4 24.3
 54.3 24.2
 54.2 24.2
 54.2 24.3
 54.1 24.3
 54.2 24.2
 54.1 24.1
 53.8 24.1
 53.5 24.1
 53.3 24.1
 53.2 24.2
 53.1 24.2
 53.2 24.1
 52.7 24.1
 52.6 24.2
 52.5 24.1
 52.3 24.0
 52.1 24.0
 52.0 24.0
 51.9 24.0
 51.8 24.0
 51.8 24.1
 51.8 24.3
 51.7 24.3
 51.7 24.2
 51.6 24.2
 51.6 24.3
 51.6 24.4
 51.6 24.3
 51.5 24.3
 51.3 24.3
 51.3 24.4
 51.5 24.6
 51.4 24.6
 51.3 24.5
 51.3 24.6
 51.2 24.6
 51.1 24.6
 51.0 24.6
 50.8 24.8
 50.8 24.7
 

50.8 24.7
 50.8 24.3
 51.5 23.6
 52.1 22.5
 55.5 22.1
 55.7 22.3
 55.7 23.8
 56.0 24.2
 56.0 25.0
 56.4 25.0
 56.4 25.2
 56.4 25.5
 56.3 25.6
 56.2 25.6
 56.1 25.7
 56.2 26.0
 56.2 26.1
 56.1 26.1
 55.9 25.8
 56.0 25.8
 55.8 25.7
 55.7 25.6
 55.6 25.5
 55.5 25.5
 55.6 25.6
 55.3 25.3
 55.3 25.2
 55.3 25.3
 55.0 25.0
 54.8 24.8
 54.7 24.8
 54.7 24.7
 54.6 24.6
 54.6 24.5
 54.5 24.5
 54.6 24.5
 54.6 24.4
 54.5 24.4
 54.4 24.3
 54.3 24.2
 54.2 24.2
 54.2 24.3
 54.1 24.3
 54.2 24.2
 54.1 24.1
 53.8 24.1
 53.5 24.1
 53.3 24.1
 53.2 24.2
 53.1 24.2
 53.2 24.1
 52.7 24.1
 52.6 24.2
 52.5 24.1
 52.3 24.0
 52.1 24.0
 52.0 24.0
 51.9 24.0
 51.8 24.0
 51.8 24.1
 51.8 24.3
 51.7 24.3
 51.7 24.2
 51.6 24.2
 51.6 24.3
 51.6 24.4
 51.6 24.3
 51.5 24.3
 51.3 24.3
 51.3 24.4
 51.5 24.6
 51.4 24.6
 51.3 24.5
 51.3 24.6
 51.2 24.6
 51.1 24.6
 51.0 24.6
 50.8 24.8
 50.8 24.7
 

