61.3 35.6
 61.3 35.5
 61.2 35.5
 61.2 35.3
 61.1 35.3
 61.1 35.2
 61.1 34.8
 60.9 34.6
 60.7 34.5
 60.8 34.5
 60.9 34.3
 60.7 34.3
 60.5 34.2
 60.5 34.0
 60.6 33.8
 60.5 33.7
 60.6 33.6
 60.9 33.6
 60.9 33.5
 60.9 33.4
 60.6 33.2
 60.6 33.1
 60.7 32.6
 60.9 32.2
 60.8 31.9
 60.8 31.5
 61.6 31.4
 61.7 31.4
 61.8 31.3
 61.8 31.2
 61.8 31.0
 61.8 30.9
 61.8 30.8
 61.3 30.3
 60.9 29.9
 61.0 29.8
 61.7 29.6
 62.5 29.4
 62.8 29.4
 63.6 29.5
 64.1 29.4
 64.2 29.5
 64.3 29.5
 64.7 29.6
 65.0 29.5
 65.4 29.6
 66.3 29.9
 66.4 30.0
 66.2 30.1
 66.3 30.1
 66.4 30.5
 66.3 30.6
 66.4 30.9
 66.6 31.0
 66.7 31.1
 66.7 31.2
 66.9 31.3
 67.0 31.3
 67.1 31.3
 67.0 31.3
 67.1 31.2
 67.3 31.2
 67.8 31.3
 67.8 31.4
 67.6 31.4
 67.6 31.5
 67.7 31.5
 67.9 31.6
 68.0 31.6
 68.2 31.8
 68.5 31.7
 68.6 31.8
 68.4 31.8
 68.5 31.8
 68.7 31.8
 68.7 31.7
 68.8 31.6
 69.0 31.6
 69.3 31.9
 69.3 32.1
 69.3 32.2
 69.2 32.4
 69.3 32.5
 69.4 32.6
 69.5 32.7
 69.4 32.8
 69.5 32.9
 69.5 33.0
 69.6 33.1
 69.8 33.1
 69.9 33.1
 70.0 33.1
 70.1 33.2
 70.3 33.3
 70.3 33.4
 70.2 33.5
 70.2 33.6
 70.1 33.7
 70.0 33.8
 69.9 33.9
 69.9 34.0
 70.5 33.9
 70.9 34.0
 71.0 34.0
 71.1 34.2
 71.2 34.4
 71.1 34.4
 71.0 34.5
 71.0 34.6
 71.1 34.6
 71.1 34.7
 71.2 34.7
 71.3 34.9
 71.5 35.0
 71.5 35.1
 71.6 35.1
 71.7 35.2
 71.6 35.3
 71.5 35.3
 71.6 35.4
 71.6 35.5
 71.6 35.6
 71.5 35.6
 71.5 35.7
 71.4 35.9
 71.3 36.0
 71.2 36.0
 71.2 36.1
 71.6 36.3
 71.6 36.4
 71.6 36.5
 71.8 36.4
 71.8 36.5
 72.1 36.6
 72.2 36.7
 72.5 36.8
 73.1 36.9
 73.8 36.9
 74.0 36.8
 74.1 36.8
 74.2 36.9
 74.3 36.9
 74.3 37.0
 74.5 37.0
 74.6 37.0
 74.4 37.1
 74.4 37.2
 74.5 37.2
 74.7 37.2
 74.7 37.3
 74.8 37.3
 74.8 37.2
 74.9 37.2
 74.7 37.4
 74.4 37.4
 73.8 37.2
 73.6 37.2
 73.6 37.3
 73.8 37.3
 73.8 37.4
 73.3 37.5
 73.2 37.4
 73.1 37.3
 72.8 37.2
 72.7 37.0
 72.3 37.0
 72.0 36.8
 71.8 36.7
 71.7 36.7
 71.6 36.7
 71.4 37.1
 71.4 37.2
 71.5 37.3
 71.5 37.8
 71.6 37.8
 71.6 37.9
 71.5 37.9
 71.4 37.9
 71.3 37.9
 71.3 38.0
 71.4 38.2
 71.1 38.4
 70.9 38.5
 70.7 38.4
 70.6 38.3
 70.5 38.2
 70.4 38.1
 70.2 37.9
 70.3 37.7
 70.3 37.6
 70.1 37.5
 70.0 37.6
 69.9 37.6
 69.5 37.6
 69.4 37.5
 69.4 37.3
 69.5 37.2
 69.3 37.1
 69.2 37.1
 69.0 37.3
 68.9 37.3
 68.8 37.3
 68.8 37.2
 68.7 37.2
 68.5 37.2
 68.4 37.1
 68.3 37.1
 68.3 37.0
 68.0 36.9
 67.9 37.0
 67.9 37.1
 67.8 37.1
 67.8 37.2
 67.6 37.2
 67.5 37.3
 67.4 37.2
 67.3 37.2
 67.2 37.2
 67.0 37.4
 66.7 37.4
 66.7 37.3
 66.6 37.4
 66.5 37.4
 66.3 37.3
 65.8 37.6
 65.8 37.5
 65.7 37.5
 65.6 37.5
 65.6 37.3
 65.5 37.2
 65.1 37.2
 64.8 37.1
 64.8 36.9
 64.6 36.6
 64.6 36.5
 64.6 36.4
 64.5 36.2
 64.3 36.2
 64.2 36.2
 64.1 36.1
 64.1 36.0
 63.9 36.0
 63.6 36.0
 63.5 35.9
 63.3 35.9
 63.1 35.9
 63.1 35.8
 63.2 35.7
 63.1 35.6
 63.1 35.5
 62.6 35.2
 62.5 35.3
 62.3 35.1
 62.3 35.3
 62.1 35.4
 62.0 35.5
 61.8 35.4
 61.6 35.5
 61.5 35.5
 61.4 35.6
 61.3 35.6
 

61.3 35.6
 61.3 35.5
 61.2 35.5
 61.2 35.3
 61.1 35.3
 61.1 35.2
 61.1 34.8
 60.9 34.6
 60.7 34.5
 60.8 34.5
 60.9 34.3
 60.7 34.3
 60.5 34.2
 60.5 34.0
 60.6 33.8
 60.5 33.7
 60.6 33.6
 60.9 33.6
 60.9 33.5
 60.9 33.4
 60.6 33.2
 60.6 33.1
 60.7 32.6
 60.9 32.2
 60.8 31.9
 60.8 31.5
 61.6 31.4
 61.7 31.4
 61.8 31.3
 61.8 31.2
 61.8 31.0
 61.8 30.9
 61.8 30.8
 61.3 30.3
 60.9 29.9
 61.0 29.8
 61.7 29.6
 62.5 29.4
 62.8 29.4
 63.6 29.5
 64.1 29.4
 64.2 29.5
 64.3 29.5
 64.7 29.6
 65.0 29.5
 65.4 29.6
 66.3 29.9
 66.4 30.0
 66.2 30.1
 66.3 30.1
 66.4 30.5
 66.3 30.6
 66.4 30.9
 66.6 31.0
 66.7 31.1
 66.7 31.2
 66.9 31.3
 67.0 31.3
 67.1 31.3
 67.0 31.3
 67.1 31.2
 67.3 31.2
 67.8 31.3
 67.8 31.4
 67.6 31.4
 67.6 31.5
 67.7 31.5
 67.9 31.6
 68.0 31.6
 68.2 31.8
 68.5 31.7
 68.6 31.8
 68.4 31.8
 68.5 31.8
 68.7 31.8
 68.7 31.7
 68.8 31.6
 69.0 31.6
 69.3 31.9
 69.3 32.1
 69.3 32.2
 69.2 32.4
 69.3 32.5
 69.4 32.6
 69.5 32.7
 69.4 32.8
 69.5 32.9
 69.5 33.0
 69.6 33.1
 69.8 33.1
 69.9 33.1
 70.0 33.1
 70.1 33.2
 70.3 33.3
 70.3 33.4
 70.2 33.5
 70.2 33.6
 70.1 33.7
 70.0 33.8
 69.9 33.9
 69.9 34.0
 70.5 33.9
 70.9 34.0
 71.0 34.0
 71.1 34.2
 71.2 34.4
 71.1 34.4
 71.0 34.5
 71.0 34.6
 71.1 34.6
 71.1 34.7
 71.2 34.7
 71.3 34.9
 71.5 35.0
 71.5 35.1
 71.6 35.1
 71.7 35.2
 71.6 35.3
 71.5 35.3
 71.6 35.4
 71.6 35.5
 71.6 35.6
 71.5 35.6
 71.5 35.7
 71.4 35.9
 71.3 36.0
 71.2 36.0
 71.2 36.1
 71.6 36.3
 71.6 36.4
 71.6 36.5
 71.8 36.4
 71.8 36.5
 72.1 36.6
 72.2 36.7
 72.5 36.8
 73.1 36.9
 73.8 36.9
 74.0 36.8
 74.1 36.8
 74.2 36.9
 74.3 36.9
 74.3 37.0
 74.5 37.0
 74.6 37.0
 74.4 37.1
 74.4 37.2
 74.5 37.2
 74.7 37.2
 74.7 37.3
 74.8 37.3
 74.8 37.2
 74.9 37.2
 74.7 37.4
 74.4 37.4
 73.8 37.2
 73.6 37.2
 73.6 37.3
 73.8 37.3
 73.8 37.4
 73.3 37.5
 73.2 37.4
 73.1 37.3
 72.8 37.2
 72.7 37.0
 72.3 37.0
 72.0 36.8
 71.8 36.7
 71.7 36.7
 71.6 36.7
 71.4 37.1
 71.4 37.2
 71.5 37.3
 71.5 37.8
 71.6 37.8
 71.6 37.9
 71.5 37.9
 71.4 37.9
 71.3 37.9
 71.3 38.0
 71.4 38.2
 71.1 38.4
 70.9 38.5
 70.7 38.4
 70.6 38.3
 70.5 38.2
 70.4 38.1
 70.2 37.9
 70.3 37.7
 70.3 37.6
 70.1 37.5
 70.0 37.6
 69.9 37.6
 69.5 37.6
 69.4 37.5
 69.4 37.3
 69.5 37.2
 69.3 37.1
 69.2 37.1
 69.0 37.3
 68.9 37.3
 68.8 37.3
 68.8 37.2
 68.7 37.2
 68.5 37.2
 68.4 37.1
 68.3 37.1
 68.3 37.0
 68.0 36.9
 67.9 37.0
 67.9 37.1
 67.8 37.1
 67.8 37.2
 67.6 37.2
 67.5 37.3
 67.4 37.2
 67.3 37.2
 67.2 37.2
 67.0 37.4
 66.7 37.4
 66.7 37.3
 66.6 37.4
 66.5 37.4
 66.3 37.3
 65.8 37.6
 65.8 37.5
 65.7 37.5
 65.6 37.5
 65.6 37.3
 65.5 37.2
 65.1 37.2
 64.8 37.1
 64.8 36.9
 64.6 36.6
 64.6 36.5
 64.6 36.4
 64.5 36.2
 64.3 36.2
 64.2 36.2
 64.1 36.1
 64.1 36.0
 63.9 36.0
 63.6 36.0
 63.5 35.9
 63.3 35.9
 63.1 35.9
 63.1 35.8
 63.2 35.7
 63.1 35.6
 63.1 35.5
 62.6 35.2
 62.5 35.3
 62.3 35.1
 62.3 35.3
 62.1 35.4
 62.0 35.5
 61.8 35.4
 61.6 35.5
 61.5 35.5
 61.4 35.6
 61.3 35.6
 

