43.5 41.1
 43.5 41.0
 43.6 41.0
 43.7 40.8
 43.8 40.7
 43.6 40.4
 43.6 40.3
 43.7 40.2
 43.7 40.1
 44.0 40.0
 44.3 40.0
 44.5 39.9
 44.6 39.8
 44.8 39.7
 44.9 39.7
 45.1 39.8
 45.2 39.7
 45.2 39.6
 45.3 39.6
 45.3 39.5
 45.4 39.5
 45.5 39.5
 45.6 39.6
 45.7 39.6
 45.8 39.6
 45.8 39.5
 45.8 39.4
 45.9 39.3
 46.0 39.3
 46.0 39.2
 46.0 39.1
 46.1 38.9
 46.2 38.8
 46.4 38.9
 46.5 38.9
 46.5 39.0
 46.5 39.1
 46.4 39.2
 46.5 39.2
 46.6 39.2
 46.5 39.3
 46.4 39.4
 46.4 39.5
 46.5 39.5
 46.5 39.6
 46.4 39.6
 46.3 39.6
 46.2 39.6
 46.2 39.7
 46.1 39.7
 46.0 39.8
 45.9 39.8
 45.8 39.9
 45.6 40.0
 45.9 40.0
 45.9 40.1
 46.0 40.1
 46.0 40.2
 46.0 40.3
 45.9 40.3
 45.8 40.3
 45.7 40.4
 45.5 40.5
 45.5 40.6
 45.4 40.6
 45.4 40.7
 45.6 40.8
 45.6 40.9
 45.5 40.9
 45.4 41.0
 45.3 41.0
 45.2 41.0
 45.2 41.1
 45.1 41.1
 45.2 41.1
 45.1 41.2
 45.0 41.3
 44.8 41.3
 44.9 41.2
 44.7 41.2
 44.6 41.2
 44.5 41.2
 44.4 41.2
 44.3 41.2
 44.2 41.2
 44.1 41.2
 44.0 41.2
 43.9 41.2
 43.8 41.1
 43.6 41.1
 43.5 41.1
 

43.5 41.1
 43.5 41.0
 43.6 41.0
 43.7 40.8
 43.8 40.7
 43.6 40.4
 43.6 40.3
 43.7 40.2
 43.7 40.1
 44.0 40.0
 44.3 40.0
 44.5 39.9
 44.6 39.8
 44.8 39.7
 44.9 39.7
 45.1 39.8
 45.2 39.7
 45.2 39.6
 45.3 39.6
 45.3 39.5
 45.4 39.5
 45.5 39.5
 45.6 39.6
 45.7 39.6
 45.8 39.6
 45.8 39.5
 45.8 39.4
 45.9 39.3
 46.0 39.3
 46.0 39.2
 46.0 39.1
 46.1 38.9
 46.2 38.8
 46.4 38.9
 46.5 38.9
 46.5 39.0
 46.5 39.1
 46.4 39.2
 46.5 39.2
 46.6 39.2
 46.5 39.3
 46.4 39.4
 46.4 39.5
 46.5 39.5
 46.5 39.6
 46.4 39.6
 46.3 39.6
 46.2 39.6
 46.2 39.7
 46.1 39.7
 46.0 39.8
 45.9 39.8
 45.8 39.9
 45.6 40.0
 45.9 40.0
 45.9 40.1
 46.0 40.1
 46.0 40.2
 46.0 40.3
 45.9 40.3
 45.8 40.3
 45.7 40.4
 45.5 40.5
 45.5 40.6
 45.4 40.6
 45.4 40.7
 45.6 40.8
 45.6 40.9
 45.5 40.9
 45.4 41.0
 45.3 41.0
 45.2 41.0
 45.2 41.1
 45.1 41.1
 45.2 41.1
 45.1 41.2
 45.0 41.3
 44.8 41.3
 44.9 41.2
 44.7 41.2
 44.6 41.2
 44.5 41.2
 44.4 41.2
 44.3 41.2
 44.2 41.2
 44.1 41.2
 44.0 41.2
 43.9 41.2
 43.8 41.1
 43.6 41.1
 43.5 41.1
 

