48.6 41.8
 48.5 41.8
 48.5 41.7
 48.4 41.6
 48.2 41.5
 48.1 41.5
 48.0 41.4
 48.0 41.3
 47.9 41.3
 47.9 41.2
 47.8 41.2
 47.7 41.2
 47.6 41.2
 47.5 41.3
 47.4 41.3
 47.3 41.3
 47.3 41.4
 47.2 41.5
 47.2 41.6
 47.1 41.6
 47.0 41.6
 46.9 41.7
 46.8 41.8
 46.8 41.9
 46.7 41.8
 46.6 41.8
 46.6 41.9
 46.5 41.9
 46.4 41.8
 46.3 41.8
 46.2 41.8
 46.2 41.7
 46.2 41.6
 46.3 41.6
 46.3 41.5
 46.4 41.5
 46.5 41.4
 46.6 41.4
 46.6 41.3
 46.7 41.3
 46.7 41.2
 46.6 41.1
 46.5 41.1
 46.5 41.0
 46.5 41.1
 46.4 41.1
 46.2 41.2
 46.1 41.2
 46.0 41.2
 45.8 41.2
 45.7 41.3
 45.8 41.3
 45.5 41.4
 45.4 41.4
 45.3 41.5
 45.0 41.3
 45.1 41.2
 45.2 41.1
 45.1 41.1
 45.2 41.1
 45.2 41.0
 45.3 41.0
 45.4 41.0
 45.5 40.9
 45.6 40.9
 45.6 40.8
 45.4 40.7
 45.4 40.6
 45.5 40.6
 45.5 40.5
 45.7 40.4
 45.8 40.3
 45.9 40.3
 46.0 40.3
 46.0 40.2
 46.0 40.1
 45.9 40.1
 45.9 40.0
 45.6 40.0
 45.8 39.9
 45.9 39.8
 46.0 39.8
 46.1 39.7
 46.2 39.7
 46.2 39.6
 46.3 39.6
 46.4 39.6
 46.5 39.6
 46.5 39.5
 46.4 39.5
 46.4 39.4
 46.5 39.3
 46.6 39.2
 46.5 39.2
 46.4 39.2
 46.5 39.1
 46.5 39.0
 46.5 38.9
 46.8 39.2
 47.0 39.2
 47.1 39.3
 47.4 39.4
 47.5 39.5
 47.7 39.6
 47.8 39.7
 48.0 39.7
 48.3 39.4
 48.4 39.4
 48.2 39.3
 48.1 39.3
 48.1 39.2
 48.3 39.1
 48.3 39.0
 48.0 38.9
 48.1 38.8
 48.2 38.7
 48.3 38.6
 48.4 38.6
 48.6 38.4
 48.7 38.4
 48.9 38.4
 48.8 38.9
 48.9 38.9
 48.9 39.0
 48.9 39.1
 49.0 39.2
 49.1 39.2
 49.1 39.1
 49.1 39.0
 49.2 39.0
 49.3 39.3
 49.4 39.3
 49.4 39.4
 49.3 39.5
 49.3 39.6
 49.4 39.7
 49.4 39.8
 49.4 39.9
 49.5 40.0
 49.4 40.0
 49.6 40.2
 49.9 40.3
 49.9 40.4
 50.1 40.3
 50.2 40.3
 50.3 40.3
 50.4 40.2
 50.4 40.4
 50.2 40.5
 50.1 40.6
 50.0 40.6
 49.7 40.6
 49.6 40.6
 49.5 40.7
 49.5 40.8
 49.3 41.0
 49.2 41.2
 49.1 41.3
 48.8 41.7
 48.6 41.8
 

48.6 41.8
 48.5 41.8
 48.5 41.7
 48.4 41.6
 48.2 41.5
 48.1 41.5
 48.0 41.4
 48.0 41.3
 47.9 41.3
 47.9 41.2
 47.8 41.2
 47.7 41.2
 47.6 41.2
 47.5 41.3
 47.4 41.3
 47.3 41.3
 47.3 41.4
 47.2 41.5
 47.2 41.6
 47.1 41.6
 47.0 41.6
 46.9 41.7
 46.8 41.8
 46.8 41.9
 46.7 41.8
 46.6 41.8
 46.6 41.9
 46.5 41.9
 46.4 41.8
 46.3 41.8
 46.2 41.8
 46.2 41.7
 46.2 41.6
 46.3 41.6
 46.3 41.5
 46.4 41.5
 46.5 41.4
 46.6 41.4
 46.6 41.3
 46.7 41.3
 46.7 41.2
 46.6 41.1
 46.5 41.1
 46.5 41.0
 46.5 41.1
 46.4 41.1
 46.2 41.2
 46.1 41.2
 46.0 41.2
 45.8 41.2
 45.7 41.3
 45.8 41.3
 45.5 41.4
 45.4 41.4
 45.3 41.5
 45.0 41.3
 45.1 41.2
 45.2 41.1
 45.1 41.1
 45.2 41.1
 45.2 41.0
 45.3 41.0
 45.4 41.0
 45.5 40.9
 45.6 40.9
 45.6 40.8
 45.4 40.7
 45.4 40.6
 45.5 40.6
 45.5 40.5
 45.7 40.4
 45.8 40.3
 45.9 40.3
 46.0 40.3
 46.0 40.2
 46.0 40.1
 45.9 40.1
 45.9 40.0
 45.6 40.0
 45.8 39.9
 45.9 39.8
 46.0 39.8
 46.1 39.7
 46.2 39.7
 46.2 39.6
 46.3 39.6
 46.4 39.6
 46.5 39.6
 46.5 39.5
 46.4 39.5
 46.4 39.4
 46.5 39.3
 46.6 39.2
 46.5 39.2
 46.4 39.2
 46.5 39.1
 46.5 39.0
 46.5 38.9
 46.8 39.2
 47.0 39.2
 47.1 39.3
 47.4 39.4
 47.5 39.5
 47.7 39.6
 47.8 39.7
 48.0 39.7
 48.3 39.4
 48.4 39.4
 48.2 39.3
 48.1 39.3
 48.1 39.2
 48.3 39.1
 48.3 39.0
 48.0 38.9
 48.1 38.8
 48.2 38.7
 48.3 38.6
 48.4 38.6
 48.6 38.4
 48.7 38.4
 48.9 38.4
 48.8 38.9
 48.9 38.9
 48.9 39.0
 48.9 39.1
 49.0 39.2
 49.1 39.2
 49.1 39.1
 49.1 39.0
 49.2 39.0
 49.3 39.3
 49.4 39.3
 49.4 39.4
 49.3 39.5
 49.3 39.6
 49.4 39.7
 49.4 39.8
 49.4 39.9
 49.5 40.0
 49.4 40.0
 49.6 40.2
 49.9 40.3
 49.9 40.4
 50.1 40.3
 50.2 40.3
 50.3 40.3
 50.4 40.2
 50.4 40.4
 50.2 40.5
 50.1 40.6
 50.0 40.6
 49.7 40.6
 49.6 40.6
 49.5 40.7
 49.5 40.8
 49.3 41.0
 49.2 41.2
 49.1 41.3
 48.8 41.7
 48.6 41.8
 

