89.0 26.2
 88.9 26.3
 88.8 26.2
 88.8 26.3
 88.7 26.3
 88.7 26.4
 88.4 26.6
 88.3 26.5
 88.4 26.5
 88.5 26.5
 88.5 26.4
 88.4 26.3
 88.2 26.1
 88.2 26.0
 88.1 26.0
 88.1 25.9
 88.2 25.8
 88.3 25.8
 88.5 25.5
 88.7 25.5
 88.8 25.5
 88.8 25.4
 88.9 25.3
 89.0 25.3
 88.9 25.2
 88.6 25.2
 88.5 25.2
 88.4 25.0
 88.3 24.9
 88.2 24.9
 88.1 24.9
 88.2 24.9
 88.0 24.7
 88.1 24.6
 88.1 24.5
 88.6 24.3
 88.7 24.3
 88.7 24.2
 88.7 24.1
 88.7 23.9
 88.6 23.9
 88.6 23.8
 88.6 23.6
 88.8 23.5
 88.7 23.3
 88.7 23.2
 88.8 23.2
 89.0 23.2
 88.9 23.1
 88.9 23.0
 89.0 22.8
 88.9 22.6
 89.0 22.6
 89.0 22.5
 89.0 22.3
 89.1 22.1
 89.1 21.8
 89.2 21.8
 89.2 21.7
 89.2 21.6
 89.3 21.7
 89.3 21.8
 89.4 21.9
 89.3 22.0
 89.4 21.9
 89.4 21.8
 89.4 21.7
 89.5 21.8
 89.5 21.9
 89.5 22.1
 89.5 22.2
 89.5 22.3
 89.5 22.1
 89.5 22.0
 89.6 22.1
 89.6 22.3
 89.6 22.2
 89.6 22.1
 89.5 21.8
 89.6 21.7
 89.6 21.8
 89.7 21.8
 89.6 21.8
 89.6 21.9
 89.7 21.8
 89.8 21.8
 89.9 21.9
 89.9 22.0
 89.8 22.1
 89.9 22.1
 89.8 22.3
 89.9 22.4
 90.0 22.5
 90.0 22.6
 90.0 22.5
 89.9 22.3
 89.9 22.1
 89.9 22.0
 90.0 22.0
 90.0 22.1
 90.0 22.0
 90.2 22.2
 90.2 22.1
 90.1 22.0
 90.0 21.9
 90.1 21.8
 90.1 21.9
 90.1 21.8
 90.2 21.8
 90.3 21.8
 90.4 22.3
 90.4 22.2
 90.4 22.1
 90.6 22.2
 90.6 22.3
 90.6 22.5
 90.5 22.6
 90.5 22.7
 90.4 22.8
 90.5 22.9
 90.4 23.0
 90.5 23.1
 90.6 23.1
 90.6 23.2
 90.6 23.3
 90.3 23.4
 90.3 23.5
 90.6 23.4
 90.6 23.5
 90.6 23.6
 90.6 23.5
 90.7 23.5
 90.6 23.5
 90.6 23.4
 90.6 23.3
 90.7 23.3
 90.6 23.1
 90.8 22.8
 90.9 22.6
 91.0 22.6
 91.0 22.7
 91.1 22.6
 91.2 22.6
 91.3 22.6
 91.2 22.7
 91.3 22.7
 91.4 22.7
 91.5 22.8
 91.5 22.7
 91.7 22.5
 91.8 22.3
 91.9 22.1
 91.9 21.9
 91.9 21.8
 92.0 21.8
 91.9 21.7
 92.0 21.7
 92.0 21.6
 92.0 21.4
 92.1 21.2
 92.2 20.9
 92.3 20.7
 92.3 20.8
 92.3 20.9
 92.3 21.1
 92.2 21.2
 92.2 21.3
 92.4 21.5
 92.4 21.4
 92.5 21.4
 92.6 21.4
 92.6 21.3
 92.7 21.3
 92.6 21.4
 92.6 22.0
 92.6 22.1
 92.6 22.2
 92.5 22.7
 92.5 22.8
 92.5 22.9
 92.4 22.9
 92.3 23.2
 92.4 23.3
 92.3 23.5
 92.3 23.7
 92.2 23.7
 92.0 23.6
 92.0 23.7
 91.9 23.7
 92.0 23.5
 91.8 23.4
 91.8 23.3
 91.8 23.2
 91.8 23.1
 91.6 22.9
 91.5 23.0
 91.5 23.1
 91.4 23.3
 91.4 23.2
 91.4 23.1
 91.3 23.1
 91.3 23.4
 91.2 23.7
 91.3 24.0
 91.4 24.0
 91.4 24.1
 91.5 24.1
 91.6 24.1
 91.7 24.2
 91.7 24.1
 91.8 24.2
 91.9 24.2
 91.9 24.3
 92.0 24.3
 92.0 24.4
 92.1 24.4
 92.2 24.7
 92.2 24.9
 92.3 24.9
 92.4 24.9
 92.5 24.9
 92.4 25.0
 92.1 25.2
 92.0 25.2
 91.5 25.1
 91.3 25.2
 90.8 25.1
 90.8 25.2
 90.4 25.1
 90.3 25.2
 89.8 25.3
 89.8 25.4
 89.9 25.6
 89.8 25.7
 89.8 25.8
 89.9 25.9
 89.9 26.0
 89.7 26.2
 89.6 26.2
 89.6 26.1
 89.6 26.0
 89.5 26.0
 89.4 26.0
 89.1 26.1
 89.1 26.4
 89.0 26.4
 88.9 26.4
 89.0 26.3
 89.1 26.2
 89.0 26.2
 

89.0 26.2
 88.9 26.3
 88.8 26.2
 88.8 26.3
 88.7 26.3
 88.7 26.4
 88.4 26.6
 88.3 26.5
 88.4 26.5
 88.5 26.5
 88.5 26.4
 88.4 26.3
 88.2 26.1
 88.2 26.0
 88.1 26.0
 88.1 25.9
 88.2 25.8
 88.3 25.8
 88.5 25.5
 88.7 25.5
 88.8 25.5
 88.8 25.4
 88.9 25.3
 89.0 25.3
 88.9 25.2
 88.6 25.2
 88.5 25.2
 88.4 25.0
 88.3 24.9
 88.2 24.9
 88.1 24.9
 88.2 24.9
 88.0 24.7
 88.1 24.6
 88.1 24.5
 88.6 24.3
 88.7 24.3
 88.7 24.2
 88.7 24.1
 88.7 23.9
 88.6 23.9
 88.6 23.8
 88.6 23.6
 88.8 23.5
 88.7 23.3
 88.7 23.2
 88.8 23.2
 89.0 23.2
 88.9 23.1
 88.9 23.0
 89.0 22.8
 88.9 22.6
 89.0 22.6
 89.0 22.5
 89.0 22.3
 89.1 22.1
 89.1 21.8
 89.2 21.8
 89.2 21.7
 89.2 21.6
 89.3 21.7
 89.3 21.8
 89.4 21.9
 89.3 22.0
 89.4 21.9
 89.4 21.8
 89.4 21.7
 89.5 21.8
 89.5 21.9
 89.5 22.1
 89.5 22.2
 89.5 22.3
 89.5 22.1
 89.5 22.0
 89.6 22.1
 89.6 22.3
 89.6 22.2
 89.6 22.1
 89.5 21.8
 89.6 21.7
 89.6 21.8
 89.7 21.8
 89.6 21.8
 89.6 21.9
 89.7 21.8
 89.8 21.8
 89.9 21.9
 89.9 22.0
 89.8 22.1
 89.9 22.1
 89.8 22.3
 89.9 22.4
 90.0 22.5
 90.0 22.6
 90.0 22.5
 89.9 22.3
 89.9 22.1
 89.9 22.0
 90.0 22.0
 90.0 22.1
 90.0 22.0
 90.2 22.2
 90.2 22.1
 90.1 22.0
 90.0 21.9
 90.1 21.8
 90.1 21.9
 90.1 21.8
 90.2 21.8
 90.3 21.8
 90.4 22.3
 90.4 22.2
 90.4 22.1
 90.6 22.2
 90.6 22.3
 90.6 22.5
 90.5 22.6
 90.5 22.7
 90.4 22.8
 90.5 22.9
 90.4 23.0
 90.5 23.1
 90.6 23.1
 90.6 23.2
 90.6 23.3
 90.3 23.4
 90.3 23.5
 90.6 23.4
 90.6 23.5
 90.6 23.6
 90.6 23.5
 90.7 23.5
 90.6 23.5
 90.6 23.4
 90.6 23.3
 90.7 23.3
 90.6 23.1
 90.8 22.8
 90.9 22.6
 91.0 22.6
 91.0 22.7
 91.1 22.6
 91.2 22.6
 91.3 22.6
 91.2 22.7
 91.3 22.7
 91.4 22.7
 91.5 22.8
 91.5 22.7
 91.7 22.5
 91.8 22.3
 91.9 22.1
 91.9 21.9
 91.9 21.8
 92.0 21.8
 91.9 21.7
 92.0 21.7
 92.0 21.6
 92.0 21.4
 92.1 21.2
 92.2 20.9
 92.3 20.7
 92.3 20.8
 92.3 20.9
 92.3 21.1
 92.2 21.2
 92.2 21.3
 92.4 21.5
 92.4 21.4
 92.5 21.4
 92.6 21.4
 92.6 21.3
 92.7 21.3
 92.6 21.4
 92.6 22.0
 92.6 22.1
 92.6 22.2
 92.5 22.7
 92.5 22.8
 92.5 22.9
 92.4 22.9
 92.3 23.2
 92.4 23.3
 92.3 23.5
 92.3 23.7
 92.2 23.7
 92.0 23.6
 92.0 23.7
 91.9 23.7
 92.0 23.5
 91.8 23.4
 91.8 23.3
 91.8 23.2
 91.8 23.1
 91.6 22.9
 91.5 23.0
 91.5 23.1
 91.4 23.3
 91.4 23.2
 91.4 23.1
 91.3 23.1
 91.3 23.4
 91.2 23.7
 91.3 24.0
 91.4 24.0
 91.4 24.1
 91.5 24.1
 91.6 24.1
 91.7 24.2
 91.7 24.1
 91.8 24.2
 91.9 24.2
 91.9 24.3
 92.0 24.3
 92.0 24.4
 92.1 24.4
 92.2 24.7
 92.2 24.9
 92.3 24.9
 92.4 24.9
 92.5 24.9
 92.4 25.0
 92.1 25.2
 92.0 25.2
 91.5 25.1
 91.3 25.2
 90.8 25.1
 90.8 25.2
 90.4 25.1
 90.3 25.2
 89.8 25.3
 89.8 25.4
 89.9 25.6
 89.8 25.7
 89.8 25.8
 89.9 25.9
 89.9 26.0
 89.7 26.2
 89.6 26.2
 89.6 26.1
 89.6 26.0
 89.5 26.0
 89.4 26.0
 89.1 26.1
 89.1 26.4
 89.0 26.4
 88.9 26.4
 89.0 26.3
 89.1 26.2
 89.0 26.2
 

