88.9 27.3
 88.9 27.3
 88.8 27.3
 88.8 27.1
 88.9 27.1
 88.9 27.0
 89.1 26.8
 89.2 26.8
 89.4 26.9
 89.6 26.8
 89.6 26.7
 89.8 26.7
 90.0 26.7
 90.1 26.8
 90.3 26.9
 90.4 26.9
 90.7 26.8
 91.3 26.8
 91.4 26.8
 91.4 26.9
 91.5 26.9
 91.5 26.8
 91.7 26.8
 91.8 26.9
 91.9 26.9
 92.0 26.9
 92.1 26.9
 92.1 27.0
 92.0 27.1
 92.0 27.2
 92.1 27.3
 92.0 27.5
 91.8 27.4
 91.8 27.5
 91.6 27.5
 91.6 27.6
 91.6 27.7
 91.7 27.8
 91.7 27.9
 91.3 28.1
 91.1 28.0
 91.0 28.0
 90.9 28.1
 90.4 28.1
 90.4 28.2
 90.4 28.3
 90.0 28.3
 89.8 28.2
 89.6 28.1
 89.4 27.9
 89.2 27.8
 89.1 27.6
 89.0 27.5
 88.9 27.3
 

88.9 27.3
 88.9 27.3
 88.8 27.3
 88.8 27.1
 88.9 27.1
 88.9 27.0
 89.1 26.8
 89.2 26.8
 89.4 26.9
 89.6 26.8
 89.6 26.7
 89.8 26.7
 90.0 26.7
 90.1 26.8
 90.3 26.9
 90.4 26.9
 90.7 26.8
 91.3 26.8
 91.4 26.8
 91.4 26.9
 91.5 26.9
 91.5 26.8
 91.7 26.8
 91.8 26.9
 91.9 26.9
 92.0 26.9
 92.1 26.9
 92.1 27.0
 92.0 27.1
 92.0 27.2
 92.1 27.3
 92.0 27.5
 91.8 27.4
 91.8 27.5
 91.6 27.5
 91.6 27.6
 91.6 27.7
 91.7 27.8
 91.7 27.9
 91.3 28.1
 91.1 28.0
 91.0 28.0
 90.9 28.1
 90.4 28.1
 90.4 28.2
 90.4 28.3
 90.0 28.3
 89.8 28.2
 89.6 28.1
 89.4 27.9
 89.2 27.8
 89.1 27.6
 89.0 27.5
 88.9 27.3
 

