73.7 39.5
 73.7 39.5
 73.7 39.4
 73.6 39.2
 73.9 39.0
 73.8 38.9
 73.7 38.9
 73.8 38.7
 73.8 38.6
 74.0 38.5
 74.1 38.5
 74.1 38.6
 74.4 38.7
 74.6 38.6
 74.9 38.5
 74.9 38.4
 74.8 38.3
 74.8 38.1
 74.9 38.0
 74.9 37.9
 74.9 37.8
 75.0 37.8
 74.9 37.6
 75.2 37.4
 75.1 37.4
 75.1 37.3
 74.9 37.2
 74.8 37.2
 74.8 37.3
 74.7 37.3
 74.7 37.2
 74.5 37.2
 74.4 37.2
 74.4 37.1
 74.6 37.0
 74.7 37.1
 74.8 37.0
 74.9 36.9
 74.9 37.0
 75.1 37.0
 75.4 36.9
 75.4 36.7
 75.5 36.7
 75.6 36.8
 75.7 36.7
 75.9 36.6
 76.0 36.5
 76.0 36.2
 75.9 36.1
 76.0 36.0
 76.1 36.0
 76.2 35.8
 76.5 35.9
 76.6 35.9
 76.6 35.8
 76.9 35.6
 77.5 35.5
 77.7 35.5
 77.8 35.5
 77.9 35.5
 78.0 35.6
 78.1 35.5
 78.2 35.6
 78.6 35.8
 78.7 35.9
 78.8 35.9
 78.9 35.9
 79.3 36.0
 79.4 36.0
 79.5 35.9
 79.4 35.9
 79.5 35.9
 79.6 35.9
 79.7 35.8
 79.6 35.8
 79.7 35.7
 79.9 35.6
 80.0 35.6
 80.0 35.4
 80.1 35.4
 80.2 35.6
 80.3 35.5
 80.4 35.5
 80.4 35.4
 80.3 35.3
 80.3 35.2
 80.2 35.1
 80.2 34.9
 80.1 34.7
 80.0 34.7
 79.9 34.7
 79.8 34.6
 79.7 34.5
 79.8 34.5
 79.8 34.4
 79.7 34.4
 79.5 34.4
 79.6 34.2
 79.5 34.2
 79.5 34.1
 79.4 34.0
 79.0 34.0
 78.9 34.0
 78.9 33.9
 79.0 33.8
 79.0 33.6
 78.9 33.6
 78.9 33.4
 79.0 33.3
 79.1 33.3
 79.1 33.2
 79.4 33.2
 79.4 33.0
 79.4 32.9
 79.5 32.9
 79.5 32.8
 79.5 32.7
 79.4 32.5
 79.3 32.5
 79.1 32.5
 79.1 32.4
 78.9 32.4
 78.8 32.5
 78.8 32.6
 78.7 32.6
 78.6 32.6
 78.4 32.6
 78.4 32.5
 78.5 32.3
 78.5 32.2
 78.7 32.0
 78.8 32.0
 78.7 31.8
 78.7 31.7
 78.8 31.6
 78.7 31.5
 78.8 31.5
 78.8 31.3
 78.9 31.3
 78.9 31.4
 79.0 31.3
 79.0 31.4
 79.1 31.4
 79.2 31.3
 79.2 31.2
 79.6 30.9
 79.7 31.0
 79.9 30.9
 80.1 30.8
 80.2 30.7
 80.3 30.7
 80.2 30.7
 80.2 30.6
 80.3 30.6
 80.5 30.5
 80.6 30.5
 81.0 30.2
 81.1 30.0
 81.2 30.0
 81.3 30.1
 81.4 30.1
 81.4 30.3
 81.4 30.4
 81.5 30.3
 81.6 30.4
 82.1 30.3
 82.2 30.1
 82.6 29.9
 82.9 29.7
 83.0 29.7
 83.1 29.6
 83.2 29.6
 83.3 29.6
 83.3 29.5
 83.6 29.2
 83.7 29.2
 84.0 29.3
 84.2 29.2
 84.2 29.1
 84.3 29.0
 84.2 28.9
 84.8 28.6
 84.9 28.5
 85.1 28.6
 85.2 28.6
 85.2 28.5
 85.1 28.4
 85.1 28.3
 85.3 28.3
 85.5 28.3
 85.6 28.3
 85.7 28.3
 85.8 28.2
 85.9 28.1
 85.9 28.0
 86.0 28.0
 86.0 27.9
 86.1 27.9
 86.1 28.1
 86.2 28.2
 86.2 28.1
 86.2 28.0
 86.4 27.9
 86.5 28.0
 86.6 28.1
 86.7 28.1
 86.8 28.1
 86.8 28.0
 86.9 28.0
 87.0 28.0
 87.2 27.8
 87.4 27.9
 87.4 27.8
 87.5 27.8
 87.7 27.8
 87.8 27.8
 87.9 27.9
 88.1 27.9
 88.5 28.0
 88.6 28.1
 88.8 28.0
 88.9 27.8
 88.8 27.5
 88.8 27.4
 88.9 27.3
 89.0 27.5
 89.1 27.6
 89.2 27.8
 89.4 27.9
 89.6 28.1
 89.8 28.2
 90.0 28.3
 90.4 28.3
 90.4 28.2
 90.4 28.1
 90.9 28.1
 91.0 28.0
 91.1 28.0
 91.3 28.1
 91.7 27.9
 91.7 27.8
 92.0 27.7
 92.3 27.8
 92.3 27.9
 92.3 27.8
 92.4 27.8
 92.7 28.0
 92.7 28.1
 92.8 28.2
 93.1 28.4
 93.2 28.4
 93.2 28.6
 93.6 28.7
 93.7 28.7
 94.0 28.9
 94.0 29.0
 94.1 29.0
 94.3 29.1
 94.6 29.3
 94.7 29.3
 94.8 29.2
 94.9 29.2
 95.2 29.1
 95.3 29.0
 95.4 29.0
 95.5 29.1
 95.6 29.2
 96.1 29.5
 96.2 29.4
 96.2 29.3
 96.3 29.2
 96.4 29.3
 96.4 29.2
 96.1 29.1
 96.2 29.0
 96.1 28.9
 96.2 28.9
 96.3 28.9
 96.3 29.0
 96.5 29.1
 96.5 28.9
 96.6 28.8
 96.5 28.7
 96.4 28.6
 96.3 28.6
 96.4 28.5
 96.3 28.4
 96.4 28.4
 96.6 28.5
 96.7 28.4
 96.8 28.4
 97.0 28.3
 97.1 28.4
 97.2 28.3
 97.3 28.2
 97.4 28.3
 97.5 28.3
 97.5 28.5
 97.6 28.5
 97.7 28.5
 97.8 28.3
 97.9 28.4
 98.0 28.3
 98.0 28.2
 98.1 28.2
 98.2 28.1
 98.1 28.0
 98.2 27.9
 98.3 27.5
 98.4 27.5
 98.4 27.6
 98.4 27.7
 98.6 27.7
 98.6 27.6
 98.7 27.6
 98.7 27.4
 98.7 27.1
 98.8 27.1
 98.7 26.9
 98.8 26.6
 98.7 26.3
 98.7 26.2
 98.7 26.1
 98.6 26.1
 98.7 26.0
 98.7 25.9
 98.7 25.8
 98.6 25.8
 98.5 25.8
 98.4 25.7
 98.4 25.6
 98.3 25.6
 98.2 25.6
 98.1 25.3
 97.9 25.2
 97.9 25.3
 97.8 25.3
 97.7 25.1
 97.7 24.9
 97.8 24.9
 97.8 24.8
 97.6 24.8
 97.6 24.7
 97.5 24.4
 97.7 24.4
 97.7 24.3
 97.8 24.3
 97.7 24.2
 97.6 24.0
 97.5 24.0
 97.6 23.9
 98.0 24.1
 98.2 24.1
 98.6 24.1
 98.8 24.1
 98.9 24.2
 98.9 24.1
 98.8 24.0
 98.7 23.9
 98.7 23.8
 98.8 23.7
 98.9 23.6
 98.8 23.6
 98.8 23.5
 98.9 23.5
 98.9 23.4
 98.9 23.3
 98.9 23.2
 99.1 23.2
 99.1 23.1
 99.2 23.1
 99.4 23.1
 99.5 23.1
 99.6 22.9
 99.5 22.9
 99.4 22.9
 99.4 22.8
 99.3 22.7
 99.4 22.5
 99.3 22.4
 99.2 22.3
 99.2 22.2
 99.2 22.1
 99.4 22.1
 99.5 22.1
 99.6 22.1
 99.7 22.1
 99.7 22.0
 99.7 22.1
 99.8 22.0
 100.0 22.1
 100.0 21.8
 100.0 21.7
 100.1 21.7
 100.1 21.6
 100.2 21.5
 100.2 21.4
 100.4 21.5
 100.5 21.5
 100.6 21.5
 100.7 21.5
 100.9 21.7
 101.1 21.8
 101.2 21.6
 101.2 21.4
 101.3 21.4
 101.2 21.3
 101.3 21.2
 101.6 21.2
 101.7 21.1
 101.8 21.1
 101.9 21.2
 101.7 21.3
 101.8 21.6
 101.8 21.7
 101.8 21.8
 101.6 22.0
 101.6 22.3
 101.7 22.5
 101.8 22.5
 101.9 22.4
 102.0 22.4
 102.1 22.4
 102.2 22.4
 102.3 22.4
 102.3 22.5
 102.4 22.6
 102.4 22.7
 102.5 22.8
 102.6 22.7
 102.7 22.7
 102.9 22.6
 102.9 22.5
 103.0 22.4
 103.1 22.4
 103.1 22.5
 103.2 22.5
 103.2 22.6
 103.3 22.7
 103.3 22.8
 103.4 22.8
 103.5 22.6
 103.6 22.6
 103.6 22.7
 103.7 22.8
 103.9 22.6
 104.0 22.5
 104.0 22.7
 104.1 22.8
 104.3 22.8
 104.3 22.7
 104.4 22.7
 104.6 22.8
 104.7 22.8
 104.9 22.9
 104.8 23.1
 105.1 23.2
 105.2 23.3
 105.3 23.4
 105.5 23.2
 105.6 23.2
 105.6 23.1
 105.8 23.0
 105.9 22.9
 106.1 23.0
 106.2 23.0
 106.3 22.9
 106.6 22.9
 106.7 22.9
 106.8 22.8
 106.7 22.6
 106.6 22.6
 106.6 22.4
 106.6 22.3
 106.7 22.3
 106.7 22.1
 106.7 22.0
 107.0 21.9
 107.0 21.8
 107.2 21.7
 107.3 21.7
 107.4 21.6
 107.5 21.7
 107.5 21.6
 107.7 21.6
 107.8 21.7
 107.9 21.6
 108.0 21.5
 108.2 21.6
 108.2 21.5
 108.3 21.6
 108.3 21.7
 108.4 21.7
 108.5 21.7
 108.4 21.6
 108.5 21.6
 108.6 21.7
 108.5 21.7
 108.5 21.8
 108.5 21.9
 108.6 21.9
 108.6 21.8
 108.6 21.7
 108.6 21.8
 108.7 21.8
 108.6 21.7
 108.7 21.7
 108.7 21.6
 108.8 21.7
 108.8 21.8
 108.8 21.7
 108.8 21.8
 108.9 21.8
 108.9 21.6
 109.0 21.6
 109.1 21.6
 109.1 21.5
 109.0 21.5
 109.1 21.4
 109.3 21.4
 109.4 21.5
 109.6 21.6
 109.5 21.6
 109.5 21.7
 109.6 21.7
 109.6 21.6
 109.7 21.6
 109.7 21.5
 109.8 21.5
 109.7 21.6
 109.8 21.6
 109.8 21.5
 109.9 21.5
 110.0 21.5
 109.8 21.3
 109.8 21.2
 109.7 21.2
 109.7 21.1
 109.7 20.9
 109.7 20.8
 109.8 20.8
 109.8 20.7
 109.7 20.7
 109.7 20.6
 109.8 20.6
 109.8 20.5
 109.9 20.4
 110.0 20.4
 110.0 20.3
 109.9 20.4
 109.9 20.3
 109.9 20.2
 110.0 20.3
 110.1 20.2
 110.4 20.3
 110.5 20.4
 110.5 20.5
 110.5 20.6
 110.4 20.6
 110.3 20.7
 110.4 20.7
 110.4 20.8
 110.3 20.8
 110.2 20.8
 110.2 21.1
 110.2 21.0
 110.4 21.2
 110.3 21.3
 110.4 21.3
 110.4 21.4
 110.4 21.3
 110.4 21.2
 110.6 21.2
 110.6 21.3
 110.7 21.4
 110.8 21.4
 110.7 21.4
 110.6 21.3
 110.7 21.4
 110.8 21.4
 110.9 21.4
 111.0 21.4
 111.0 21.5
 111.1 21.5
 111.2 21.5
 111.3 21.5
 111.2 21.4
 111.3 21.5
 111.4 21.5
 111.4 21.6
 111.5 21.5
 111.6 21.5
 111.7 21.6
 111.8 21.6
 111.8 21.7
 111.7 21.8
 111.9 21.7
 111.8 21.7
 111.9 21.7
 112.0 21.8
 111.9 21.9
 112.0 21.8
 112.1 21.8
 112.2 21.8
 112.2 21.7
 112.3 21.7
 112.4 21.8
 112.4 22.0
 112.4 21.9
 112.5 22.0
 112.4 21.9
 112.4 21.8
 112.6 21.8
 112.7 21.9
 112.8 22.0
 112.9 21.9
 113.0 21.9
 113.0 22.1
 113.1 22.2
 113.1 22.1
 113.2 22.1
 113.2 22.0
 113.3 22.2
 113.4 22.2
 113.2 22.5
 113.2 22.6
 113.4 22.2
 113.5 22.2
 113.6 22.2
 113.6 22.4
 113.5 22.4
 113.6 22.5
 113.5 22.7
 113.4 22.8
 113.5 22.8
 113.4 22.9
 113.2 22.9
 113.5 22.9
 113.5 23.0
 113.5 23.1
 113.4 23.1
 113.5 23.1
 113.7 23.2
 113.8 23.1
 113.6 23.1
 113.5 23.0
 113.6 23.0
 113.6 22.9
 113.6 22.8
 113.7 22.7
 113.8 22.8
 113.9 22.5
 114.0 22.5
 113.9 22.4
 114.1 22.3
 114.2 22.3
 114.3 22.3
 114.3 22.4
 114.4 22.4
 114.3 22.5
 114.2 22.4
 114.3 22.5
 114.2 22.5
 114.4 22.6
 114.5 22.6
 114.5 22.4
 114.6 22.5
 114.5 22.6
 114.5 22.5
 114.5 22.6
 114.6 22.6
 114.5 22.7
 114.6 22.7
 114.8 22.8
 114.7 22.7
 114.7 22.6
 114.9 22.5
 115.0 22.7
 114.9 22.7
 114.9 22.8
 115.0 22.7
 115.0 22.8
 115.1 22.8
 115.3 22.9
 115.3 22.8
 115.2 22.8
 115.4 22.8
 115.4 22.7
 115.3 22.7
 115.6 22.6
 115.6 22.7
 115.5 22.7
 115.5 22.8
 115.6 22.9
 115.5 22.8
 115.5 22.9
 115.4 22.9
 115.5 22.9
 115.6 22.9
 115.7 22.9
 115.8 22.8
 115.8 22.7
 116.1 22.9
 116.1 22.8
 116.3 23.0
 116.3 22.9
 116.5 22.9
 116.5 23.0
 116.5 23.1
 116.6 23.2
 116.5 23.2
 116.6 23.2
 116.7 23.2
 116.8 23.2
 116.7 23.3
 116.6 23.3
 116.5 23.4
 116.7 23.4
 116.8 23.4
 116.9 23.5
 116.9 23.7
 116.9 23.6
 117.0 23.7
 117.1 23.6
 117.2 23.7
 117.2 23.6
 117.3 23.6
 117.3 23.7
 117.3 23.8
 117.4 23.8
 117.5 23.9
 117.4 23.9
 117.6 23.9
 117.6 23.7
 117.6 23.8
 117.6 23.9
 117.7 24.0
 117.8 24.0
 117.8 23.9
 117.9 24.0
 118.0 24.2
 118.1 24.3
 118.0 24.3
 118.0 24.4
 117.9 24.4
 117.8 24.5
 117.9 24.5
 118.0 24.5
 118.1 24.5
 118.0 24.6
 118.1 24.6
 118.2 24.7
 118.2 24.6
 118.2 24.5
 118.3 24.6
 118.4 24.6
 118.4 24.7
 118.4 24.6
 118.6 24.6
 118.6 24.5
 118.7 24.6
 118.6 24.7
 118.7 24.7
 118.8 24.7
 118.7 24.8
 118.6 24.8
 118.6 24.9
 118.7 24.9
 118.6 24.9
 118.7 24.9
 118.8 24.9
 118.9 24.9
 119.0 25.0
 119.0 24.9
 119.0 25.0
 118.9 25.1
 119.0 25.2
 118.9 25.2
 119.0 25.3
 119.0 25.2
 119.1 25.2
 119.1 25.1
 119.1 25.2
 119.2 25.2
 119.3 25.2
 119.3 25.3
 119.2 25.3
 119.2 25.4
 119.2 25.3
 119.1 25.4
 119.2 25.5
 119.3 25.6
 119.4 25.6
 119.3 25.5
 119.5 25.5
 119.4 25.4
 119.5 25.5
 119.5 25.4
 119.5 25.5
 119.6 25.4
 119.6 25.3
 119.6 25.4
 119.6 25.5
 119.5 25.6
 119.5 25.7
 119.6 25.7
 119.6 25.8
 119.6 25.9
 119.7 25.9
 119.7 26.0
 119.6 26.0
 119.5 26.0
 119.4 25.9
 119.2 26.0
 119.2 26.1
 119.1 26.1
 119.4 26.0
 119.6 26.1
 119.6 26.2
 119.7 26.2
 119.6 26.3
 119.8 26.3
 119.9 26.4
 119.8 26.4
 119.7 26.3
 119.6 26.4
 119.6 26.5
 119.7 26.4
 119.8 26.4
 119.8 26.5
 119.7 26.6
 119.6 26.6
 119.5 26.6
 119.6 26.7
 119.6 26.6
 119.6 26.7
 119.6 26.8
 119.7 26.7
 119.7 26.8
 119.8 26.7
 119.8 26.8
 119.8 26.7
 119.9 26.6
 119.9 26.7
 119.9 26.8
 120.1 26.8
 119.8 26.6
 119.8 26.5
 119.9 26.5
 120.1 26.6
 120.1 26.7
 120.0 26.8
 120.0 26.9
 120.1 26.9
 120.2 26.9
 120.2 27.0
 120.1 27.0
 120.3 27.0
 120.2 27.0
 120.2 27.1
 120.3 27.1
 120.2 27.1
 120.4 27.1
 120.4 27.2
 120.2 27.2
 120.2 27.3
 120.3 27.3
 120.3 27.2
 120.4 27.2
 120.5 27.2
 120.5 27.4
 120.6 27.4
 120.7 27.5
 120.6 27.5
 120.6 27.6
 120.7 27.7
 120.6 27.8
 120.7 27.7
 120.8 27.9
 120.9 27.9
 120.6 28.1
 120.7 28.0
 120.9 28.0
 121.0 28.0
 121.0 28.1
 121.1 28.2
 121.1 28.3
 121.2 28.4
 121.3 28.4
 121.2 28.3
 121.3 28.1
 121.4 28.2
 121.4 28.3
 121.5 28.3
 121.6 28.3
 121.7 28.3
 121.6 28.4
 121.6 28.5
 121.5 28.7
 121.4 28.7
 121.3 28.7
 121.2 28.8
 121.5 28.7
 121.6 28.7
 121.7 28.8
 121.5 28.9
 121.6 28.9
 121.7 28.9
 121.7 29.0
 121.6 29.1
 121.4 29.1
 121.4 29.2
 121.5 29.2
 121.5 29.3
 121.6 29.3
 121.6 29.2
 121.6 29.3
 121.7 29.3
 121.6 29.2
 121.7 29.2
 121.8 29.3
 121.8 29.2
 122.0 29.2
 122.0 29.3
 121.9 29.3
 121.9 29.4
 122.0 29.4
 121.9 29.5
 122.0 29.6
 121.9 29.6
 121.7 29.6
 121.7 29.5
 121.8 29.5
 121.7 29.5
 121.5 29.5
 121.4 29.4
 121.4 29.5
 121.5 29.5
 121.7 29.6
 122.0 29.8
 122.1 29.9
 121.9 29.9
 121.8 30.0
 121.7 30.0
 121.4 30.2
 121.3 30.3
 121.2 30.3
 120.7 30.1
 120.6 30.1
 120.7 30.1
 120.8 30.1
 120.6 30.1
 120.6 30.2
 120.5 30.3
 120.4 30.3
 120.4 30.2
 120.3 30.2
 120.2 30.3
 120.1 30.2
 120.2 30.3
 120.3 30.3
 120.4 30.4
 120.6 30.4
 120.7 30.4
 120.8 30.3
 120.9 30.4
 120.9 30.5
 121.0 30.6
 121.3 30.7
 121.4 30.8
 121.6 30.8
 121.8 30.9
 121.9 30.9
 121.9 31.0
 121.7 31.3
 121.6 31.3
 121.3 31.5
 121.2 31.6
 121.0 31.8
 120.8 31.8
 120.7 31.8
 120.8 31.9
 120.7 32.0
 120.4 32.0
 120.2 31.9
 120.0 31.9
 119.9 32.0
 119.9 32.1
 119.8 32.1
 119.8 32.2
 119.7 32.2
 119.6 32.2
 119.7 32.2
 119.7 32.3
 119.6 32.4
 119.8 32.3
 119.9 32.2
 119.9 32.1
 120.0 32.0
 120.2 31.9
 120.5 32.1
 120.6 32.1
 120.8 32.0
 121.0 31.8
 121.3 31.9
 121.6 31.8
 121.8 31.7
 121.9 31.7
 121.8 31.9
 121.6 32.1
 121.4 32.2
 121.4 32.4
 121.3 32.4
 120.8 32.6
 120.8 32.8
 120.9 32.8
 120.9 33.0
 120.8 33.0
 120.8 33.2
 120.7 33.2
 120.7 33.3
 120.6 33.5
 120.5 33.6
 120.5 33.7
 120.4 34.0
 120.3 34.3
 119.9 34.5
 119.6 34.6
 119.5 34.7
 119.4 34.7
 119.2 34.8
 119.2 34.7
 119.2 34.9
 119.2 35.1
 119.4 35.1
 119.4 35.3
 119.5 35.4
 119.6 35.6
 119.7 35.6
 119.8 35.7
 119.9 35.6
 119.9 35.7
 119.9 35.8
 120.0 35.7
 120.0 35.8
 120.0 35.9
 120.2 35.9
 120.3 36.0
 120.2 36.0
 120.1 36.1
 120.1 36.2
 120.2 36.2
 120.3 36.2
 120.3 36.3
 120.4 36.2
 120.3 36.1
 120.4 36.0
 120.7 36.1
 120.6 36.3
 120.7 36.3
 120.7 36.4
 120.7 36.5
 120.8 36.5
 120.8 36.4
 120.9 36.4
 120.9 36.5
 120.8 36.6
 120.8 36.5
 120.7 36.5
 120.7 36.6
 120.8 36.6
 121.0 36.6
 121.3 36.7
 121.4 36.8
 121.5 36.8
 121.4 36.8
 121.6 36.8
 121.5 36.8
 121.6 36.7
 121.6 36.8
 121.9 36.9
 121.9 37.0
 122.0 37.0
 122.0 36.9
 122.2 37.0
 122.2 36.9
 122.3 36.9
 122.2 36.9
 122.2 36.8
 122.3 36.8
 122.4 36.9
 122.5 36.9
 122.5 37.0
 122.4 37.0
 122.4 37.1
 122.5 37.2
 122.6 37.2
 122.5 37.3
 122.6 37.3
 122.7 37.4
 122.3 37.4
 122.2 37.5
 122.2 37.4
 122.1 37.5
 122.2 37.5
 122.1 37.6
 122.0 37.5
 122.0 37.4
 121.9 37.4
 122.0 37.5
 121.6 37.5
 121.7 37.4
 121.6 37.4
 121.4 37.6
 121.3 37.6
 121.2 37.6
 121.1 37.6
 121.1 37.7
 121.0 37.8
 120.9 37.8
 120.6 37.8
 120.3 37.7
 120.2 37.7
 120.3 37.7
 120.3 37.6
 120.1 37.4
 119.9 37.4
 119.9 37.3
 119.9 37.2
 119.8 37.2
 119.4 37.1
 119.0 37.3
 118.9 37.4
 119.0 37.6
 119.1 37.7
 119.0 37.8
 119.0 37.9
 118.9 38.1
 118.8 38.2
 118.8 38.1
 118.5 38.1
 118.4 38.1
 118.1 38.1
 117.8 38.3
 117.6 38.4
 117.5 38.6
 117.6 38.7
 117.7 39.0
 117.8 39.0
 117.7 39.1
 117.9 39.2
 118.1 39.2
 118.2 39.2
 118.3 39.0
 118.5 39.1
 118.6 39.2
 118.7 39.1
 119.0 39.2
 118.9 39.1
 119.0 39.2
 119.3 39.4
 119.2 39.6
 119.3 39.6
 119.3 39.7
 119.6 39.9
 120.2 40.1
 120.4 40.2
 120.5 40.2
 120.5 40.3
 120.6 40.4
 120.5 40.4
 120.6 40.4
 120.8 40.6
 120.8 40.7
 121.0 40.7
 120.9 40.7
 121.0 40.8
 121.2 40.9
 121.4 40.9
 121.5 40.9
 121.6 40.8
 121.8 40.9
 121.8 41.0
 121.9 41.0
 121.8 40.9
 121.9 40.8
 122.1 40.7
 122.2 40.7
 122.2 40.6
 122.3 40.5
 122.2 40.4
 121.8 40.0
 121.9 40.0
 121.8 39.9
 121.5 39.9
 121.5 39.8
 121.5 39.7
 121.5 39.6
 121.3 39.6
 121.2 39.5
 121.4 39.5
 121.5 39.4
 121.7 39.4
 121.8 39.4
 121.9 39.4
 121.7 39.3
 121.6 39.2
 121.7 39.1
 121.5 39.0
 121.4 39.0
 121.3 39.0
 121.2 38.9
 121.1 38.9
 121.2 38.9
 121.1 38.9
 121.1 38.7
 121.2 38.7
 121.2 38.8
 121.7 38.9
 121.6 38.9
 121.7 39.0
 121.8 39.0
 121.8 38.9
 121.9 38.9
 121.9 39.0
 121.8 39.0
 122.0 39.0
 122.0 39.1
 122.1 39.1
 122.0 39.1
 122.2 39.1
 122.1 39.2
 122.4 39.4
 122.6 39.4
 122.6 39.5
 122.8 39.6
 122.9 39.6
 123.0 39.6
 123.0 39.7
 123.3 39.7
 123.2 39.7
 123.3 39.7
 123.3 39.8
 123.4 39.8
 123.4 39.7
 123.5 39.7
 123.5 39.8
 123.6 39.8
 123.7 39.9
 123.7 39.8
 124.0 39.8
 124.2 39.9
 124.4 40.0
 124.4 40.1
 124.6 40.3
 124.9 40.5
 125.0 40.5
 125.3 40.6
 125.4 40.6
 125.6 40.8
 125.7 40.8
 125.6 40.8
 125.7 40.9
 125.9 40.9
 126.0 40.9
 126.1 41.0
 126.5 41.4
 126.6 41.5
 126.6 41.6
 126.7 41.7
 126.8 41.7
 126.9 41.8
 127.0 41.7
 127.2 41.6
 127.1 41.5
 127.2 41.5
 127.3 41.5
 127.5 41.5
 127.6 41.4
 127.7 41.4
 127.9 41.4
 128.0 41.4
 128.2 41.4
 128.3 41.5
 128.3 41.6
 128.2 41.7
 128.1 41.9
 128.1 42.0
 128.3 42.0
 128.4 42.0
 128.5 42.0
 128.6 42.0
 128.9 42.0
 129.0 42.1
 129.1 42.1
 129.2 42.2
 129.2 42.3
 129.4 42.4
 129.5 42.4
 129.6 42.4
 129.7 42.4
 129.7 42.5
 129.7 42.6
 129.8 42.6
 129.8 42.7
 129.9 43.0
 130.0 43.0
 130.1 43.0
 130.1 42.9
 130.3 42.9
 130.3 42.7
 130.4 42.6
 130.5 42.5
 130.5 42.6
 130.5 42.5
 130.6 42.4
 130.6 42.5
 130.6 42.6
 130.5 42.7
 130.4 42.7
 130.8 42.9
 130.9 42.9
 131.1 42.9
 131.1 43.0
 131.2 43.1
 131.2 43.2
 131.3 43.3
 131.3 43.4
 131.3 43.5
 131.2 43.5
 131.2 43.6
 131.2 44.0
 131.3 44.1
 131.1 44.7
 131.0 44.8
 131.1 44.9
 131.2 44.9
 131.3 45.0
 131.5 45.0
 131.7 45.1
 131.6 45.2
 131.7 45.2
 131.8 45.2
 131.8 45.3
 131.9 45.3
 132.0 45.3
 132.0 45.2
 132.8 45.1
 132.9 45.0
 133.0 45.1
 133.1 45.2
 133.1 45.3
 133.2 45.5
 133.5 45.6
 133.5 45.8
 133.7 45.9
 133.7 46.1
 133.8 46.2
 133.9 46.3
 133.9 46.4
 133.8 46.4
 133.8 46.5
 134.0 46.7
 134.0 46.8
 134.0 46.9
 134.1 47.0
 134.1 47.1
 134.2 47.1
 134.2 47.3
 134.3 47.4
 134.5 47.4
 134.7 47.6
 134.8 47.7
 134.6 48.0
 134.6 48.1
 134.7 48.1
 134.7 48.2
 134.7 48.3
 134.6 48.3
 134.6 48.4
 134.5 48.3
 134.4 48.4
 134.2 48.4
 133.6 48.2
 133.5 48.1
 133.2 48.1
 132.9 48.0
 132.8 47.9
 132.7 48.0
 132.7 47.9
 132.6 47.8
 132.5 47.7
 132.3 47.7
 131.6 47.7
 131.5 47.7
 131.4 47.7
 131.1 47.7
 131.0 47.7
 130.9 47.7
 130.9 47.8
 130.9 47.9
 130.7 48.0
 130.7 48.1
 130.8 48.3
 130.7 48.4
 130.8 48.5
 130.7 48.5
 130.6 48.5
 130.5 48.6
 130.7 48.9
 130.6 48.9
 130.2 48.9
 129.9 49.0
 129.9 49.1
 129.7 49.2
 129.7 49.3
 129.6 49.3
 129.5 49.3
 129.5 49.4
 129.4 49.4
 129.3 49.3
 129.2 49.4
 129.1 49.3
 129.1 49.4
 129.0 49.4
 128.8 49.5
 128.7 49.5
 128.8 49.6
 128.5 49.6
 128.3 49.5
 127.8 49.6
 127.7 49.7
 127.7 49.8
 127.5 49.8
 127.5 49.9
 127.5 50.0
 127.6 50.1
 127.6 50.2
 127.3 50.3
 127.4 50.4
 127.3 50.5
 127.4 50.6
 127.3 50.7
 126.9 51.1
 126.9 51.2
 127.0 51.3
 126.9 51.3
 126.9 51.2
 126.8 51.2
 126.8 51.3
 126.9 51.4
 126.8 51.4
 126.8 51.5
 126.7 51.6
 126.7 51.7
 126.5 51.9
 126.4 52.0
 126.5 52.1
 126.3 52.2
 126.4 52.3
 126.3 52.3
 126.3 52.4
 126.3 52.5
 126.2 52.5
 126.1 52.6
 126.0 52.6
 126.1 52.7
 126.0 52.7
 126.1 52.7
 126.1 52.8
 126.0 52.8
 125.8 52.9
 125.6 52.9
 125.7 52.9
 125.7 53.0
 125.6 53.1
 125.5 53.0
 125.2 53.2
 125.0 53.2
 124.9 53.2
 124.9 53.1
 124.7 53.1
 124.7 53.2
 124.5 53.2
 124.2 53.4
 124.1 53.3
 123.9 53.5
 123.3 53.6
 123.0 53.5
 122.2 53.5
 121.4 53.3
 120.9 53.3
 120.6 53.1
 120.3 52.9
 120.0 52.8
 120.0 52.6
 120.1 52.6
 120.2 52.6
 120.4 52.6
 120.7 52.5
 120.6 52.3
 120.7 52.3
 120.8 52.1
 120.7 52.0
 120.7 51.9
 120.6 51.9
 120.3 51.7
 120.1 51.7
 120.0 51.5
 120.0 51.4
 119.8 51.2
 119.6 50.9
 119.5 50.7
 119.3 50.6
 119.3 50.5
 119.1 50.4
 119.4 50.3
 119.3 50.1
 119.2 50.0
 119.1 50.0
 118.9 50.0
 118.6 49.9
 118.5 49.8
 118.4 49.8
 117.9 49.5
 117.8 49.5
 117.2 49.6
 116.7 49.8
 116.1 48.9
 116.1 48.8
 115.8 48.5
 115.8 48.3
 115.5 48.1
 115.6 47.9
 115.9 47.7
 116.0 47.7
 116.1 47.8
 116.3 47.9
 116.5 47.8
 116.9 47.9
 117.1 47.8
 117.3 47.7
 117.4 47.7
 117.5 47.8
 117.8 48.0
 118.0 48.0
 118.6 48.0
 118.8 47.8
 119.1 47.7
 119.1 47.5
 119.3 47.5
 119.3 47.4
 119.5 47.3
 119.6 47.2
 119.7 47.2
 119.8 47.0
 119.9 46.9
 119.9 46.7
 119.8 46.6
 119.7 46.6
 119.6 46.6
 119.4 46.6
 119.1 46.7
 119.0 46.8
 118.9 46.7
 118.9 46.8
 118.8 46.8
 118.8 46.7
 118.6 46.7
 118.3 46.7
 117.9 46.6
 117.8 46.5
 117.7 46.5
 117.6 46.6
 117.4 46.6
 117.4 46.4
 117.1 46.4
 116.8 46.4
 116.6 46.3
 116.4 46.1
 116.2 45.9
 116.3 45.8
 116.2 45.7
 116.0 45.7
 115.7 45.5
 114.9 45.4
 114.7 45.4
 114.5 45.4
 114.5 45.2
 114.1 44.9
 113.9 44.9
 113.6 44.7
 113.1 44.8
 112.6 44.9
 112.4 45.1
 112.0 45.1
 111.8 45.0
 111.6 44.7
 111.6 44.6
 111.4 44.4
 111.4 44.3
 111.6 44.2
 111.9 43.9
 112.0 43.8
 112.0 43.7
 111.8 43.7
 111.6 43.5
 111.4 43.5
 111.0 43.3
 110.7 43.1
 110.7 43.0
 110.5 42.8
 110.4 42.8
 110.1 42.7
 110.1 42.6
 109.9 42.6
 109.7 42.6
 109.5 42.5
 109.4 42.5
 109.3 42.4
 109.0 42.5
 108.8 42.4
 108.5 42.4
 107.6 42.4
 107.5 42.5
 107.3 42.4
 107.0 42.3
 106.8 42.3
 106.1 42.1
 105.5 41.8
 105.2 41.7
 105.0 41.6
 104.9 41.7
 104.5 41.7
 104.5 41.9
 104.1 41.8
 103.8 41.8
 103.4 41.9
 102.7 42.2
 102.4 42.2
 102.1 42.2
 101.8 42.5
 100.8 42.7
 100.3 42.7
 100.3 42.6
 100.0 42.6
 99.5 42.6
 98.5 42.6
 97.2 42.8
 96.4 42.7
 96.4 42.9
 95.9 43.3
 95.8 43.4
 95.5 44.0
 95.3 44.0
 95.4 44.2
 95.4 44.3
 95.0 44.3
 94.7 44.3
 94.6 44.5
 94.4 44.5
 94.3 44.6
 94.1 44.7
 93.5 45.0
 93.1 45.0
 92.4 45.0
 92.1 45.1
 91.7 45.1
 91.5 45.2
 91.4 45.1
 91.2 45.2
 91.1 45.2
 91.0 45.2
 90.9 45.2
 90.8 45.4
 90.7 45.5
 90.7 45.7
 91.0 46.0
 91.0 46.2
 90.9 46.3
 91.1 46.6
 91.0 46.7
 90.9 46.8
 91.0 46.9
 90.9 47.0
 90.8 47.0
 90.5 47.3
 90.5 47.5
 90.4 47.5
 90.4 47.6
 90.4 47.7
 90.1 47.7
 90.1 47.8
 90.1 47.9
 90.0 47.9
 89.9 47.8
 89.8 47.8
 89.7 47.9
 89.6 48.0
 89.5 48.0
 89.2 48.0
 89.1 48.0
 88.9 48.1
 88.8 48.1
 88.6 48.2
 88.6 48.4
 88.0 48.6
 88.1 48.7
 88.0 48.7
 87.9 48.8
 87.8 48.9
 87.9 49.0
 87.8 49.2
 87.4 49.1
 87.3 49.1
 86.9 49.1
 86.7 49.0
 86.7 48.9
 86.8 48.8
 86.8 48.7
 86.6 48.6
 86.6 48.5
 86.3 48.5
 86.2 48.4
 86.0 48.4
 85.8 48.4
 85.6 48.0
 85.5 47.9
 85.6 47.8
 85.6 47.5
 85.7 47.4
 85.7 47.2
 85.6 47.2
 85.5 47.1
 85.2 47.0
 85.0 46.9
 84.8 46.8
 84.7 46.8
 84.8 46.9
 84.8 47.0
 84.7 47.0
 84.0 47.0
 83.6 47.1
 83.2 47.2
 83.1 47.2
 83.0 47.2
 83.0 47.0
 82.9 46.8
 82.8 46.5
 82.6 46.2
 82.5 46.0
 82.3 45.6
 82.3 45.5
 82.4 45.5
 82.6 45.5
 82.6 45.4
 82.7 45.3
 82.6 45.2
 82.5 45.1
 82.3 45.2
 81.9 45.2
 81.8 45.2
 81.8 45.3
 81.7 45.4
 81.6 45.3
 80.9 45.1
 80.8 45.1
 80.1 45.0
 79.9 44.9
 80.0 44.8
 80.3 44.8
 80.5 44.7
 80.4 44.7
 80.4 44.6
 80.3 44.5
 80.4 44.4
 80.4 44.1
 80.4 44.0
 80.7 43.5
 80.7 43.4
 80.7 43.3
 80.8 43.3
 80.8 43.1
 80.6 43.1
 80.4 43.0
 80.6 42.9
 80.3 42.8
 80.2 42.6
 80.3 42.2
 80.3 42.1
 80.2 42.0
 80.0 42.0
 79.9 42.0
 79.8 41.9
 79.6 41.8
 79.3 41.8
 78.7 41.5
 78.6 41.5
 78.5 41.5
 78.4 41.4
 78.4 41.3
 78.2 41.1
 77.5 41.0
 77.0 41.0
 76.9 41.0
 76.8 40.9
 76.6 40.7
 76.6 40.6
 76.4 40.4
 76.3 40.4
 76.3 40.5
 76.2 40.4
 76.0 40.4
 75.9 40.3
 75.7 40.3
 75.7 40.4
 75.6 40.6
 75.3 40.5
 75.1 40.4
 74.9 40.5
 74.8 40.5
 74.8 40.4
 74.9 40.4
 74.9 40.3
 74.7 40.3
 74.5 40.2
 74.3 40.1
 74.2 40.1
 74.0 40.0
 73.9 39.8
 73.8 39.8
 74.0 39.6
 73.8 39.5
 73.7 39.5
 

73.7 39.5
 73.7 39.5
 73.7 39.4
 73.6 39.2
 73.9 39.0
 73.8 38.9
 73.7 38.9
 73.8 38.7
 73.8 38.6
 74.0 38.5
 74.1 38.5
 74.1 38.6
 74.4 38.7
 74.6 38.6
 74.9 38.5
 74.9 38.4
 74.8 38.3
 74.8 38.1
 74.9 38.0
 74.9 37.9
 74.9 37.8
 75.0 37.8
 74.9 37.6
 75.2 37.4
 75.1 37.4
 75.1 37.3
 74.9 37.2
 74.8 37.2
 74.8 37.3
 74.7 37.3
 74.7 37.2
 74.5 37.2
 74.4 37.2
 74.4 37.1
 74.6 37.0
 74.7 37.1
 74.8 37.0
 74.9 36.9
 74.9 37.0
 75.1 37.0
 75.4 36.9
 75.4 36.7
 75.5 36.7
 75.6 36.8
 75.7 36.7
 75.9 36.6
 76.0 36.5
 76.0 36.2
 75.9 36.1
 76.0 36.0
 76.1 36.0
 76.2 35.8
 76.5 35.9
 76.6 35.9
 76.6 35.8
 76.9 35.6
 77.5 35.5
 77.7 35.5
 77.8 35.5
 77.9 35.5
 78.0 35.6
 78.1 35.5
 78.2 35.6
 78.6 35.8
 78.7 35.9
 78.8 35.9
 78.9 35.9
 79.3 36.0
 79.4 36.0
 79.5 35.9
 79.4 35.9
 79.5 35.9
 79.6 35.9
 79.7 35.8
 79.6 35.8
 79.7 35.7
 79.9 35.6
 80.0 35.6
 80.0 35.4
 80.1 35.4
 80.2 35.6
 80.3 35.5
 80.4 35.5
 80.4 35.4
 80.3 35.3
 80.3 35.2
 80.2 35.1
 80.2 34.9
 80.1 34.7
 80.0 34.7
 79.9 34.7
 79.8 34.6
 79.7 34.5
 79.8 34.5
 79.8 34.4
 79.7 34.4
 79.5 34.4
 79.6 34.2
 79.5 34.2
 79.5 34.1
 79.4 34.0
 79.0 34.0
 78.9 34.0
 78.9 33.9
 79.0 33.8
 79.0 33.6
 78.9 33.6
 78.9 33.4
 79.0 33.3
 79.1 33.3
 79.1 33.2
 79.4 33.2
 79.4 33.0
 79.4 32.9
 79.5 32.9
 79.5 32.8
 79.5 32.7
 79.4 32.5
 79.3 32.5
 79.1 32.5
 79.1 32.4
 78.9 32.4
 78.8 32.5
 78.8 32.6
 78.7 32.6
 78.6 32.6
 78.4 32.6
 78.4 32.5
 78.5 32.3
 78.5 32.2
 78.7 32.0
 78.8 32.0
 78.7 31.8
 78.7 31.7
 78.8 31.6
 78.7 31.5
 78.8 31.5
 78.8 31.3
 78.9 31.3
 78.9 31.4
 79.0 31.3
 79.0 31.4
 79.1 31.4
 79.2 31.3
 79.2 31.2
 79.6 30.9
 79.7 31.0
 79.9 30.9
 80.1 30.8
 80.2 30.7
 80.3 30.7
 80.2 30.7
 80.2 30.6
 80.3 30.6
 80.5 30.5
 80.6 30.5
 81.0 30.2
 81.1 30.0
 81.2 30.0
 81.3 30.1
 81.4 30.1
 81.4 30.3
 81.4 30.4
 81.5 30.3
 81.6 30.4
 82.1 30.3
 82.2 30.1
 82.6 29.9
 82.9 29.7
 83.0 29.7
 83.1 29.6
 83.2 29.6
 83.3 29.6
 83.3 29.5
 83.6 29.2
 83.7 29.2
 84.0 29.3
 84.2 29.2
 84.2 29.1
 84.3 29.0
 84.2 28.9
 84.8 28.6
 84.9 28.5
 85.1 28.6
 85.2 28.6
 85.2 28.5
 85.1 28.4
 85.1 28.3
 85.3 28.3
 85.5 28.3
 85.6 28.3
 85.7 28.3
 85.8 28.2
 85.9 28.1
 85.9 28.0
 86.0 28.0
 86.0 27.9
 86.1 27.9
 86.1 28.1
 86.2 28.2
 86.2 28.1
 86.2 28.0
 86.4 27.9
 86.5 28.0
 86.6 28.1
 86.7 28.1
 86.8 28.1
 86.8 28.0
 86.9 28.0
 87.0 28.0
 87.2 27.8
 87.4 27.9
 87.4 27.8
 87.5 27.8
 87.7 27.8
 87.8 27.8
 87.9 27.9
 88.1 27.9
 88.5 28.0
 88.6 28.1
 88.8 28.0
 88.9 27.8
 88.8 27.5
 88.8 27.4
 88.9 27.3
 89.0 27.5
 89.1 27.6
 89.2 27.8
 89.4 27.9
 89.6 28.1
 89.8 28.2
 90.0 28.3
 90.4 28.3
 90.4 28.2
 90.4 28.1
 90.9 28.1
 91.0 28.0
 91.1 28.0
 91.3 28.1
 91.7 27.9
 91.7 27.8
 92.0 27.7
 92.3 27.8
 92.3 27.9
 92.3 27.8
 92.4 27.8
 92.7 28.0
 92.7 28.1
 92.8 28.2
 93.1 28.4
 93.2 28.4
 93.2 28.6
 93.6 28.7
 93.7 28.7
 94.0 28.9
 94.0 29.0
 94.1 29.0
 94.3 29.1
 94.6 29.3
 94.7 29.3
 94.8 29.2
 94.9 29.2
 95.2 29.1
 95.3 29.0
 95.4 29.0
 95.5 29.1
 95.6 29.2
 96.1 29.5
 96.2 29.4
 96.2 29.3
 96.3 29.2
 96.4 29.3
 96.4 29.2
 96.1 29.1
 96.2 29.0
 96.1 28.9
 96.2 28.9
 96.3 28.9
 96.3 29.0
 96.5 29.1
 96.5 28.9
 96.6 28.8
 96.5 28.7
 96.4 28.6
 96.3 28.6
 96.4 28.5
 96.3 28.4
 96.4 28.4
 96.6 28.5
 96.7 28.4
 96.8 28.4
 97.0 28.3
 97.1 28.4
 97.2 28.3
 97.3 28.2
 97.4 28.3
 97.5 28.3
 97.5 28.5
 97.6 28.5
 97.7 28.5
 97.8 28.3
 97.9 28.4
 98.0 28.3
 98.0 28.2
 98.1 28.2
 98.2 28.1
 98.1 28.0
 98.2 27.9
 98.3 27.5
 98.4 27.5
 98.4 27.6
 98.4 27.7
 98.6 27.7
 98.6 27.6
 98.7 27.6
 98.7 27.4
 98.7 27.1
 98.8 27.1
 98.7 26.9
 98.8 26.6
 98.7 26.3
 98.7 26.2
 98.7 26.1
 98.6 26.1
 98.7 26.0
 98.7 25.9
 98.7 25.8
 98.6 25.8
 98.5 25.8
 98.4 25.7
 98.4 25.6
 98.3 25.6
 98.2 25.6
 98.1 25.3
 97.9 25.2
 97.9 25.3
 97.8 25.3
 97.7 25.1
 97.7 24.9
 97.8 24.9
 97.8 24.8
 97.6 24.8
 97.6 24.7
 97.5 24.4
 97.7 24.4
 97.7 24.3
 97.8 24.3
 97.7 24.2
 97.6 24.0
 97.5 24.0
 97.6 23.9
 98.0 24.1
 98.2 24.1
 98.6 24.1
 98.8 24.1
 98.9 24.2
 98.9 24.1
 98.8 24.0
 98.7 23.9
 98.7 23.8
 98.8 23.7
 98.9 23.6
 98.8 23.6
 98.8 23.5
 98.9 23.5
 98.9 23.4
 98.9 23.3
 98.9 23.2
 99.1 23.2
 99.1 23.1
 99.2 23.1
 99.4 23.1
 99.5 23.1
 99.6 22.9
 99.5 22.9
 99.4 22.9
 99.4 22.8
 99.3 22.7
 99.4 22.5
 99.3 22.4
 99.2 22.3
 99.2 22.2
 99.2 22.1
 99.4 22.1
 99.5 22.1
 99.6 22.1
 99.7 22.1
 99.7 22.0
 99.7 22.1
 99.8 22.0
 100.0 22.1
 100.0 21.8
 100.0 21.7
 100.1 21.7
 100.1 21.6
 100.2 21.5
 100.2 21.4
 100.4 21.5
 100.5 21.5
 100.6 21.5
 100.7 21.5
 100.9 21.7
 101.1 21.8
 101.2 21.6
 101.2 21.4
 101.3 21.4
 101.2 21.3
 101.3 21.2
 101.6 21.2
 101.7 21.1
 101.8 21.1
 101.9 21.2
 101.7 21.3
 101.8 21.6
 101.8 21.7
 101.8 21.8
 101.6 22.0
 101.6 22.3
 101.7 22.5
 101.8 22.5
 101.9 22.4
 102.0 22.4
 102.1 22.4
 102.2 22.4
 102.3 22.4
 102.3 22.5
 102.4 22.6
 102.4 22.7
 102.5 22.8
 102.6 22.7
 102.7 22.7
 102.9 22.6
 102.9 22.5
 103.0 22.4
 103.1 22.4
 103.1 22.5
 103.2 22.5
 103.2 22.6
 103.3 22.7
 103.3 22.8
 103.4 22.8
 103.5 22.6
 103.6 22.6
 103.6 22.7
 103.7 22.8
 103.9 22.6
 104.0 22.5
 104.0 22.7
 104.1 22.8
 104.3 22.8
 104.3 22.7
 104.4 22.7
 104.6 22.8
 104.7 22.8
 104.9 22.9
 104.8 23.1
 105.1 23.2
 105.2 23.3
 105.3 23.4
 105.5 23.2
 105.6 23.2
 105.6 23.1
 105.8 23.0
 105.9 22.9
 106.1 23.0
 106.2 23.0
 106.3 22.9
 106.6 22.9
 106.7 22.9
 106.8 22.8
 106.7 22.6
 106.6 22.6
 106.6 22.4
 106.6 22.3
 106.7 22.3
 106.7 22.1
 106.7 22.0
 107.0 21.9
 107.0 21.8
 107.2 21.7
 107.3 21.7
 107.4 21.6
 107.5 21.7
 107.5 21.6
 107.7 21.6
 107.8 21.7
 107.9 21.6
 108.0 21.5
 108.2 21.6
 108.2 21.5
 108.3 21.6
 108.3 21.7
 108.4 21.7
 108.5 21.7
 108.4 21.6
 108.5 21.6
 108.6 21.7
 108.5 21.7
 108.5 21.8
 108.5 21.9
 108.6 21.9
 108.6 21.8
 108.6 21.7
 108.6 21.8
 108.7 21.8
 108.6 21.7
 108.7 21.7
 108.7 21.6
 108.8 21.7
 108.8 21.8
 108.8 21.7
 108.8 21.8
 108.9 21.8
 108.9 21.6
 109.0 21.6
 109.1 21.6
 109.1 21.5
 109.0 21.5
 109.1 21.4
 109.3 21.4
 109.4 21.5
 109.6 21.6
 109.5 21.6
 109.5 21.7
 109.6 21.7
 109.6 21.6
 109.7 21.6
 109.7 21.5
 109.8 21.5
 109.7 21.6
 109.8 21.6
 109.8 21.5
 109.9 21.5
 110.0 21.5
 109.8 21.3
 109.8 21.2
 109.7 21.2
 109.7 21.1
 109.7 20.9
 109.7 20.8
 109.8 20.8
 109.8 20.7
 109.7 20.7
 109.7 20.6
 109.8 20.6
 109.8 20.5
 109.9 20.4
 110.0 20.4
 110.0 20.3
 109.9 20.4
 109.9 20.3
 109.9 20.2
 110.0 20.3
 110.1 20.2
 110.4 20.3
 110.5 20.4
 110.5 20.5
 110.5 20.6
 110.4 20.6
 110.3 20.7
 110.4 20.7
 110.4 20.8
 110.3 20.8
 110.2 20.8
 110.2 21.1
 110.2 21.0
 110.4 21.2
 110.3 21.3
 110.4 21.3
 110.4 21.4
 110.4 21.3
 110.4 21.2
 110.6 21.2
 110.6 21.3
 110.7 21.4
 110.8 21.4
 110.7 21.4
 110.6 21.3
 110.7 21.4
 110.8 21.4
 110.9 21.4
 111.0 21.4
 111.0 21.5
 111.1 21.5
 111.2 21.5
 111.3 21.5
 111.2 21.4
 111.3 21.5
 111.4 21.5
 111.4 21.6
 111.5 21.5
 111.6 21.5
 111.7 21.6
 111.8 21.6
 111.8 21.7
 111.7 21.8
 111.9 21.7
 111.8 21.7
 111.9 21.7
 112.0 21.8
 111.9 21.9
 112.0 21.8
 112.1 21.8
 112.2 21.8
 112.2 21.7
 112.3 21.7
 112.4 21.8
 112.4 22.0
 112.4 21.9
 112.5 22.0
 112.4 21.9
 112.4 21.8
 112.6 21.8
 112.7 21.9
 112.8 22.0
 112.9 21.9
 113.0 21.9
 113.0 22.1
 113.1 22.2
 113.1 22.1
 113.2 22.1
 113.2 22.0
 113.3 22.2
 113.4 22.2
 113.2 22.5
 113.2 22.6
 113.4 22.2
 113.5 22.2
 113.6 22.2
 113.6 22.4
 113.5 22.4
 113.6 22.5
 113.5 22.7
 113.4 22.8
 113.5 22.8
 113.4 22.9
 113.2 22.9
 113.5 22.9
 113.5 23.0
 113.5 23.1
 113.4 23.1
 113.5 23.1
 113.7 23.2
 113.8 23.1
 113.6 23.1
 113.5 23.0
 113.6 23.0
 113.6 22.9
 113.6 22.8
 113.7 22.7
 113.8 22.8
 113.9 22.5
 114.0 22.5
 113.9 22.4
 114.1 22.3
 114.2 22.3
 114.3 22.3
 114.3 22.4
 114.4 22.4
 114.3 22.5
 114.2 22.4
 114.3 22.5
 114.2 22.5
 114.4 22.6
 114.5 22.6
 114.5 22.4
 114.6 22.5
 114.5 22.6
 114.5 22.5
 114.5 22.6
 114.6 22.6
 114.5 22.7
 114.6 22.7
 114.8 22.8
 114.7 22.7
 114.7 22.6
 114.9 22.5
 115.0 22.7
 114.9 22.7
 114.9 22.8
 115.0 22.7
 115.0 22.8
 115.1 22.8
 115.3 22.9
 115.3 22.8
 115.2 22.8
 115.4 22.8
 115.4 22.7
 115.3 22.7
 115.6 22.6
 115.6 22.7
 115.5 22.7
 115.5 22.8
 115.6 22.9
 115.5 22.8
 115.5 22.9
 115.4 22.9
 115.5 22.9
 115.6 22.9
 115.7 22.9
 115.8 22.8
 115.8 22.7
 116.1 22.9
 116.1 22.8
 116.3 23.0
 116.3 22.9
 116.5 22.9
 116.5 23.0
 116.5 23.1
 116.6 23.2
 116.5 23.2
 116.6 23.2
 116.7 23.2
 116.8 23.2
 116.7 23.3
 116.6 23.3
 116.5 23.4
 116.7 23.4
 116.8 23.4
 116.9 23.5
 116.9 23.7
 116.9 23.6
 117.0 23.7
 117.1 23.6
 117.2 23.7
 117.2 23.6
 117.3 23.6
 117.3 23.7
 117.3 23.8
 117.4 23.8
 117.5 23.9
 117.4 23.9
 117.6 23.9
 117.6 23.7
 117.6 23.8
 117.6 23.9
 117.7 24.0
 117.8 24.0
 117.8 23.9
 117.9 24.0
 118.0 24.2
 118.1 24.3
 118.0 24.3
 118.0 24.4
 117.9 24.4
 117.8 24.5
 117.9 24.5
 118.0 24.5
 118.1 24.5
 118.0 24.6
 118.1 24.6
 118.2 24.7
 118.2 24.6
 118.2 24.5
 118.3 24.6
 118.4 24.6
 118.4 24.7
 118.4 24.6
 118.6 24.6
 118.6 24.5
 118.7 24.6
 118.6 24.7
 118.7 24.7
 118.8 24.7
 118.7 24.8
 118.6 24.8
 118.6 24.9
 118.7 24.9
 118.6 24.9
 118.7 24.9
 118.8 24.9
 118.9 24.9
 119.0 25.0
 119.0 24.9
 119.0 25.0
 118.9 25.1
 119.0 25.2
 118.9 25.2
 119.0 25.3
 119.0 25.2
 119.1 25.2
 119.1 25.1
 119.1 25.2
 119.2 25.2
 119.3 25.2
 119.3 25.3
 119.2 25.3
 119.2 25.4
 119.2 25.3
 119.1 25.4
 119.2 25.5
 119.3 25.6
 119.4 25.6
 119.3 25.5
 119.5 25.5
 119.4 25.4
 119.5 25.5
 119.5 25.4
 119.5 25.5
 119.6 25.4
 119.6 25.3
 119.6 25.4
 119.6 25.5
 119.5 25.6
 119.5 25.7
 119.6 25.7
 119.6 25.8
 119.6 25.9
 119.7 25.9
 119.7 26.0
 119.6 26.0
 119.5 26.0
 119.4 25.9
 119.2 26.0
 119.2 26.1
 119.1 26.1
 119.4 26.0
 119.6 26.1
 119.6 26.2
 119.7 26.2
 119.6 26.3
 119.8 26.3
 119.9 26.4
 119.8 26.4
 119.7 26.3
 119.6 26.4
 119.6 26.5
 119.7 26.4
 119.8 26.4
 119.8 26.5
 119.7 26.6
 119.6 26.6
 119.5 26.6
 119.6 26.7
 119.6 26.6
 119.6 26.7
 119.6 26.8
 119.7 26.7
 119.7 26.8
 119.8 26.7
 119.8 26.8
 119.8 26.7
 119.9 26.6
 119.9 26.7
 119.9 26.8
 120.1 26.8
 119.8 26.6
 119.8 26.5
 119.9 26.5
 120.1 26.6
 120.1 26.7
 120.0 26.8
 120.0 26.9
 120.1 26.9
 120.2 26.9
 120.2 27.0
 120.1 27.0
 120.3 27.0
 120.2 27.0
 120.2 27.1
 120.3 27.1
 120.2 27.1
 120.4 27.1
 120.4 27.2
 120.2 27.2
 120.2 27.3
 120.3 27.3
 120.3 27.2
 120.4 27.2
 120.5 27.2
 120.5 27.4
 120.6 27.4
 120.7 27.5
 120.6 27.5
 120.6 27.6
 120.7 27.7
 120.6 27.8
 120.7 27.7
 120.8 27.9
 120.9 27.9
 120.6 28.1
 120.7 28.0
 120.9 28.0
 121.0 28.0
 121.0 28.1
 121.1 28.2
 121.1 28.3
 121.2 28.4
 121.3 28.4
 121.2 28.3
 121.3 28.1
 121.4 28.2
 121.4 28.3
 121.5 28.3
 121.6 28.3
 121.7 28.3
 121.6 28.4
 121.6 28.5
 121.5 28.7
 121.4 28.7
 121.3 28.7
 121.2 28.8
 121.5 28.7
 121.6 28.7
 121.7 28.8
 121.5 28.9
 121.6 28.9
 121.7 28.9
 121.7 29.0
 121.6 29.1
 121.4 29.1
 121.4 29.2
 121.5 29.2
 121.5 29.3
 121.6 29.3
 121.6 29.2
 121.6 29.3
 121.7 29.3
 121.6 29.2
 121.7 29.2
 121.8 29.3
 121.8 29.2
 122.0 29.2
 122.0 29.3
 121.9 29.3
 121.9 29.4
 122.0 29.4
 121.9 29.5
 122.0 29.6
 121.9 29.6
 121.7 29.6
 121.7 29.5
 121.8 29.5
 121.7 29.5
 121.5 29.5
 121.4 29.4
 121.4 29.5
 121.5 29.5
 121.7 29.6
 122.0 29.8
 122.1 29.9
 121.9 29.9
 121.8 30.0
 121.7 30.0
 121.4 30.2
 121.3 30.3
 121.2 30.3
 120.7 30.1
 120.6 30.1
 120.7 30.1
 120.8 30.1
 120.6 30.1
 120.6 30.2
 120.5 30.3
 120.4 30.3
 120.4 30.2
 120.3 30.2
 120.2 30.3
 120.1 30.2
 120.2 30.3
 120.3 30.3
 120.4 30.4
 120.6 30.4
 120.7 30.4
 120.8 30.3
 120.9 30.4
 120.9 30.5
 121.0 30.6
 121.3 30.7
 121.4 30.8
 121.6 30.8
 121.8 30.9
 121.9 30.9
 121.9 31.0
 121.7 31.3
 121.6 31.3
 121.3 31.5
 121.2 31.6
 121.0 31.8
 120.8 31.8
 120.7 31.8
 120.8 31.9
 120.7 32.0
 120.4 32.0
 120.2 31.9
 120.0 31.9
 119.9 32.0
 119.9 32.1
 119.8 32.1
 119.8 32.2
 119.7 32.2
 119.6 32.2
 119.7 32.2
 119.7 32.3
 119.6 32.4
 119.8 32.3
 119.9 32.2
 119.9 32.1
 120.0 32.0
 120.2 31.9
 120.5 32.1
 120.6 32.1
 120.8 32.0
 121.0 31.8
 121.3 31.9
 121.6 31.8
 121.8 31.7
 121.9 31.7
 121.8 31.9
 121.6 32.1
 121.4 32.2
 121.4 32.4
 121.3 32.4
 120.8 32.6
 120.8 32.8
 120.9 32.8
 120.9 33.0
 120.8 33.0
 120.8 33.2
 120.7 33.2
 120.7 33.3
 120.6 33.5
 120.5 33.6
 120.5 33.7
 120.4 34.0
 120.3 34.3
 119.9 34.5
 119.6 34.6
 119.5 34.7
 119.4 34.7
 119.2 34.8
 119.2 34.7
 119.2 34.9
 119.2 35.1
 119.4 35.1
 119.4 35.3
 119.5 35.4
 119.6 35.6
 119.7 35.6
 119.8 35.7
 119.9 35.6
 119.9 35.7
 119.9 35.8
 120.0 35.7
 120.0 35.8
 120.0 35.9
 120.2 35.9
 120.3 36.0
 120.2 36.0
 120.1 36.1
 120.1 36.2
 120.2 36.2
 120.3 36.2
 120.3 36.3
 120.4 36.2
 120.3 36.1
 120.4 36.0
 120.7 36.1
 120.6 36.3
 120.7 36.3
 120.7 36.4
 120.7 36.5
 120.8 36.5
 120.8 36.4
 120.9 36.4
 120.9 36.5
 120.8 36.6
 120.8 36.5
 120.7 36.5
 120.7 36.6
 120.8 36.6
 121.0 36.6
 121.3 36.7
 121.4 36.8
 121.5 36.8
 121.4 36.8
 121.6 36.8
 121.5 36.8
 121.6 36.7
 121.6 36.8
 121.9 36.9
 121.9 37.0
 122.0 37.0
 122.0 36.9
 122.2 37.0
 122.2 36.9
 122.3 36.9
 122.2 36.9
 122.2 36.8
 122.3 36.8
 122.4 36.9
 122.5 36.9
 122.5 37.0
 122.4 37.0
 122.4 37.1
 122.5 37.2
 122.6 37.2
 122.5 37.3
 122.6 37.3
 122.7 37.4
 122.3 37.4
 122.2 37.5
 122.2 37.4
 122.1 37.5
 122.2 37.5
 122.1 37.6
 122.0 37.5
 122.0 37.4
 121.9 37.4
 122.0 37.5
 121.6 37.5
 121.7 37.4
 121.6 37.4
 121.4 37.6
 121.3 37.6
 121.2 37.6
 121.1 37.6
 121.1 37.7
 121.0 37.8
 120.9 37.8
 120.6 37.8
 120.3 37.7
 120.2 37.7
 120.3 37.7
 120.3 37.6
 120.1 37.4
 119.9 37.4
 119.9 37.3
 119.9 37.2
 119.8 37.2
 119.4 37.1
 119.0 37.3
 118.9 37.4
 119.0 37.6
 119.1 37.7
 119.0 37.8
 119.0 37.9
 118.9 38.1
 118.8 38.2
 118.8 38.1
 118.5 38.1
 118.4 38.1
 118.1 38.1
 117.8 38.3
 117.6 38.4
 117.5 38.6
 117.6 38.7
 117.7 39.0
 117.8 39.0
 117.7 39.1
 117.9 39.2
 118.1 39.2
 118.2 39.2
 118.3 39.0
 118.5 39.1
 118.6 39.2
 118.7 39.1
 119.0 39.2
 118.9 39.1
 119.0 39.2
 119.3 39.4
 119.2 39.6
 119.3 39.6
 119.3 39.7
 119.6 39.9
 120.2 40.1
 120.4 40.2
 120.5 40.2
 120.5 40.3
 120.6 40.4
 120.5 40.4
 120.6 40.4
 120.8 40.6
 120.8 40.7
 121.0 40.7
 120.9 40.7
 121.0 40.8
 121.2 40.9
 121.4 40.9
 121.5 40.9
 121.6 40.8
 121.8 40.9
 121.8 41.0
 121.9 41.0
 121.8 40.9
 121.9 40.8
 122.1 40.7
 122.2 40.7
 122.2 40.6
 122.3 40.5
 122.2 40.4
 121.8 40.0
 121.9 40.0
 121.8 39.9
 121.5 39.9
 121.5 39.8
 121.5 39.7
 121.5 39.6
 121.3 39.6
 121.2 39.5
 121.4 39.5
 121.5 39.4
 121.7 39.4
 121.8 39.4
 121.9 39.4
 121.7 39.3
 121.6 39.2
 121.7 39.1
 121.5 39.0
 121.4 39.0
 121.3 39.0
 121.2 38.9
 121.1 38.9
 121.2 38.9
 121.1 38.9
 121.1 38.7
 121.2 38.7
 121.2 38.8
 121.7 38.9
 121.6 38.9
 121.7 39.0
 121.8 39.0
 121.8 38.9
 121.9 38.9
 121.9 39.0
 121.8 39.0
 122.0 39.0
 122.0 39.1
 122.1 39.1
 122.0 39.1
 122.2 39.1
 122.1 39.2
 122.4 39.4
 122.6 39.4
 122.6 39.5
 122.8 39.6
 122.9 39.6
 123.0 39.6
 123.0 39.7
 123.3 39.7
 123.2 39.7
 123.3 39.7
 123.3 39.8
 123.4 39.8
 123.4 39.7
 123.5 39.7
 123.5 39.8
 123.6 39.8
 123.7 39.9
 123.7 39.8
 124.0 39.8
 124.2 39.9
 124.4 40.0
 124.4 40.1
 124.6 40.3
 124.9 40.5
 125.0 40.5
 125.3 40.6
 125.4 40.6
 125.6 40.8
 125.7 40.8
 125.6 40.8
 125.7 40.9
 125.9 40.9
 126.0 40.9
 126.1 41.0
 126.5 41.4
 126.6 41.5
 126.6 41.6
 126.7 41.7
 126.8 41.7
 126.9 41.8
 127.0 41.7
 127.2 41.6
 127.1 41.5
 127.2 41.5
 127.3 41.5
 127.5 41.5
 127.6 41.4
 127.7 41.4
 127.9 41.4
 128.0 41.4
 128.2 41.4
 128.3 41.5
 128.3 41.6
 128.2 41.7
 128.1 41.9
 128.1 42.0
 128.3 42.0
 128.4 42.0
 128.5 42.0
 128.6 42.0
 128.9 42.0
 129.0 42.1
 129.1 42.1
 129.2 42.2
 129.2 42.3
 129.4 42.4
 129.5 42.4
 129.6 42.4
 129.7 42.4
 129.7 42.5
 129.7 42.6
 129.8 42.6
 129.8 42.7
 129.9 43.0
 130.0 43.0
 130.1 43.0
 130.1 42.9
 130.3 42.9
 130.3 42.7
 130.4 42.6
 130.5 42.5
 130.5 42.6
 130.5 42.5
 130.6 42.4
 130.6 42.5
 130.6 42.6
 130.5 42.7
 130.4 42.7
 130.8 42.9
 130.9 42.9
 131.1 42.9
 131.1 43.0
 131.2 43.1
 131.2 43.2
 131.3 43.3
 131.3 43.4
 131.3 43.5
 131.2 43.5
 131.2 43.6
 131.2 44.0
 131.3 44.1
 131.1 44.7
 131.0 44.8
 131.1 44.9
 131.2 44.9
 131.3 45.0
 131.5 45.0
 131.7 45.1
 131.6 45.2
 131.7 45.2
 131.8 45.2
 131.8 45.3
 131.9 45.3
 132.0 45.3
 132.0 45.2
 132.8 45.1
 132.9 45.0
 133.0 45.1
 133.1 45.2
 133.1 45.3
 133.2 45.5
 133.5 45.6
 133.5 45.8
 133.7 45.9
 133.7 46.1
 133.8 46.2
 133.9 46.3
 133.9 46.4
 133.8 46.4
 133.8 46.5
 134.0 46.7
 134.0 46.8
 134.0 46.9
 134.1 47.0
 134.1 47.1
 134.2 47.1
 134.2 47.3
 134.3 47.4
 134.5 47.4
 134.7 47.6
 134.8 47.7
 134.6 48.0
 134.6 48.1
 134.7 48.1
 134.7 48.2
 134.7 48.3
 134.6 48.3
 134.6 48.4
 134.5 48.3
 134.4 48.4
 134.2 48.4
 133.6 48.2
 133.5 48.1
 133.2 48.1
 132.9 48.0
 132.8 47.9
 132.7 48.0
 132.7 47.9
 132.6 47.8
 132.5 47.7
 132.3 47.7
 131.6 47.7
 131.5 47.7
 131.4 47.7
 131.1 47.7
 131.0 47.7
 130.9 47.7
 130.9 47.8
 130.9 47.9
 130.7 48.0
 130.7 48.1
 130.8 48.3
 130.7 48.4
 130.8 48.5
 130.7 48.5
 130.6 48.5
 130.5 48.6
 130.7 48.9
 130.6 48.9
 130.2 48.9
 129.9 49.0
 129.9 49.1
 129.7 49.2
 129.7 49.3
 129.6 49.3
 129.5 49.3
 129.5 49.4
 129.4 49.4
 129.3 49.3
 129.2 49.4
 129.1 49.3
 129.1 49.4
 129.0 49.4
 128.8 49.5
 128.7 49.5
 128.8 49.6
 128.5 49.6
 128.3 49.5
 127.8 49.6
 127.7 49.7
 127.7 49.8
 127.5 49.8
 127.5 49.9
 127.5 50.0
 127.6 50.1
 127.6 50.2
 127.3 50.3
 127.4 50.4
 127.3 50.5
 127.4 50.6
 127.3 50.7
 126.9 51.1
 126.9 51.2
 127.0 51.3
 126.9 51.3
 126.9 51.2
 126.8 51.2
 126.8 51.3
 126.9 51.4
 126.8 51.4
 126.8 51.5
 126.7 51.6
 126.7 51.7
 126.5 51.9
 126.4 52.0
 126.5 52.1
 126.3 52.2
 126.4 52.3
 126.3 52.3
 126.3 52.4
 126.3 52.5
 126.2 52.5
 126.1 52.6
 126.0 52.6
 126.1 52.7
 126.0 52.7
 126.1 52.7
 126.1 52.8
 126.0 52.8
 125.8 52.9
 125.6 52.9
 125.7 52.9
 125.7 53.0
 125.6 53.1
 125.5 53.0
 125.2 53.2
 125.0 53.2
 124.9 53.2
 124.9 53.1
 124.7 53.1
 124.7 53.2
 124.5 53.2
 124.2 53.4
 124.1 53.3
 123.9 53.5
 123.3 53.6
 123.0 53.5
 122.2 53.5
 121.4 53.3
 120.9 53.3
 120.6 53.1
 120.3 52.9
 120.0 52.8
 120.0 52.6
 120.1 52.6
 120.2 52.6
 120.4 52.6
 120.7 52.5
 120.6 52.3
 120.7 52.3
 120.8 52.1
 120.7 52.0
 120.7 51.9
 120.6 51.9
 120.3 51.7
 120.1 51.7
 120.0 51.5
 120.0 51.4
 119.8 51.2
 119.6 50.9
 119.5 50.7
 119.3 50.6
 119.3 50.5
 119.1 50.4
 119.4 50.3
 119.3 50.1
 119.2 50.0
 119.1 50.0
 118.9 50.0
 118.6 49.9
 118.5 49.8
 118.4 49.8
 117.9 49.5
 117.8 49.5
 117.2 49.6
 116.7 49.8
 116.1 48.9
 116.1 48.8
 115.8 48.5
 115.8 48.3
 115.5 48.1
 115.6 47.9
 115.9 47.7
 116.0 47.7
 116.1 47.8
 116.3 47.9
 116.5 47.8
 116.9 47.9
 117.1 47.8
 117.3 47.7
 117.4 47.7
 117.5 47.8
 117.8 48.0
 118.0 48.0
 118.6 48.0
 118.8 47.8
 119.1 47.7
 119.1 47.5
 119.3 47.5
 119.3 47.4
 119.5 47.3
 119.6 47.2
 119.7 47.2
 119.8 47.0
 119.9 46.9
 119.9 46.7
 119.8 46.6
 119.7 46.6
 119.6 46.6
 119.4 46.6
 119.1 46.7
 119.0 46.8
 118.9 46.7
 118.9 46.8
 118.8 46.8
 118.8 46.7
 118.6 46.7
 118.3 46.7
 117.9 46.6
 117.8 46.5
 117.7 46.5
 117.6 46.6
 117.4 46.6
 117.4 46.4
 117.1 46.4
 116.8 46.4
 116.6 46.3
 116.4 46.1
 116.2 45.9
 116.3 45.8
 116.2 45.7
 116.0 45.7
 115.7 45.5
 114.9 45.4
 114.7 45.4
 114.5 45.4
 114.5 45.2
 114.1 44.9
 113.9 44.9
 113.6 44.7
 113.1 44.8
 112.6 44.9
 112.4 45.1
 112.0 45.1
 111.8 45.0
 111.6 44.7
 111.6 44.6
 111.4 44.4
 111.4 44.3
 111.6 44.2
 111.9 43.9
 112.0 43.8
 112.0 43.7
 111.8 43.7
 111.6 43.5
 111.4 43.5
 111.0 43.3
 110.7 43.1
 110.7 43.0
 110.5 42.8
 110.4 42.8
 110.1 42.7
 110.1 42.6
 109.9 42.6
 109.7 42.6
 109.5 42.5
 109.4 42.5
 109.3 42.4
 109.0 42.5
 108.8 42.4
 108.5 42.4
 107.6 42.4
 107.5 42.5
 107.3 42.4
 107.0 42.3
 106.8 42.3
 106.1 42.1
 105.5 41.8
 105.2 41.7
 105.0 41.6
 104.9 41.7
 104.5 41.7
 104.5 41.9
 104.1 41.8
 103.8 41.8
 103.4 41.9
 102.7 42.2
 102.4 42.2
 102.1 42.2
 101.8 42.5
 100.8 42.7
 100.3 42.7
 100.3 42.6
 100.0 42.6
 99.5 42.6
 98.5 42.6
 97.2 42.8
 96.4 42.7
 96.4 42.9
 95.9 43.3
 95.8 43.4
 95.5 44.0
 95.3 44.0
 95.4 44.2
 95.4 44.3
 95.0 44.3
 94.7 44.3
 94.6 44.5
 94.4 44.5
 94.3 44.6
 94.1 44.7
 93.5 45.0
 93.1 45.0
 92.4 45.0
 92.1 45.1
 91.7 45.1
 91.5 45.2
 91.4 45.1
 91.2 45.2
 91.1 45.2
 91.0 45.2
 90.9 45.2
 90.8 45.4
 90.7 45.5
 90.7 45.7
 91.0 46.0
 91.0 46.2
 90.9 46.3
 91.1 46.6
 91.0 46.7
 90.9 46.8
 91.0 46.9
 90.9 47.0
 90.8 47.0
 90.5 47.3
 90.5 47.5
 90.4 47.5
 90.4 47.6
 90.4 47.7
 90.1 47.7
 90.1 47.8
 90.1 47.9
 90.0 47.9
 89.9 47.8
 89.8 47.8
 89.7 47.9
 89.6 48.0
 89.5 48.0
 89.2 48.0
 89.1 48.0
 88.9 48.1
 88.8 48.1
 88.6 48.2
 88.6 48.4
 88.0 48.6
 88.1 48.7
 88.0 48.7
 87.9 48.8
 87.8 48.9
 87.9 49.0
 87.8 49.2
 87.4 49.1
 87.3 49.1
 86.9 49.1
 86.7 49.0
 86.7 48.9
 86.8 48.8
 86.8 48.7
 86.6 48.6
 86.6 48.5
 86.3 48.5
 86.2 48.4
 86.0 48.4
 85.8 48.4
 85.6 48.0
 85.5 47.9
 85.6 47.8
 85.6 47.5
 85.7 47.4
 85.7 47.2
 85.6 47.2
 85.5 47.1
 85.2 47.0
 85.0 46.9
 84.8 46.8
 84.7 46.8
 84.8 46.9
 84.8 47.0
 84.7 47.0
 84.0 47.0
 83.6 47.1
 83.2 47.2
 83.1 47.2
 83.0 47.2
 83.0 47.0
 82.9 46.8
 82.8 46.5
 82.6 46.2
 82.5 46.0
 82.3 45.6
 82.3 45.5
 82.4 45.5
 82.6 45.5
 82.6 45.4
 82.7 45.3
 82.6 45.2
 82.5 45.1
 82.3 45.2
 81.9 45.2
 81.8 45.2
 81.8 45.3
 81.7 45.4
 81.6 45.3
 80.9 45.1
 80.8 45.1
 80.1 45.0
 79.9 44.9
 80.0 44.8
 80.3 44.8
 80.5 44.7
 80.4 44.7
 80.4 44.6
 80.3 44.5
 80.4 44.4
 80.4 44.1
 80.4 44.0
 80.7 43.5
 80.7 43.4
 80.7 43.3
 80.8 43.3
 80.8 43.1
 80.6 43.1
 80.4 43.0
 80.6 42.9
 80.3 42.8
 80.2 42.6
 80.3 42.2
 80.3 42.1
 80.2 42.0
 80.0 42.0
 79.9 42.0
 79.8 41.9
 79.6 41.8
 79.3 41.8
 78.7 41.5
 78.6 41.5
 78.5 41.5
 78.4 41.4
 78.4 41.3
 78.2 41.1
 77.5 41.0
 77.0 41.0
 76.9 41.0
 76.8 40.9
 76.6 40.7
 76.6 40.6
 76.4 40.4
 76.3 40.4
 76.3 40.5
 76.2 40.4
 76.0 40.4
 75.9 40.3
 75.7 40.3
 75.7 40.4
 75.6 40.6
 75.3 40.5
 75.1 40.4
 74.9 40.5
 74.8 40.5
 74.8 40.4
 74.9 40.4
 74.9 40.3
 74.7 40.3
 74.5 40.2
 74.3 40.1
 74.2 40.1
 74.0 40.0
 73.9 39.8
 73.8 39.8
 74.0 39.6
 73.8 39.5
 73.7 39.5
 

