40.0 43.4
 40.1 43.4
 40.2 43.3
 40.3 43.1
 40.4 43.2
 40.7 43.1
 40.8 43.1
 41.1 42.9
 41.2 42.8
 41.4 42.8
 41.4 42.7
 41.5 42.6
 41.6 42.4
 41.6 42.2
 41.7 42.1
 41.8 42.0
 41.7 41.7
 41.5 41.5
 41.8 41.4
 42.0 41.5
 42.4 41.5
 42.5 41.4
 42.6 41.6
 42.7 41.6
 42.8 41.6
 42.8 41.5
 42.9 41.5
 43.2 41.3
 43.1 41.3
 43.2 41.3
 43.2 41.2
 43.4 41.2
 43.5 41.1
 43.6 41.1
 43.8 41.1
 43.9 41.2
 44.0 41.2
 44.1 41.2
 44.2 41.2
 44.3 41.2
 44.4 41.2
 44.5 41.2
 44.6 41.2
 44.7 41.2
 44.9 41.2
 44.8 41.3
 45.0 41.3
 45.3 41.5
 45.4 41.4
 45.5 41.4
 45.8 41.3
 45.7 41.3
 45.8 41.2
 46.0 41.2
 46.1 41.2
 46.2 41.2
 46.4 41.1
 46.5 41.1
 46.5 41.0
 46.5 41.1
 46.6 41.1
 46.7 41.2
 46.7 41.3
 46.6 41.3
 46.6 41.4
 46.5 41.4
 46.4 41.5
 46.3 41.5
 46.3 41.6
 46.2 41.6
 46.2 41.7
 46.2 41.8
 46.3 41.8
 46.4 41.8
 46.5 41.9
 46.4 41.9
 46.3 41.9
 46.2 42.0
 46.1 42.0
 46.0 42.0
 45.9 42.1
 45.8 42.1
 45.7 42.2
 45.6 42.2
 45.8 42.5
 45.7 42.5
 45.6 42.6
 45.4 42.5
 45.2 42.7
 45.1 42.7
 44.9 42.8
 44.9 42.7
 44.8 42.7
 44.8 42.6
 44.8 42.7
 44.7 42.7
 44.5 42.8
 44.4 42.7
 44.3 42.7
 44.2 42.6
 44.1 42.6
 44.0 42.6
 43.9 42.6
 43.8 42.6
 43.7 42.6
 43.8 42.7
 43.7 42.8
 43.6 42.9
 43.4 42.9
 43.2 42.9
 43.1 43.0
 43.0 43.1
 42.9 43.1
 42.8 43.2
 42.7 43.2
 42.6 43.1
 42.5 43.2
 42.4 43.2
 42.2 43.2
 42.1 43.2
 41.9 43.2
 41.8 43.2
 41.7 43.2
 41.6 43.2
 41.5 43.3
 41.4 43.3
 41.3 43.3
 41.2 43.4
 41.0 43.4
 40.9 43.5
 40.7 43.5
 40.6 43.5
 40.5 43.5
 40.3 43.6
 40.2 43.6
 40.1 43.6
 40.0 43.4
 

40.0 43.4
 40.1 43.4
 40.2 43.3
 40.3 43.1
 40.4 43.2
 40.7 43.1
 40.8 43.1
 41.1 42.9
 41.2 42.8
 41.4 42.8
 41.4 42.7
 41.5 42.6
 41.6 42.4
 41.6 42.2
 41.7 42.1
 41.8 42.0
 41.7 41.7
 41.5 41.5
 41.8 41.4
 42.0 41.5
 42.4 41.5
 42.5 41.4
 42.6 41.6
 42.7 41.6
 42.8 41.6
 42.8 41.5
 42.9 41.5
 43.2 41.3
 43.1 41.3
 43.2 41.3
 43.2 41.2
 43.4 41.2
 43.5 41.1
 43.6 41.1
 43.8 41.1
 43.9 41.2
 44.0 41.2
 44.1 41.2
 44.2 41.2
 44.3 41.2
 44.4 41.2
 44.5 41.2
 44.6 41.2
 44.7 41.2
 44.9 41.2
 44.8 41.3
 45.0 41.3
 45.3 41.5
 45.4 41.4
 45.5 41.4
 45.8 41.3
 45.7 41.3
 45.8 41.2
 46.0 41.2
 46.1 41.2
 46.2 41.2
 46.4 41.1
 46.5 41.1
 46.5 41.0
 46.5 41.1
 46.6 41.1
 46.7 41.2
 46.7 41.3
 46.6 41.3
 46.6 41.4
 46.5 41.4
 46.4 41.5
 46.3 41.5
 46.3 41.6
 46.2 41.6
 46.2 41.7
 46.2 41.8
 46.3 41.8
 46.4 41.8
 46.5 41.9
 46.4 41.9
 46.3 41.9
 46.2 42.0
 46.1 42.0
 46.0 42.0
 45.9 42.1
 45.8 42.1
 45.7 42.2
 45.6 42.2
 45.8 42.5
 45.7 42.5
 45.6 42.6
 45.4 42.5
 45.2 42.7
 45.1 42.7
 44.9 42.8
 44.9 42.7
 44.8 42.7
 44.8 42.6
 44.8 42.7
 44.7 42.7
 44.5 42.8
 44.4 42.7
 44.3 42.7
 44.2 42.6
 44.1 42.6
 44.0 42.6
 43.9 42.6
 43.8 42.6
 43.7 42.6
 43.8 42.7
 43.7 42.8
 43.6 42.9
 43.4 42.9
 43.2 42.9
 43.1 43.0
 43.0 43.1
 42.9 43.1
 42.8 43.2
 42.7 43.2
 42.6 43.1
 42.5 43.2
 42.4 43.2
 42.2 43.2
 42.1 43.2
 41.9 43.2
 41.8 43.2
 41.7 43.2
 41.6 43.2
 41.5 43.3
 41.4 43.3
 41.3 43.3
 41.2 43.4
 41.0 43.4
 40.9 43.5
 40.7 43.5
 40.6 43.5
 40.5 43.5
 40.3 43.6
 40.2 43.6
 40.1 43.6
 40.0 43.4
 

