95.2 5.6
 95.2 5.5
 95.2 5.3
 95.3 5.1
 95.5 4.7
 95.6 4.6
 95.9 4.3
 96.2 4.1
 96.3 3.9
 96.5 3.8
 96.6 3.7
 96.7 3.8
 96.8 3.7
 96.9 3.6
 97.2 3.3
 97.3 3.2
 97.3 3.0
 97.4 2.9
 97.6 2.9
 97.6 2.8
 97.7 2.4
 97.8 2.3
 97.9 2.3
 98.1 2.2
 98.5 1.9
 98.7 1.7
 98.7 1.8
 98.8 1.7
 98.8 1.6
 98.8 1.5
 98.7 1.6
 98.8 1.5
 98.9 1.1
 99.0 0.8
 99.0 0.6
 99.1 0.6
 99.1 0.4
 99.1 0.3
 99.2 0.3
 99.1 0.3
 99.2 0.2
 99.3 0.2
 99.6 0.1
 99.8 -0.1
 99.8 -0.3
 100.0 -0.5
 100.3 -0.8
 100.4 -1.0
 100.4 -1.1
 100.4 -1.2
 100.4 -1.3
 100.5 -1.3
 100.6 -1.3
 100.6 -1.5
 100.9 -1.9
 100.9 -2.0
 100.8 -2.2
 100.9 -2.3
 101.1 -2.6
 101.3 -2.7
 101.4 -2.8
 101.6 -3.2
 101.8 -3.4
 102.2 -3.6
 102.2 -3.7
 102.3 -4.0
 102.7 -4.3
 102.9 -4.5
 103.1 -4.5
 103.3 -4.7
 103.3 -4.8
 103.6 -4.9
 103.6 -5.0
 103.7 -5.0
 103.8 -5.0
 103.9 -5.1
 103.9 -5.2
 104.0 -5.2
 104.0 -5.3
 104.3 -5.6
 104.5 -5.8
 104.6 -5.9
 104.7 -5.9
 104.5 -5.5
 104.6 -5.5
 104.7 -5.6
 105.1 -5.8
 105.2 -5.8
 105.2 -5.7
 105.2 -5.6
 105.3 -5.5
 105.3 -5.4
 105.4 -5.6
 105.5 -5.7
 105.6 -5.8
 105.7 -5.8
 105.7 -5.9
 105.8 -5.6
 105.9 -5.1
 105.9 -5.0
 105.9 -4.5
 105.8 -4.3
 105.8 -4.2
 106.0 -3.9
 105.9 -3.8
 105.8 -3.7
 105.8 -3.6
 105.9 -3.4
 106.1 -3.2
 106.0 -3.0
 105.9 -2.9
 105.8 -2.9
 105.8 -2.7
 105.6 -2.6
 105.6 -2.4
 105.5 -2.4
 105.2 -2.3
 105.1 -2.4
 105.0 -2.3
 104.9 -2.4
 104.9 -2.3
 104.8 -2.4
 104.8 -2.5
 104.7 -2.6
 104.6 -2.7
 104.5 -2.8
 104.5 -2.7
 104.6 -2.6
 104.7 -2.6
 104.7 -2.4
 104.6 -2.4
 104.7 -2.3
 104.9 -2.2
 104.9 -2.1
 104.8 -2.0
 104.7 -2.0
 104.6 -2.0
 104.6 -1.9
 104.5 -1.9
 104.5 -1.7
 104.5 -1.6
 104.5 -1.4
 104.4 -1.2
 104.4 -1.1
 104.4 -1.0
 104.3 -1.0
 104.2 -1.1
 104.0 -1.0
 103.9 -1.0
 103.8 -1.1
 103.8 -1.0
 103.7 -1.0
 103.5 -0.8
 103.4 -0.8
 103.5 -0.8
 103.3 -0.7
 103.4 -0.7
 103.4 -0.6
 103.4 -0.5
 103.5 -0.5
 103.6 -0.4
 103.3 -0.4
 103.4 -0.3
 103.5 -0.2
 103.4 -0.3
 103.3 -0.3
 103.6 -0.1
 103.6 -0.0
 103.8 -0.0
 103.8 0.0
 103.7 0.3
 103.6 0.4
 103.4 0.5
 103.3 0.5
 103.0 0.4
 102.6 0.2
 102.5 0.2
 102.6 0.2
 102.9 0.3
 103.1 0.5
 102.9 0.7
 102.6 0.7
 102.5 0.8
 102.2 1.0
 102.1 1.4
 101.9 1.6
 101.7 1.7
 101.5 1.7
 101.4 1.7
 101.4 1.8
 101.3 2.0
 101.3 2.1
 101.1 2.2
 101.1 2.3
 100.9 2.3
 100.8 2.3
 100.8 2.2
 100.8 2.1
 100.9 2.0
 100.9 1.8
 100.8 2.0
 100.7 2.1
 100.6 2.1
 100.5 2.2
 100.2 2.7
 100.1 2.7
 100.1 2.6
 100.1 2.5
 100.1 2.7
 100.0 2.7
 100.0 2.6
 100.0 2.7
 100.0 2.8
 100.0 2.9
 99.9 3.0
 99.7 3.2
 99.6 3.2
 99.2 3.6
 99.0 3.6
 98.7 3.8
 98.7 3.9
 98.6 3.9
 98.6 4.0
 98.4 4.1
 98.3 4.1
 98.3 4.2
 98.2 4.1
 98.3 4.2
 98.3 4.4
 98.1 4.5
 98.0 4.5
 98.0 4.8
 97.9 4.9
 97.8 4.9
 97.6 5.1
 97.5 5.3
 97.2 5.2
 97.1 5.2
 97.0 5.3
 96.8 5.3
 96.7 5.2
 96.5 5.2
 96.1 5.3
 96.0 5.4
 95.9 5.5
 95.4 5.7
 95.4 5.6
 95.2 5.6
 

95.2 5.6
 95.2 5.5
 95.2 5.3
 95.3 5.1
 95.5 4.7
 95.6 4.6
 95.9 4.3
 96.2 4.1
 96.3 3.9
 96.5 3.8
 96.6 3.7
 96.7 3.8
 96.8 3.7
 96.9 3.6
 97.2 3.3
 97.3 3.2
 97.3 3.0
 97.4 2.9
 97.6 2.9
 97.6 2.8
 97.7 2.4
 97.8 2.3
 97.9 2.3
 98.1 2.2
 98.5 1.9
 98.7 1.7
 98.7 1.8
 98.8 1.7
 98.8 1.6
 98.8 1.5
 98.7 1.6
 98.8 1.5
 98.9 1.1
 99.0 0.8
 99.0 0.6
 99.1 0.6
 99.1 0.4
 99.1 0.3
 99.2 0.3
 99.1 0.3
 99.2 0.2
 99.3 0.2
 99.6 0.1
 99.8 -0.1
 99.8 -0.3
 100.0 -0.5
 100.3 -0.8
 100.4 -1.0
 100.4 -1.1
 100.4 -1.2
 100.4 -1.3
 100.5 -1.3
 100.6 -1.3
 100.6 -1.5
 100.9 -1.9
 100.9 -2.0
 100.8 -2.2
 100.9 -2.3
 101.1 -2.6
 101.3 -2.7
 101.4 -2.8
 101.6 -3.2
 101.8 -3.4
 102.2 -3.6
 102.2 -3.7
 102.3 -4.0
 102.7 -4.3
 102.9 -4.5
 103.1 -4.5
 103.3 -4.7
 103.3 -4.8
 103.6 -4.9
 103.6 -5.0
 103.7 -5.0
 103.8 -5.0
 103.9 -5.1
 103.9 -5.2
 104.0 -5.2
 104.0 -5.3
 104.3 -5.6
 104.5 -5.8
 104.6 -5.9
 104.7 -5.9
 104.5 -5.5
 104.6 -5.5
 104.7 -5.6
 105.1 -5.8
 105.2 -5.8
 105.2 -5.7
 105.2 -5.6
 105.3 -5.5
 105.3 -5.4
 105.4 -5.6
 105.5 -5.7
 105.6 -5.8
 105.7 -5.8
 105.7 -5.9
 105.8 -5.6
 105.9 -5.1
 105.9 -5.0
 105.9 -4.5
 105.8 -4.3
 105.8 -4.2
 106.0 -3.9
 105.9 -3.8
 105.8 -3.7
 105.8 -3.6
 105.9 -3.4
 106.1 -3.2
 106.0 -3.0
 105.9 -2.9
 105.8 -2.9
 105.8 -2.7
 105.6 -2.6
 105.6 -2.4
 105.5 -2.4
 105.2 -2.3
 105.1 -2.4
 105.0 -2.3
 104.9 -2.4
 104.9 -2.3
 104.8 -2.4
 104.8 -2.5
 104.7 -2.6
 104.6 -2.7
 104.5 -2.8
 104.5 -2.7
 104.6 -2.6
 104.7 -2.6
 104.7 -2.4
 104.6 -2.4
 104.7 -2.3
 104.9 -2.2
 104.9 -2.1
 104.8 -2.0
 104.7 -2.0
 104.6 -2.0
 104.6 -1.9
 104.5 -1.9
 104.5 -1.7
 104.5 -1.6
 104.5 -1.4
 104.4 -1.2
 104.4 -1.1
 104.4 -1.0
 104.3 -1.0
 104.2 -1.1
 104.0 -1.0
 103.9 -1.0
 103.8 -1.1
 103.8 -1.0
 103.7 -1.0
 103.5 -0.8
 103.4 -0.8
 103.5 -0.8
 103.3 -0.7
 103.4 -0.7
 103.4 -0.6
 103.4 -0.5
 103.5 -0.5
 103.6 -0.4
 103.3 -0.4
 103.4 -0.3
 103.5 -0.2
 103.4 -0.3
 103.3 -0.3
 103.6 -0.1
 103.6 -0.0
 103.8 -0.0
 103.8 0.0
 103.7 0.3
 103.6 0.4
 103.4 0.5
 103.3 0.5
 103.0 0.4
 102.6 0.2
 102.5 0.2
 102.6 0.2
 102.9 0.3
 103.1 0.5
 102.9 0.7
 102.6 0.7
 102.5 0.8
 102.2 1.0
 102.1 1.4
 101.9 1.6
 101.7 1.7
 101.5 1.7
 101.4 1.7
 101.4 1.8
 101.3 2.0
 101.3 2.1
 101.1 2.2
 101.1 2.3
 100.9 2.3
 100.8 2.3
 100.8 2.2
 100.8 2.1
 100.9 2.0
 100.9 1.8
 100.8 2.0
 100.7 2.1
 100.6 2.1
 100.5 2.2
 100.2 2.7
 100.1 2.7
 100.1 2.6
 100.1 2.5
 100.1 2.7
 100.0 2.7
 100.0 2.6
 100.0 2.7
 100.0 2.8
 100.0 2.9
 99.9 3.0
 99.7 3.2
 99.6 3.2
 99.2 3.6
 99.0 3.6
 98.7 3.8
 98.7 3.9
 98.6 3.9
 98.6 4.0
 98.4 4.1
 98.3 4.1
 98.3 4.2
 98.2 4.1
 98.3 4.2
 98.3 4.4
 98.1 4.5
 98.0 4.5
 98.0 4.8
 97.9 4.9
 97.8 4.9
 97.6 5.1
 97.5 5.3
 97.2 5.2
 97.1 5.2
 97.0 5.3
 96.8 5.3
 96.7 5.2
 96.5 5.2
 96.1 5.3
 96.0 5.4
 95.9 5.5
 95.4 5.7
 95.4 5.6
 95.2 5.6
 

