35.1 33.1
 35.1 32.9
 35.0 32.8
 34.9 32.7
 34.9 32.5
 34.8 32.3
 34.8 32.1
 34.7 32.0
 34.6 31.8
 34.5 31.7
 34.5 31.6
 34.4 31.5
 34.3 31.4
 34.2 31.3
 34.3 31.2
 34.3 31.1
 34.4 31.0
 34.4 30.9
 34.5 30.8
 34.5 30.7
 34.5 30.5
 34.5 30.4
 34.6 30.3
 34.7 30.2
 34.7 30.1
 34.8 30.0
 34.8 29.9
 34.8 29.8
 34.9 29.7
 34.9 29.6
 34.9 29.5
 35.0 29.6
 35.2 30.2
 35.1 30.2
 35.2 30.4
 35.2 30.6
 35.3 30.7
 35.3 30.9
 35.4 30.9
 35.4 31.1
 35.5 31.1
 35.4 31.2
 35.4 31.3
 35.5 31.4
 35.5 31.5
 35.4 31.5
 35.3 31.4
 35.1 31.4
 34.9 31.4
 35.0 31.6
 35.0 31.7
 35.2 31.7
 35.2 31.8
 35.1 31.8
 35.0 31.8
 35.0 31.9
 35.0 32.0
 35.0 32.1
 35.1 32.5
 35.2 32.6
 35.4 32.5
 35.4 32.4
 35.6 32.4
 35.6 32.5
 35.6 32.7
 35.6 32.8
 35.6 32.9
 35.6 33.0
 35.7 33.3
 35.6 33.2
 35.6 33.3
 35.5 33.1
 35.3 33.1
 35.1 33.1
 

35.1 33.1
 35.1 32.9
 35.0 32.8
 34.9 32.7
 34.9 32.5
 34.8 32.3
 34.8 32.1
 34.7 32.0
 34.6 31.8
 34.5 31.7
 34.5 31.6
 34.4 31.5
 34.3 31.4
 34.2 31.3
 34.3 31.2
 34.3 31.1
 34.4 31.0
 34.4 30.9
 34.5 30.8
 34.5 30.7
 34.5 30.5
 34.5 30.4
 34.6 30.3
 34.7 30.2
 34.7 30.1
 34.8 30.0
 34.8 29.9
 34.8 29.8
 34.9 29.7
 34.9 29.6
 34.9 29.5
 35.0 29.6
 35.2 30.2
 35.1 30.2
 35.2 30.4
 35.2 30.6
 35.3 30.7
 35.3 30.9
 35.4 30.9
 35.4 31.1
 35.5 31.1
 35.4 31.2
 35.4 31.3
 35.5 31.4
 35.5 31.5
 35.4 31.5
 35.3 31.4
 35.1 31.4
 34.9 31.4
 35.0 31.6
 35.0 31.7
 35.2 31.7
 35.2 31.8
 35.1 31.8
 35.0 31.8
 35.0 31.9
 35.0 32.0
 35.0 32.1
 35.1 32.5
 35.2 32.6
 35.4 32.5
 35.4 32.4
 35.6 32.4
 35.6 32.5
 35.6 32.7
 35.6 32.8
 35.6 32.9
 35.6 33.0
 35.7 33.3
 35.6 33.2
 35.6 33.3
 35.5 33.1
 35.3 33.1
 35.1 33.1
 

