68.2 23.8
 68.2 23.7
 68.1 23.6
 68.2 23.6
 68.3 23.6
 68.4 23.7
 68.7 23.8
 68.5 23.7
 68.4 23.6
 68.4 23.5
 68.5 23.4
 68.6 23.3
 68.5 23.3
 68.6 23.2
 69.1 22.9
 69.3 22.8
 69.7 22.7
 69.8 22.8
 70.1 22.9
 70.1 23.0
 70.2 22.9
 70.2 23.0
 70.3 23.0
 70.4 22.9
 70.4 23.1
 70.5 23.1
 70.5 23.0
 70.3 22.8
 70.2 22.6
 69.9 22.5
 69.8 22.4
 69.7 22.5
 69.6 22.4
 69.5 22.4
 69.5 22.5
 69.5 22.4
 69.4 22.3
 69.2 22.3
 69.2 22.4
 69.1 22.4
 69.0 22.4
 69.1 22.5
 69.0 22.5
 68.9 22.3
 69.0 22.2
 69.3 21.9
 69.4 21.8
 69.7 21.6
 70.0 21.2
 70.3 20.9
 70.8 20.7
 71.2 20.8
 71.6 21.0
 71.9 21.1
 72.1 21.2
 72.1 21.3
 72.2 21.5
 72.3 21.6
 72.2 21.8
 72.0 21.8
 72.0 21.9
 72.1 21.8
 72.1 21.9
 72.2 21.8
 72.2 21.9
 72.0 21.9
 72.1 21.9
 72.1 22.0
 72.3 22.0
 72.3 22.1
 72.3 22.2
 72.2 22.2
 72.2 22.3
 72.2 22.2
 72.2 22.3
 72.3 22.3
 72.4 22.4
 72.4 22.3
 72.4 22.2
 72.7 22.3
 72.8 22.2
 72.9 22.3
 72.9 22.2
 72.8 22.2
 72.7 22.2
 72.6 22.2
 72.5 22.1
 72.5 21.9
 72.7 22.0
 72.6 21.8
 72.5 21.7
 73.1 21.8
 72.9 21.6
 72.8 21.6
 72.6 21.5
 72.6 21.4
 72.7 21.5
 72.8 21.5
 72.6 21.4
 72.6 21.3
 72.7 21.2
 72.6 21.1
 72.7 21.1
 72.7 21.2
 72.8 21.1
 72.9 21.1
 72.8 21.0
 72.9 21.0
 72.8 20.8
 72.9 20.9
 72.9 20.8
 72.9 20.6
 72.9 20.5
 72.8 20.3
 72.6 19.8
 72.7 19.7
 72.7 19.8
 72.7 19.7
 72.7 19.6
 72.8 19.6
 72.8 19.5
 72.9 19.5
 72.7 19.5
 72.8 19.3
 73.0 19.3
 73.0 19.2
 73.0 19.3
 72.8 19.3
 72.8 19.2
 72.8 19.3
 72.8 19.1
 72.8 19.0
 72.8 18.9
 73.0 19.1
 73.0 19.0
 72.9 18.9
 73.0 18.8
 73.0 18.7
 73.0 18.8
 72.9 18.8
 72.9 18.7
 72.9 18.6
 73.0 18.5
 72.9 18.5
 72.9 18.4
 73.0 18.3
 73.1 18.2
 72.9 18.3
 73.0 18.2
 73.1 17.9
 73.1 17.6
 73.2 17.6
 73.1 17.6
 73.2 17.2
 73.3 16.8
 73.4 16.6
 73.3 16.6
 73.3 16.5
 73.4 16.3
 73.4 16.1
 73.5 16.2
 73.5 16.1
 73.5 16.0
 73.6 15.8
 73.7 15.6
 73.8 15.5
 73.9 15.5
 73.8 15.5
 73.9 15.4
 73.8 15.4
 73.9 15.4
 74.0 15.2
 73.9 15.1
 74.0 15.0
 74.1 14.9
 74.1 14.8
 74.2 14.9
 74.1 14.8
 74.2 14.7
 74.3 14.7
 74.3 14.6
 74.3 14.5
 74.4 14.5
 74.4 14.3
 74.5 14.2
 74.4 14.3
 74.5 14.0
 74.6 13.8
 74.7 13.7
 74.7 13.6
 74.7 13.3
 74.8 12.9
 74.8 12.8
 74.9 12.6
 75.2 12.1
 75.2 12.0
 75.3 12.0
 75.3 11.9
 75.4 11.9
 75.3 11.9
 75.4 11.9
 75.5 11.7
 75.6 11.5
 75.7 11.4
 75.9 10.9
 76.0 10.6
 76.2 10.2
 76.2 10.0
 76.2 10.1
 76.3 9.9
 76.4 9.9
 76.4 9.7
 76.4 9.6
 76.5 9.5
 76.4 9.5
 76.4 9.7
 76.3 9.8
 76.3 9.7
 76.3 9.9
 76.3 10.0
 76.2 10.0
 76.3 9.7
 76.3 9.5
 76.4 9.2
 76.5 9.2
 76.5 9.1
 76.5 8.9
 76.6 9.0
 76.7 9.0
 76.6 8.9
 76.8 8.6
 77.0 8.4
 77.3 8.1
 77.5 8.1
 77.6 8.1
 77.9 8.3
 78.1 8.5
 78.1 8.6
 78.1 8.7
 78.2 8.8
 78.2 8.9
 78.4 9.1
 78.5 9.1
 78.7 9.1
 78.7 9.2
 79.0 9.3
 79.3 9.2
 79.4 9.1
 79.4 9.2
 79.3 9.3
 79.2 9.3
 79.1 9.3
 79.0 9.4
 78.9 9.5
 79.0 9.7
 79.3 10.0
 79.2 10.2
 79.3 10.2
 79.4 10.3
 79.6 10.3
 79.8 10.3
 79.9 10.3
 79.8 10.8
 79.8 11.3
 79.8 11.4
 79.7 11.3
 79.8 11.4
 79.8 11.6
 79.9 12.0
 80.0 12.2
 80.2 12.5
 80.3 12.9
 80.3 13.1
 80.3 13.3
 80.3 13.4
 80.1 13.5
 80.0 13.6
 80.1 13.7
 80.1 13.6
 80.1 13.7
 80.2 13.6
 80.3 13.5
 80.2 13.7
 80.2 13.8
 80.1 14.1
 80.1 14.2
 80.0 14.2
 80.1 14.3
 80.2 14.6
 80.1 14.6
 80.2 14.6
 80.1 14.8
 80.0 15.0
 80.1 15.3
 80.3 15.7
 80.6 15.9
 80.8 15.9
 80.8 15.8
 80.8 15.7
 80.9 15.9
 80.9 16.0
 80.9 15.9
 81.0 15.8
 81.2 16.1
 81.2 16.3
 81.4 16.4
 81.5 16.3
 81.5 16.4
 81.7 16.3
 82.2 16.5
 82.3 16.6
 82.4 16.9
 82.3 16.8
 82.3 16.9
 82.3 17.0
 82.4 17.1
 82.8 17.4
 83.2 17.6
 83.3 17.6
 83.3 17.7
 83.2 17.7
 83.3 17.7
 83.4 17.8
 83.5 17.9
 83.8 18.1
 84.1 18.3
 84.3 18.5
 84.2 18.5
 84.5 18.8
 84.7 19.1
 84.8 19.1
 85.0 19.3
 85.4 19.6
 85.3 19.6
 85.4 19.6
 85.4 19.7
 85.2 19.6
 85.2 19.5
 85.1 19.5
 85.2 19.8
 85.5 19.9
 85.6 19.9
 85.6 19.7
 85.4 19.7
 86.0 19.8
 86.3 19.9
 86.4 20.0
 86.3 20.0
 86.2 20.1
 86.4 20.0
 86.5 20.1
 86.5 20.2
 86.8 20.4
 86.7 20.4
 86.7 20.5
 86.9 20.6
 87.0 20.7
 86.9 20.7
 87.0 20.7
 87.0 20.8
 86.9 20.8
 87.0 20.8
 86.9 20.9
 86.8 21.1
 86.8 21.2
 86.9 21.4
 87.1 21.5
 87.7 21.7
 88.0 21.8
 88.0 22.0
 88.2 22.1
 88.1 22.2
 88.0 22.2
 87.9 22.3
 87.9 22.4
 88.0 22.3
 88.0 22.2
 88.1 22.2
 88.2 22.2
 88.2 22.1
 88.2 22.0
 88.1 22.0
 88.2 21.9
 88.2 21.8
 88.2 21.6
 88.3 21.5
 88.3 21.6
 88.3 21.8
 88.3 21.6
 88.4 21.7
 88.4 21.6
 88.5 21.7
 88.5 21.8
 88.5 22.0
 88.5 21.8
 88.5 21.6
 88.5 21.5
 88.6 21.7
 88.6 21.8
 88.6 21.9
 88.6 22.0
 88.6 22.1
 88.7 22.2
 88.6 22.1
 88.6 22.0
 88.7 21.9
 88.7 22.0
 88.7 22.1
 88.8 22.1
 88.7 22.1
 88.8 22.0
 88.7 21.8
 88.7 21.6
 88.8 21.6
 88.9 21.6
 88.9 21.8
 88.9 21.7
 89.0 21.6
 89.1 21.6
 89.0 21.9
 88.9 21.9
 88.9 22.0
 89.0 21.9
 89.1 21.9
 89.1 22.1
 89.0 22.3
 89.0 22.5
 89.0 22.6
 88.9 22.6
 89.0 22.8
 88.9 23.0
 88.9 23.1
 89.0 23.2
 88.8 23.2
 88.7 23.2
 88.7 23.3
 88.8 23.5
 88.6 23.6
 88.6 23.8
 88.6 23.9
 88.7 23.9
 88.7 24.1
 88.7 24.2
 88.7 24.3
 88.6 24.3
 88.1 24.5
 88.1 24.6
 88.0 24.7
 88.2 24.9
 88.1 24.9
 88.2 24.9
 88.3 24.9
 88.4 25.0
 88.5 25.2
 88.6 25.2
 88.9 25.2
 89.0 25.3
 88.9 25.3
 88.8 25.4
 88.8 25.5
 88.7 25.5
 88.5 25.5
 88.3 25.8
 88.2 25.8
 88.1 25.9
 88.1 26.0
 88.2 26.0
 88.2 26.1
 88.4 26.3
 88.5 26.4
 88.5 26.5
 88.4 26.5
 88.3 26.5
 88.4 26.6
 88.7 26.4
 88.7 26.3
 88.8 26.3
 88.8 26.2
 88.9 26.3
 89.0 26.2
 89.1 26.2
 89.0 26.3
 88.9 26.4
 89.0 26.4
 89.1 26.4
 89.1 26.1
 89.4 26.0
 89.5 26.0
 89.6 26.0
 89.6 26.1
 89.6 26.2
 89.7 26.2
 89.9 26.0
 89.9 25.9
 89.8 25.8
 89.8 25.7
 89.9 25.6
 89.8 25.4
 89.8 25.3
 90.3 25.2
 90.4 25.1
 90.8 25.2
 90.8 25.1
 91.3 25.2
 91.5 25.1
 92.0 25.2
 92.1 25.2
 92.4 25.0
 92.5 24.9
 92.4 24.9
 92.3 24.9
 92.2 24.9
 92.2 24.7
 92.1 24.4
 92.0 24.4
 92.0 24.3
 91.9 24.3
 91.9 24.2
 91.8 24.2
 91.7 24.1
 91.7 24.2
 91.6 24.1
 91.5 24.1
 91.4 24.1
 91.4 24.0
 91.3 24.0
 91.2 23.7
 91.3 23.4
 91.3 23.1
 91.4 23.1
 91.4 23.2
 91.4 23.3
 91.5 23.1
 91.5 23.0
 91.6 22.9
 91.8 23.1
 91.8 23.2
 91.8 23.3
 91.8 23.4
 92.0 23.5
 91.9 23.7
 92.0 23.7
 92.0 23.6
 92.2 23.7
 92.3 23.7
 92.3 23.5
 92.4 23.3
 92.3 23.2
 92.4 22.9
 92.5 22.9
 92.5 22.8
 92.5 22.7
 92.6 22.2
 92.6 22.1
 92.6 22.0
 92.7 22.0
 92.7 22.2
 92.8 22.1
 92.9 22.0
 93.0 22.0
 93.0 22.2
 93.1 22.2
 93.2 22.2
 93.1 22.2
 93.2 22.2
 93.2 22.4
 93.1 22.5
 93.1 22.8
 93.1 22.9
 93.1 23.0
 93.1 23.1
 93.2 23.1
 93.2 23.0
 93.3 23.0
 93.4 23.1
 93.4 23.5
 93.4 23.8
 93.4 23.9
 93.3 24.0
 93.3 24.1
 93.4 24.1
 93.5 24.0
 93.6 24.0
 94.0 23.9
 94.1 23.8
 94.2 23.9
 94.3 24.2
 94.4 24.4
 94.4 24.5
 94.5 24.6
 94.5 24.7
 94.6 24.7
 94.7 25.0
 94.7 25.1
 94.6 25.2
 94.6 25.4
 94.9 25.6
 95.0 25.8
 95.0 25.9
 95.1 26.0
 95.2 26.1
 95.1 26.2
 95.1 26.3
 95.1 26.6
 95.3 26.7
 95.3 26.6
 95.4 26.7
 95.5 26.8
 95.6 26.8
 95.7 26.9
 95.8 27.0
 95.9 27.0
 96.0 27.2
 96.2 27.3
 96.5 27.3
 96.6 27.4
 96.8 27.4
 96.9 27.3
 96.9 27.2
 97.0 27.1
 97.1 27.1
 97.2 27.1
 97.0 27.4
 96.9 27.6
 97.2 27.9
 97.3 27.9
 97.4 27.9
 97.4 28.0
 97.3 28.1
 97.3 28.2
 97.2 28.3
 97.1 28.4
 97.0 28.3
 96.8 28.4
 96.7 28.4
 96.6 28.5
 96.4 28.4
 96.3 28.4
 96.4 28.5
 96.3 28.6
 96.4 28.6
 96.5 28.7
 96.6 28.8
 96.5 28.9
 96.5 29.1
 96.3 29.0
 96.3 28.9
 96.2 28.9
 96.1 28.9
 96.2 29.0
 96.1 29.1
 96.4 29.2
 96.4 29.3
 96.3 29.2
 96.2 29.3
 96.2 29.4
 96.1 29.5
 95.6 29.2
 95.5 29.1
 95.4 29.0
 95.3 29.0
 95.2 29.1
 94.9 29.2
 94.8 29.2
 94.7 29.3
 94.6 29.3
 94.3 29.1
 94.1 29.0
 94.0 29.0
 94.0 28.9
 93.7 28.7
 93.6 28.7
 93.2 28.6
 93.2 28.4
 93.1 28.4
 92.8 28.2
 92.7 28.1
 92.7 28.0
 92.4 27.8
 92.3 27.8
 92.3 27.9
 92.3 27.8
 92.0 27.7
 91.7 27.8
 91.6 27.7
 91.6 27.6
 91.6 27.5
 91.8 27.5
 91.8 27.4
 92.0 27.5
 92.1 27.3
 92.0 27.2
 92.0 27.1
 92.1 27.0
 92.1 26.9
 92.0 26.9
 91.9 26.9
 91.8 26.9
 91.7 26.8
 91.5 26.8
 91.5 26.9
 91.4 26.9
 91.4 26.8
 91.3 26.8
 90.7 26.8
 90.4 26.9
 90.3 26.9
 90.1 26.8
 90.0 26.7
 89.8 26.7
 89.6 26.7
 89.6 26.8
 89.4 26.9
 89.2 26.8
 89.1 26.8
 88.9 27.0
 88.9 27.1
 88.8 27.1
 88.8 27.3
 88.9 27.3
 88.8 27.4
 88.8 27.5
 88.9 27.8
 88.8 28.0
 88.6 28.1
 88.5 28.0
 88.1 27.9
 88.2 27.8
 88.0 27.5
 88.1 27.4
 88.0 27.2
 88.0 27.1
 88.1 26.9
 88.2 26.7
 88.1 26.4
 88.0 26.4
 87.9 26.4
 87.6 26.4
 87.5 26.4
 87.4 26.4
 87.3 26.3
 87.1 26.4
 87.1 26.6
 87.0 26.5
 86.9 26.5
 86.7 26.4
 86.3 26.6
 86.2 26.6
 86.0 26.7
 85.9 26.6
 85.8 26.6
 85.7 26.7
 85.7 26.8
 85.6 26.9
 85.3 26.7
 85.2 26.8
 85.2 26.9
 85.0 26.9
 84.9 27.0
 84.8 27.0
 84.6 27.1
 84.7 27.1
 84.7 27.2
 84.6 27.3
 84.3 27.4
 84.2 27.5
 84.1 27.5
 84.0 27.4
 83.9 27.5
 83.8 27.4
 83.9 27.4
 83.6 27.5
 83.4 27.5
 83.4 27.4
 83.3 27.3
 83.2 27.4
 82.8 27.5
 82.7 27.7
 82.4 27.7
 82.2 27.9
 82.0 27.9
 81.9 27.9
 81.5 28.1
 81.4 28.2
 81.3 28.1
 81.2 28.4
 80.9 28.5
 80.8 28.5
 80.6 28.7
 80.5 28.7
 80.5 28.6
 80.4 28.6
 80.3 28.7
 80.1 28.8
 80.1 28.9
 80.1 29.0
 80.1 29.1
 80.3 29.1
 80.2 29.2
 80.3 29.2
 80.3 29.3
 80.2 29.4
 80.4 29.6
 80.4 29.7
 80.4 29.8
 80.5 29.8
 80.9 30.1
 80.9 30.2
 81.0 30.2
 80.6 30.5
 80.5 30.5
 80.3 30.6
 80.2 30.6
 80.2 30.7
 80.3 30.7
 80.2 30.7
 80.1 30.8
 79.9 30.9
 79.7 31.0
 79.6 30.9
 79.2 31.2
 79.2 31.3
 79.1 31.4
 79.0 31.4
 79.0 31.3
 78.9 31.4
 78.9 31.3
 78.8 31.3
 78.8 31.5
 78.7 31.5
 78.8 31.6
 78.7 31.7
 78.7 31.8
 78.8 32.0
 78.7 32.0
 78.5 32.2
 78.5 32.3
 78.4 32.5
 78.4 32.6
 78.6 32.6
 78.7 32.6
 78.8 32.6
 78.8 32.5
 78.9 32.4
 79.1 32.4
 79.1 32.5
 79.3 32.5
 79.4 32.5
 79.5 32.7
 79.5 32.8
 79.5 32.9
 79.4 32.9
 79.4 33.0
 79.4 33.2
 79.1 33.2
 79.1 33.3
 79.0 33.3
 78.9 33.4
 78.8 33.5
 78.8 33.7
 78.8 33.9
 78.7 34.0
 78.7 34.1
 79.0 34.2
 79.0 34.3
 79.0 34.4
 78.6 34.6
 78.4 34.6
 78.3 34.7
 78.1 35.2
 78.0 35.3
 78.1 35.4
 78.1 35.5
 77.9 35.4
 77.8 35.5
 77.8 35.4
 77.5 35.3
 77.2 35.2
 77.0 35.1
 77.1 35.0
 77.0 35.0
 77.0 34.9
 76.9 34.7
 76.8 34.7
 76.7 34.7
 76.5 34.8
 76.3 34.7
 76.2 34.6
 76.0 34.6
 75.9 34.6
 75.8 34.5
 75.4 34.6
 75.2 34.6
 74.7 34.7
 74.4 34.8
 74.2 34.8
 74.0 34.7
 73.9 34.6
 73.8 34.4
 73.9 34.3
 74.0 34.3
 74.0 34.2
 73.9 34.1
 74.0 34.0
 74.2 34.0
 74.3 34.0
 74.3 33.9
 74.2 33.8
 74.1 33.8
 74.0 33.8
 74.0 33.7
 74.0 33.6
 74.2 33.6
 74.2 33.5
 74.1 33.3
 74.0 33.3
 74.0 33.2
 74.3 33.0
 74.4 32.9
 74.3 32.8
 74.4 32.8
 74.6 32.8
 74.7 32.8
 74.7 32.6
 74.7 32.5
 75.0 32.5
 75.4 32.3
 75.3 32.2
 75.1 32.1
 75.0 32.1
 75.0 32.0
 74.8 32.0
 74.8 31.9
 74.6 31.9
 74.5 31.8
 74.5 31.7
 74.6 31.6
 74.6 31.5
 74.5 31.2
 74.5 31.1
 74.7 31.1
 74.6 31.0
 74.6 31.1
 74.2 30.7
 73.9 30.4
 73.9 30.3
 74.0 30.2
 73.8 30.1
 73.6 30.0
 73.4 29.9
 73.3 29.6
 72.9 29.0
 72.4 28.8
 72.3 28.7
 72.2 28.4
 72.0 28.2
 71.9 28.1
 71.9 28.0
 71.6 27.9
 71.2 27.8
 70.9 27.7
 70.8 27.7
 70.7 27.7
 70.6 28.0
 70.5 28.0
 70.4 28.0
 70.1 27.8
 70.1 27.7
 70.0 27.6
 69.7 27.2
 69.6 27.2
 69.5 26.9
 69.5 26.8
 69.8 26.6
 70.1 26.6
 70.2 26.6
 70.2 26.5
 70.2 26.2
 70.1 26.0
 70.2 25.8
 70.3 25.7
 70.4 25.7
 70.6 25.7
 70.7 25.7
 70.7 25.5
 70.7 25.4
 70.8 25.2
 70.9 25.2
 71.1 24.7
 71.0 24.6
 71.0 24.5
 71.1 24.4
 70.9 24.4
 70.9 24.3
 70.8 24.2
 70.6 24.2
 70.6 24.3
 70.6 24.4
 70.5 24.4
 70.4 24.4
 70.1 24.3
 70.1 24.2
 70.0 24.2
 69.7 24.2
 69.6 24.3
 69.4 24.3
 69.2 24.3
 69.1 24.3
 69.0 24.3
 68.9 24.3
 68.9 24.2
 68.8 24.3
 68.7 24.3
 68.7 24.0
 68.4 24.0
 68.3 23.9
 68.2 23.8
 

68.2 23.8
 68.2 23.7
 68.1 23.6
 68.2 23.6
 68.3 23.6
 68.4 23.7
 68.7 23.8
 68.5 23.7
 68.4 23.6
 68.4 23.5
 68.5 23.4
 68.6 23.3
 68.5 23.3
 68.6 23.2
 69.1 22.9
 69.3 22.8
 69.7 22.7
 69.8 22.8
 70.1 22.9
 70.1 23.0
 70.2 22.9
 70.2 23.0
 70.3 23.0
 70.4 22.9
 70.4 23.1
 70.5 23.1
 70.5 23.0
 70.3 22.8
 70.2 22.6
 69.9 22.5
 69.8 22.4
 69.7 22.5
 69.6 22.4
 69.5 22.4
 69.5 22.5
 69.5 22.4
 69.4 22.3
 69.2 22.3
 69.2 22.4
 69.1 22.4
 69.0 22.4
 69.1 22.5
 69.0 22.5
 68.9 22.3
 69.0 22.2
 69.3 21.9
 69.4 21.8
 69.7 21.6
 70.0 21.2
 70.3 20.9
 70.8 20.7
 71.2 20.8
 71.6 21.0
 71.9 21.1
 72.1 21.2
 72.1 21.3
 72.2 21.5
 72.3 21.6
 72.2 21.8
 72.0 21.8
 72.0 21.9
 72.1 21.8
 72.1 21.9
 72.2 21.8
 72.2 21.9
 72.0 21.9
 72.1 21.9
 72.1 22.0
 72.3 22.0
 72.3 22.1
 72.3 22.2
 72.2 22.2
 72.2 22.3
 72.2 22.2
 72.2 22.3
 72.3 22.3
 72.4 22.4
 72.4 22.3
 72.4 22.2
 72.7 22.3
 72.8 22.2
 72.9 22.3
 72.9 22.2
 72.8 22.2
 72.7 22.2
 72.6 22.2
 72.5 22.1
 72.5 21.9
 72.7 22.0
 72.6 21.8
 72.5 21.7
 73.1 21.8
 72.9 21.6
 72.8 21.6
 72.6 21.5
 72.6 21.4
 72.7 21.5
 72.8 21.5
 72.6 21.4
 72.6 21.3
 72.7 21.2
 72.6 21.1
 72.7 21.1
 72.7 21.2
 72.8 21.1
 72.9 21.1
 72.8 21.0
 72.9 21.0
 72.8 20.8
 72.9 20.9
 72.9 20.8
 72.9 20.6
 72.9 20.5
 72.8 20.3
 72.6 19.8
 72.7 19.7
 72.7 19.8
 72.7 19.7
 72.7 19.6
 72.8 19.6
 72.8 19.5
 72.9 19.5
 72.7 19.5
 72.8 19.3
 73.0 19.3
 73.0 19.2
 73.0 19.3
 72.8 19.3
 72.8 19.2
 72.8 19.3
 72.8 19.1
 72.8 19.0
 72.8 18.9
 73.0 19.1
 73.0 19.0
 72.9 18.9
 73.0 18.8
 73.0 18.7
 73.0 18.8
 72.9 18.8
 72.9 18.7
 72.9 18.6
 73.0 18.5
 72.9 18.5
 72.9 18.4
 73.0 18.3
 73.1 18.2
 72.9 18.3
 73.0 18.2
 73.1 17.9
 73.1 17.6
 73.2 17.6
 73.1 17.6
 73.2 17.2
 73.3 16.8
 73.4 16.6
 73.3 16.6
 73.3 16.5
 73.4 16.3
 73.4 16.1
 73.5 16.2
 73.5 16.1
 73.5 16.0
 73.6 15.8
 73.7 15.6
 73.8 15.5
 73.9 15.5
 73.8 15.5
 73.9 15.4
 73.8 15.4
 73.9 15.4
 74.0 15.2
 73.9 15.1
 74.0 15.0
 74.1 14.9
 74.1 14.8
 74.2 14.9
 74.1 14.8
 74.2 14.7
 74.3 14.7
 74.3 14.6
 74.3 14.5
 74.4 14.5
 74.4 14.3
 74.5 14.2
 74.4 14.3
 74.5 14.0
 74.6 13.8
 74.7 13.7
 74.7 13.6
 74.7 13.3
 74.8 12.9
 74.8 12.8
 74.9 12.6
 75.2 12.1
 75.2 12.0
 75.3 12.0
 75.3 11.9
 75.4 11.9
 75.3 11.9
 75.4 11.9
 75.5 11.7
 75.6 11.5
 75.7 11.4
 75.9 10.9
 76.0 10.6
 76.2 10.2
 76.2 10.0
 76.2 10.1
 76.3 9.9
 76.4 9.9
 76.4 9.7
 76.4 9.6
 76.5 9.5
 76.4 9.5
 76.4 9.7
 76.3 9.8
 76.3 9.7
 76.3 9.9
 76.3 10.0
 76.2 10.0
 76.3 9.7
 76.3 9.5
 76.4 9.2
 76.5 9.2
 76.5 9.1
 76.5 8.9
 76.6 9.0
 76.7 9.0
 76.6 8.9
 76.8 8.6
 77.0 8.4
 77.3 8.1
 77.5 8.1
 77.6 8.1
 77.9 8.3
 78.1 8.5
 78.1 8.6
 78.1 8.7
 78.2 8.8
 78.2 8.9
 78.4 9.1
 78.5 9.1
 78.7 9.1
 78.7 9.2
 79.0 9.3
 79.3 9.2
 79.4 9.1
 79.4 9.2
 79.3 9.3
 79.2 9.3
 79.1 9.3
 79.0 9.4
 78.9 9.5
 79.0 9.7
 79.3 10.0
 79.2 10.2
 79.3 10.2
 79.4 10.3
 79.6 10.3
 79.8 10.3
 79.9 10.3
 79.8 10.8
 79.8 11.3
 79.8 11.4
 79.7 11.3
 79.8 11.4
 79.8 11.6
 79.9 12.0
 80.0 12.2
 80.2 12.5
 80.3 12.9
 80.3 13.1
 80.3 13.3
 80.3 13.4
 80.1 13.5
 80.0 13.6
 80.1 13.7
 80.1 13.6
 80.1 13.7
 80.2 13.6
 80.3 13.5
 80.2 13.7
 80.2 13.8
 80.1 14.1
 80.1 14.2
 80.0 14.2
 80.1 14.3
 80.2 14.6
 80.1 14.6
 80.2 14.6
 80.1 14.8
 80.0 15.0
 80.1 15.3
 80.3 15.7
 80.6 15.9
 80.8 15.9
 80.8 15.8
 80.8 15.7
 80.9 15.9
 80.9 16.0
 80.9 15.9
 81.0 15.8
 81.2 16.1
 81.2 16.3
 81.4 16.4
 81.5 16.3
 81.5 16.4
 81.7 16.3
 82.2 16.5
 82.3 16.6
 82.4 16.9
 82.3 16.8
 82.3 16.9
 82.3 17.0
 82.4 17.1
 82.8 17.4
 83.2 17.6
 83.3 17.6
 83.3 17.7
 83.2 17.7
 83.3 17.7
 83.4 17.8
 83.5 17.9
 83.8 18.1
 84.1 18.3
 84.3 18.5
 84.2 18.5
 84.5 18.8
 84.7 19.1
 84.8 19.1
 85.0 19.3
 85.4 19.6
 85.3 19.6
 85.4 19.6
 85.4 19.7
 85.2 19.6
 85.2 19.5
 85.1 19.5
 85.2 19.8
 85.5 19.9
 85.6 19.9
 85.6 19.7
 85.4 19.7
 86.0 19.8
 86.3 19.9
 86.4 20.0
 86.3 20.0
 86.2 20.1
 86.4 20.0
 86.5 20.1
 86.5 20.2
 86.8 20.4
 86.7 20.4
 86.7 20.5
 86.9 20.6
 87.0 20.7
 86.9 20.7
 87.0 20.7
 87.0 20.8
 86.9 20.8
 87.0 20.8
 86.9 20.9
 86.8 21.1
 86.8 21.2
 86.9 21.4
 87.1 21.5
 87.7 21.7
 88.0 21.8
 88.0 22.0
 88.2 22.1
 88.1 22.2
 88.0 22.2
 87.9 22.3
 87.9 22.4
 88.0 22.3
 88.0 22.2
 88.1 22.2
 88.2 22.2
 88.2 22.1
 88.2 22.0
 88.1 22.0
 88.2 21.9
 88.2 21.8
 88.2 21.6
 88.3 21.5
 88.3 21.6
 88.3 21.8
 88.3 21.6
 88.4 21.7
 88.4 21.6
 88.5 21.7
 88.5 21.8
 88.5 22.0
 88.5 21.8
 88.5 21.6
 88.5 21.5
 88.6 21.7
 88.6 21.8
 88.6 21.9
 88.6 22.0
 88.6 22.1
 88.7 22.2
 88.6 22.1
 88.6 22.0
 88.7 21.9
 88.7 22.0
 88.7 22.1
 88.8 22.1
 88.7 22.1
 88.8 22.0
 88.7 21.8
 88.7 21.6
 88.8 21.6
 88.9 21.6
 88.9 21.8
 88.9 21.7
 89.0 21.6
 89.1 21.6
 89.0 21.9
 88.9 21.9
 88.9 22.0
 89.0 21.9
 89.1 21.9
 89.1 22.1
 89.0 22.3
 89.0 22.5
 89.0 22.6
 88.9 22.6
 89.0 22.8
 88.9 23.0
 88.9 23.1
 89.0 23.2
 88.8 23.2
 88.7 23.2
 88.7 23.3
 88.8 23.5
 88.6 23.6
 88.6 23.8
 88.6 23.9
 88.7 23.9
 88.7 24.1
 88.7 24.2
 88.7 24.3
 88.6 24.3
 88.1 24.5
 88.1 24.6
 88.0 24.7
 88.2 24.9
 88.1 24.9
 88.2 24.9
 88.3 24.9
 88.4 25.0
 88.5 25.2
 88.6 25.2
 88.9 25.2
 89.0 25.3
 88.9 25.3
 88.8 25.4
 88.8 25.5
 88.7 25.5
 88.5 25.5
 88.3 25.8
 88.2 25.8
 88.1 25.9
 88.1 26.0
 88.2 26.0
 88.2 26.1
 88.4 26.3
 88.5 26.4
 88.5 26.5
 88.4 26.5
 88.3 26.5
 88.4 26.6
 88.7 26.4
 88.7 26.3
 88.8 26.3
 88.8 26.2
 88.9 26.3
 89.0 26.2
 89.1 26.2
 89.0 26.3
 88.9 26.4
 89.0 26.4
 89.1 26.4
 89.1 26.1
 89.4 26.0
 89.5 26.0
 89.6 26.0
 89.6 26.1
 89.6 26.2
 89.7 26.2
 89.9 26.0
 89.9 25.9
 89.8 25.8
 89.8 25.7
 89.9 25.6
 89.8 25.4
 89.8 25.3
 90.3 25.2
 90.4 25.1
 90.8 25.2
 90.8 25.1
 91.3 25.2
 91.5 25.1
 92.0 25.2
 92.1 25.2
 92.4 25.0
 92.5 24.9
 92.4 24.9
 92.3 24.9
 92.2 24.9
 92.2 24.7
 92.1 24.4
 92.0 24.4
 92.0 24.3
 91.9 24.3
 91.9 24.2
 91.8 24.2
 91.7 24.1
 91.7 24.2
 91.6 24.1
 91.5 24.1
 91.4 24.1
 91.4 24.0
 91.3 24.0
 91.2 23.7
 91.3 23.4
 91.3 23.1
 91.4 23.1
 91.4 23.2
 91.4 23.3
 91.5 23.1
 91.5 23.0
 91.6 22.9
 91.8 23.1
 91.8 23.2
 91.8 23.3
 91.8 23.4
 92.0 23.5
 91.9 23.7
 92.0 23.7
 92.0 23.6
 92.2 23.7
 92.3 23.7
 92.3 23.5
 92.4 23.3
 92.3 23.2
 92.4 22.9
 92.5 22.9
 92.5 22.8
 92.5 22.7
 92.6 22.2
 92.6 22.1
 92.6 22.0
 92.7 22.0
 92.7 22.2
 92.8 22.1
 92.9 22.0
 93.0 22.0
 93.0 22.2
 93.1 22.2
 93.2 22.2
 93.1 22.2
 93.2 22.2
 93.2 22.4
 93.1 22.5
 93.1 22.8
 93.1 22.9
 93.1 23.0
 93.1 23.1
 93.2 23.1
 93.2 23.0
 93.3 23.0
 93.4 23.1
 93.4 23.5
 93.4 23.8
 93.4 23.9
 93.3 24.0
 93.3 24.1
 93.4 24.1
 93.5 24.0
 93.6 24.0
 94.0 23.9
 94.1 23.8
 94.2 23.9
 94.3 24.2
 94.4 24.4
 94.4 24.5
 94.5 24.6
 94.5 24.7
 94.6 24.7
 94.7 25.0
 94.7 25.1
 94.6 25.2
 94.6 25.4
 94.9 25.6
 95.0 25.8
 95.0 25.9
 95.1 26.0
 95.2 26.1
 95.1 26.2
 95.1 26.3
 95.1 26.6
 95.3 26.7
 95.3 26.6
 95.4 26.7
 95.5 26.8
 95.6 26.8
 95.7 26.9
 95.8 27.0
 95.9 27.0
 96.0 27.2
 96.2 27.3
 96.5 27.3
 96.6 27.4
 96.8 27.4
 96.9 27.3
 96.9 27.2
 97.0 27.1
 97.1 27.1
 97.2 27.1
 97.0 27.4
 96.9 27.6
 97.2 27.9
 97.3 27.9
 97.4 27.9
 97.4 28.0
 97.3 28.1
 97.3 28.2
 97.2 28.3
 97.1 28.4
 97.0 28.3
 96.8 28.4
 96.7 28.4
 96.6 28.5
 96.4 28.4
 96.3 28.4
 96.4 28.5
 96.3 28.6
 96.4 28.6
 96.5 28.7
 96.6 28.8
 96.5 28.9
 96.5 29.1
 96.3 29.0
 96.3 28.9
 96.2 28.9
 96.1 28.9
 96.2 29.0
 96.1 29.1
 96.4 29.2
 96.4 29.3
 96.3 29.2
 96.2 29.3
 96.2 29.4
 96.1 29.5
 95.6 29.2
 95.5 29.1
 95.4 29.0
 95.3 29.0
 95.2 29.1
 94.9 29.2
 94.8 29.2
 94.7 29.3
 94.6 29.3
 94.3 29.1
 94.1 29.0
 94.0 29.0
 94.0 28.9
 93.7 28.7
 93.6 28.7
 93.2 28.6
 93.2 28.4
 93.1 28.4
 92.8 28.2
 92.7 28.1
 92.7 28.0
 92.4 27.8
 92.3 27.8
 92.3 27.9
 92.3 27.8
 92.0 27.7
 91.7 27.8
 91.6 27.7
 91.6 27.6
 91.6 27.5
 91.8 27.5
 91.8 27.4
 92.0 27.5
 92.1 27.3
 92.0 27.2
 92.0 27.1
 92.1 27.0
 92.1 26.9
 92.0 26.9
 91.9 26.9
 91.8 26.9
 91.7 26.8
 91.5 26.8
 91.5 26.9
 91.4 26.9
 91.4 26.8
 91.3 26.8
 90.7 26.8
 90.4 26.9
 90.3 26.9
 90.1 26.8
 90.0 26.7
 89.8 26.7
 89.6 26.7
 89.6 26.8
 89.4 26.9
 89.2 26.8
 89.1 26.8
 88.9 27.0
 88.9 27.1
 88.8 27.1
 88.8 27.3
 88.9 27.3
 88.8 27.4
 88.8 27.5
 88.9 27.8
 88.8 28.0
 88.6 28.1
 88.5 28.0
 88.1 27.9
 88.2 27.8
 88.0 27.5
 88.1 27.4
 88.0 27.2
 88.0 27.1
 88.1 26.9
 88.2 26.7
 88.1 26.4
 88.0 26.4
 87.9 26.4
 87.6 26.4
 87.5 26.4
 87.4 26.4
 87.3 26.3
 87.1 26.4
 87.1 26.6
 87.0 26.5
 86.9 26.5
 86.7 26.4
 86.3 26.6
 86.2 26.6
 86.0 26.7
 85.9 26.6
 85.8 26.6
 85.7 26.7
 85.7 26.8
 85.6 26.9
 85.3 26.7
 85.2 26.8
 85.2 26.9
 85.0 26.9
 84.9 27.0
 84.8 27.0
 84.6 27.1
 84.7 27.1
 84.7 27.2
 84.6 27.3
 84.3 27.4
 84.2 27.5
 84.1 27.5
 84.0 27.4
 83.9 27.5
 83.8 27.4
 83.9 27.4
 83.6 27.5
 83.4 27.5
 83.4 27.4
 83.3 27.3
 83.2 27.4
 82.8 27.5
 82.7 27.7
 82.4 27.7
 82.2 27.9
 82.0 27.9
 81.9 27.9
 81.5 28.1
 81.4 28.2
 81.3 28.1
 81.2 28.4
 80.9 28.5
 80.8 28.5
 80.6 28.7
 80.5 28.7
 80.5 28.6
 80.4 28.6
 80.3 28.7
 80.1 28.8
 80.1 28.9
 80.1 29.0
 80.1 29.1
 80.3 29.1
 80.2 29.2
 80.3 29.2
 80.3 29.3
 80.2 29.4
 80.4 29.6
 80.4 29.7
 80.4 29.8
 80.5 29.8
 80.9 30.1
 80.9 30.2
 81.0 30.2
 80.6 30.5
 80.5 30.5
 80.3 30.6
 80.2 30.6
 80.2 30.7
 80.3 30.7
 80.2 30.7
 80.1 30.8
 79.9 30.9
 79.7 31.0
 79.6 30.9
 79.2 31.2
 79.2 31.3
 79.1 31.4
 79.0 31.4
 79.0 31.3
 78.9 31.4
 78.9 31.3
 78.8 31.3
 78.8 31.5
 78.7 31.5
 78.8 31.6
 78.7 31.7
 78.7 31.8
 78.8 32.0
 78.7 32.0
 78.5 32.2
 78.5 32.3
 78.4 32.5
 78.4 32.6
 78.6 32.6
 78.7 32.6
 78.8 32.6
 78.8 32.5
 78.9 32.4
 79.1 32.4
 79.1 32.5
 79.3 32.5
 79.4 32.5
 79.5 32.7
 79.5 32.8
 79.5 32.9
 79.4 32.9
 79.4 33.0
 79.4 33.2
 79.1 33.2
 79.1 33.3
 79.0 33.3
 78.9 33.4
 78.8 33.5
 78.8 33.7
 78.8 33.9
 78.7 34.0
 78.7 34.1
 79.0 34.2
 79.0 34.3
 79.0 34.4
 78.6 34.6
 78.4 34.6
 78.3 34.7
 78.1 35.2
 78.0 35.3
 78.1 35.4
 78.1 35.5
 77.9 35.4
 77.8 35.5
 77.8 35.4
 77.5 35.3
 77.2 35.2
 77.0 35.1
 77.1 35.0
 77.0 35.0
 77.0 34.9
 76.9 34.7
 76.8 34.7
 76.7 34.7
 76.5 34.8
 76.3 34.7
 76.2 34.6
 76.0 34.6
 75.9 34.6
 75.8 34.5
 75.4 34.6
 75.2 34.6
 74.7 34.7
 74.4 34.8
 74.2 34.8
 74.0 34.7
 73.9 34.6
 73.8 34.4
 73.9 34.3
 74.0 34.3
 74.0 34.2
 73.9 34.1
 74.0 34.0
 74.2 34.0
 74.3 34.0
 74.3 33.9
 74.2 33.8
 74.1 33.8
 74.0 33.8
 74.0 33.7
 74.0 33.6
 74.2 33.6
 74.2 33.5
 74.1 33.3
 74.0 33.3
 74.0 33.2
 74.3 33.0
 74.4 32.9
 74.3 32.8
 74.4 32.8
 74.6 32.8
 74.7 32.8
 74.7 32.6
 74.7 32.5
 75.0 32.5
 75.4 32.3
 75.3 32.2
 75.1 32.1
 75.0 32.1
 75.0 32.0
 74.8 32.0
 74.8 31.9
 74.6 31.9
 74.5 31.8
 74.5 31.7
 74.6 31.6
 74.6 31.5
 74.5 31.2
 74.5 31.1
 74.7 31.1
 74.6 31.0
 74.6 31.1
 74.2 30.7
 73.9 30.4
 73.9 30.3
 74.0 30.2
 73.8 30.1
 73.6 30.0
 73.4 29.9
 73.3 29.6
 72.9 29.0
 72.4 28.8
 72.3 28.7
 72.2 28.4
 72.0 28.2
 71.9 28.1
 71.9 28.0
 71.6 27.9
 71.2 27.8
 70.9 27.7
 70.8 27.7
 70.7 27.7
 70.6 28.0
 70.5 28.0
 70.4 28.0
 70.1 27.8
 70.1 27.7
 70.0 27.6
 69.7 27.2
 69.6 27.2
 69.5 26.9
 69.5 26.8
 69.8 26.6
 70.1 26.6
 70.2 26.6
 70.2 26.5
 70.2 26.2
 70.1 26.0
 70.2 25.8
 70.3 25.7
 70.4 25.7
 70.6 25.7
 70.7 25.7
 70.7 25.5
 70.7 25.4
 70.8 25.2
 70.9 25.2
 71.1 24.7
 71.0 24.6
 71.0 24.5
 71.1 24.4
 70.9 24.4
 70.9 24.3
 70.8 24.2
 70.6 24.2
 70.6 24.3
 70.6 24.4
 70.5 24.4
 70.4 24.4
 70.1 24.3
 70.1 24.2
 70.0 24.2
 69.7 24.2
 69.6 24.3
 69.4 24.3
 69.2 24.3
 69.1 24.3
 69.0 24.3
 68.9 24.3
 68.9 24.2
 68.8 24.3
 68.7 24.3
 68.7 24.0
 68.4 24.0
 68.3 23.9
 68.2 23.8
 

