38.8 33.4
 38.8 33.4
 38.9 33.1
 39.0 32.9
 39.1 32.7
 39.2 32.5
 39.3 32.2
 40.0 32.1
 41.2 31.5
 42.4 31.0
 43.0 30.7
 43.1 30.4
 43.7 30.4
 43.6 30.1
 43.6 29.6
 44.0 29.5
 44.7 29.2
 45.5 29.5
 45.8 29.4
 46.5 29.1
 46.6 29.1
 46.9 29.5
 47.1 30.0
 47.2 30.0
 47.4 30.1
 47.7 30.1
 48.0 30.0
 48.1 30.0
 48.5 29.9
 48.4 30.0
 48.4 30.1
 48.4 30.2
 48.3 30.3
 48.2 30.3
 48.2 30.4
 48.1 30.5
 48.0 30.6
 48.0 31.0
 47.7 31.0
 47.7 31.4
 47.9 31.8
 47.5 32.1
 47.5 32.3
 47.4 32.3
 47.4 32.4
 47.4 32.5
 47.2 32.5
 46.8 32.7
 46.6 32.8
 46.4 32.9
 46.3 33.0
 46.1 33.0
 46.1 33.1
 46.0 33.1
 46.1 33.1
 46.2 33.2
 46.1 33.3
 46.0 33.5
 45.9 33.5
 45.9 33.6
 45.8 33.6
 45.6 33.9
 45.4 34.0
 45.6 34.2
 45.6 34.3
 45.5 34.3
 45.4 34.4
 45.5 34.5
 45.5 34.6
 45.7 34.6
 45.7 34.7
 45.7 34.8
 45.8 34.8
 45.8 34.9
 45.9 34.9
 45.9 35.1
 46.0 35.1
 46.2 35.1
 46.2 35.2
 46.1 35.2
 46.1 35.3
 46.0 35.5
 46.0 35.6
 46.0 35.7
 46.1 35.7
 46.3 35.8
 45.8 35.8
 45.7 35.8
 45.6 36.0
 45.5 36.0
 45.4 36.0
 45.3 36.0
 45.4 36.1
 45.3 36.4
 45.1 36.4
 45.0 36.5
 45.1 36.7
 45.0 36.7
 44.9 36.8
 44.8 36.8
 44.9 36.9
 44.9 37.0
 44.8 37.1
 44.6 37.2
 44.5 37.1
 44.4 37.0
 44.3 37.0
 44.2 37.1
 44.3 37.2
 44.2 37.3
 44.1 37.3
 44.0 37.3
 43.9 37.2
 43.6 37.2
 43.3 37.3
 43.1 37.4
 43.0 37.3
 42.8 37.4
 42.7 37.4
 42.6 37.2
 42.4 37.1
 41.8 36.6
 41.4 36.5
 41.3 36.4
 41.3 36.1
 41.4 35.8
 41.4 35.6
 41.3 35.5
 41.2 35.2
 41.2 34.8
 41.0 34.4
 40.3 34.1
 38.8 33.4
 

38.8 33.4
 38.8 33.4
 38.9 33.1
 39.0 32.9
 39.1 32.7
 39.2 32.5
 39.3 32.2
 40.0 32.1
 41.2 31.5
 42.4 31.0
 43.0 30.7
 43.1 30.4
 43.7 30.4
 43.6 30.1
 43.6 29.6
 44.0 29.5
 44.7 29.2
 45.5 29.5
 45.8 29.4
 46.5 29.1
 46.6 29.1
 46.9 29.5
 47.1 30.0
 47.2 30.0
 47.4 30.1
 47.7 30.1
 48.0 30.0
 48.1 30.0
 48.5 29.9
 48.4 30.0
 48.4 30.1
 48.4 30.2
 48.3 30.3
 48.2 30.3
 48.2 30.4
 48.1 30.5
 48.0 30.6
 48.0 31.0
 47.7 31.0
 47.7 31.4
 47.9 31.8
 47.5 32.1
 47.5 32.3
 47.4 32.3
 47.4 32.4
 47.4 32.5
 47.2 32.5
 46.8 32.7
 46.6 32.8
 46.4 32.9
 46.3 33.0
 46.1 33.0
 46.1 33.1
 46.0 33.1
 46.1 33.1
 46.2 33.2
 46.1 33.3
 46.0 33.5
 45.9 33.5
 45.9 33.6
 45.8 33.6
 45.6 33.9
 45.4 34.0
 45.6 34.2
 45.6 34.3
 45.5 34.3
 45.4 34.4
 45.5 34.5
 45.5 34.6
 45.7 34.6
 45.7 34.7
 45.7 34.8
 45.8 34.8
 45.8 34.9
 45.9 34.9
 45.9 35.1
 46.0 35.1
 46.2 35.1
 46.2 35.2
 46.1 35.2
 46.1 35.3
 46.0 35.5
 46.0 35.6
 46.0 35.7
 46.1 35.7
 46.3 35.8
 45.8 35.8
 45.7 35.8
 45.6 36.0
 45.5 36.0
 45.4 36.0
 45.3 36.0
 45.4 36.1
 45.3 36.4
 45.1 36.4
 45.0 36.5
 45.1 36.7
 45.0 36.7
 44.9 36.8
 44.8 36.8
 44.9 36.9
 44.9 37.0
 44.8 37.1
 44.6 37.2
 44.5 37.1
 44.4 37.0
 44.3 37.0
 44.2 37.1
 44.3 37.2
 44.2 37.3
 44.1 37.3
 44.0 37.3
 43.9 37.2
 43.6 37.2
 43.3 37.3
 43.1 37.4
 43.0 37.3
 42.8 37.4
 42.7 37.4
 42.6 37.2
 42.4 37.1
 41.8 36.6
 41.4 36.5
 41.3 36.4
 41.3 36.1
 41.4 35.8
 41.4 35.6
 41.3 35.5
 41.2 35.2
 41.2 34.8
 41.0 34.4
 40.3 34.1
 38.8 33.4
 

