44.8 39.7
 44.6 39.8
 44.5 39.7
 44.4 39.4
 44.3 39.4
 44.1 39.4
 44.0 39.4
 44.1 39.3
 44.2 39.1
 44.2 39.0
 44.2 38.9
 44.3 38.9
 44.3 38.8
 44.3 38.7
 44.3 38.6
 44.3 38.4
 44.4 38.4
 44.5 38.3
 44.2 37.9
 44.3 37.9
 44.4 37.8
 44.5 37.8
 44.6 37.7
 44.6 37.6
 44.6 37.4
 44.8 37.3
 44.8 37.2
 44.8 37.1
 44.9 37.0
 44.9 36.9
 44.8 36.8
 44.9 36.8
 45.0 36.7
 45.1 36.7
 45.0 36.5
 45.1 36.4
 45.3 36.4
 45.4 36.1
 45.3 36.0
 45.4 36.0
 45.5 36.0
 45.6 36.0
 45.7 35.8
 45.8 35.8
 46.3 35.8
 46.1 35.7
 46.0 35.7
 46.0 35.6
 46.0 35.5
 46.1 35.3
 46.1 35.2
 46.2 35.2
 46.2 35.1
 46.0 35.1
 45.9 35.1
 45.9 34.9
 45.8 34.9
 45.8 34.8
 45.7 34.8
 45.7 34.7
 45.7 34.6
 45.5 34.6
 45.5 34.5
 45.4 34.4
 45.5 34.3
 45.6 34.3
 45.6 34.2
 45.4 34.0
 45.6 33.9
 45.8 33.6
 45.9 33.6
 45.9 33.5
 46.0 33.5
 46.1 33.3
 46.2 33.2
 46.1 33.1
 46.0 33.1
 46.1 33.1
 46.1 33.0
 46.3 33.0
 46.4 32.9
 46.6 32.8
 46.8 32.7
 47.2 32.5
 47.4 32.5
 47.4 32.4
 47.4 32.3
 47.5 32.3
 47.5 32.1
 47.9 31.8
 47.7 31.4
 47.7 31.0
 48.0 31.0
 48.0 30.6
 48.1 30.5
 48.2 30.4
 48.2 30.3
 48.3 30.3
 48.4 30.2
 48.4 30.1
 48.4 30.0
 48.5 29.9
 48.5 30.0
 48.6 30.0
 48.7 30.0
 48.6 30.0
 48.9 30.0
 48.9 30.2
 48.9 30.3
 48.9 30.4
 49.0 30.4
 49.0 30.5
 48.9 30.5
 49.0 30.5
 49.1 30.5
 49.3 30.4
 49.2 30.4
 49.0 30.4
 48.9 30.4
 49.2 30.2
 49.2 30.3
 49.2 30.2
 49.5 30.2
 49.5 30.1
 49.6 30.0
 49.8 30.1
 49.9 30.2
 50.0 30.2
 50.1 30.2
 50.1 30.1
 50.1 30.0
 50.5 29.6
 50.6 29.5
 50.7 29.4
 50.6 29.2
 50.7 29.1
 50.8 29.1
 50.9 29.1
 50.9 29.0
 50.9 28.9
 50.8 29.0
 50.8 28.9
 50.9 28.8
 51.0 28.8
 51.1 28.7
 51.1 28.4
 51.3 28.2
 51.3 28.1
 51.5 27.9
 51.6 27.8
 52.0 27.8
 52.4 27.6
 52.5 27.6
 52.7 27.4
 52.6 27.4
 53.0 27.1
 53.2 27.1
 53.4 27.0
 53.5 26.9
 53.7 26.7
 54.0 26.7
 54.2 26.7
 54.3 26.7
 54.4 26.6
 54.6 26.6
 54.6 26.5
 54.8 26.5
 55.2 26.8
 55.6 26.8
 55.6 26.9
 55.6 27.0
 56.1 27.1
 56.1 27.2
 56.4 27.2
 56.8 27.1
 56.9 27.1
 56.8 27.0
 56.9 27.0
 57.0 27.0
 57.0 26.9
 57.1 26.7
 57.1 26.5
 57.1 26.4
 57.2 26.2
 57.2 26.1
 57.2 26.0
 57.3 25.9
 57.3 25.8
 57.7 25.7
 57.8 25.7
 57.8 25.6
 57.9 25.7
 58.0 25.7
 58.0 25.6
 58.1 25.5
 58.5 25.6
 58.9 25.5
 59.1 25.4
 59.5 25.5
 59.6 25.4
 59.8 25.4
 59.9 25.3
 60.0 25.4
 60.1 25.4
 60.1 25.3
 60.2 25.3
 60.2 25.4
 60.3 25.4
 60.4 25.3
 60.4 25.4
 60.5 25.4
 60.6 25.4
 60.6 25.3
 61.2 25.1
 61.4 25.1
 61.5 25.1
 61.5 25.2
 61.6 25.2
 61.6 25.3
 61.7 25.8
 61.8 25.8
 61.8 26.2
 61.9 26.2
 62.1 26.3
 62.1 26.4
 62.3 26.4
 62.4 26.5
 62.6 26.6
 62.8 26.6
 63.1 26.6
 63.2 26.6
 63.2 26.8
 63.3 26.9
 63.3 27.0
 63.3 27.1
 63.3 27.2
 63.2 27.3
 62.9 27.2
 62.8 27.3
 62.8 27.5
 62.8 27.8
 62.8 28.0
 62.8 28.3
 62.6 28.2
 62.4 28.4
 62.0 28.5
 61.7 28.8
 61.5 29.0
 61.5 29.1
 61.4 29.2
 61.4 29.4
 60.9 29.9
 61.3 30.3
 61.8 30.8
 61.8 30.9
 61.8 31.0
 61.8 31.2
 61.8 31.3
 61.7 31.4
 61.6 31.4
 60.8 31.5
 60.8 31.9
 60.9 32.2
 60.7 32.6
 60.6 33.1
 60.6 33.2
 60.9 33.4
 60.9 33.5
 60.9 33.6
 60.6 33.6
 60.5 33.7
 60.6 33.8
 60.5 34.0
 60.5 34.2
 60.7 34.3
 60.9 34.3
 60.8 34.5
 60.7 34.5
 60.9 34.6
 61.1 34.8
 61.1 35.2
 61.1 35.3
 61.2 35.3
 61.2 35.5
 61.3 35.5
 61.3 35.6
 61.2 35.7
 61.2 35.9
 61.1 36.0
 61.2 36.1
 61.2 36.3
 61.1 36.4
 61.2 36.6
 60.4 36.6
 60.0 37.0
 59.8 37.1
 59.6 37.1
 59.6 37.2
 59.5 37.2
 59.4 37.3
 59.4 37.5
 59.3 37.5
 59.2 37.5
 59.2 37.6
 58.9 37.7
 58.8 37.7
 58.5 37.7
 58.5 37.6
 58.2 37.7
 58.2 37.8
 58.1 37.8
 57.8 37.9
 57.5 37.9
 57.3 38.0
 57.4 38.1
 57.2 38.3
 57.1 38.2
 56.9 38.2
 56.8 38.3
 56.7 38.3
 56.5 38.3
 56.4 38.2
 56.3 38.2
 56.4 38.1
 56.3 38.1
 56.0 38.1
 55.8 38.1
 55.4 38.1
 55.3 38.0
 54.8 37.7
 54.8 37.6
 54.7 37.5
 54.6 37.4
 54.2 37.3
 53.9 37.4
 54.0 37.0
 54.0 36.9
 54.0 36.8
 53.9 36.8
 53.7 36.8
 53.6 36.9
 54.0 36.9
 53.9 36.9
 53.2 36.9
 52.6 36.7
 52.0 36.6
 51.8 36.6
 51.1 36.7
 50.7 36.9
 50.3 37.2
 50.2 37.4
 50.1 37.4
 49.5 37.5
 49.3 37.5
 49.1 37.7
 49.0 37.8
 48.9 38.3
 48.9 38.4
 48.7 38.4
 48.6 38.4
 48.4 38.6
 48.3 38.6
 48.2 38.7
 48.1 38.8
 48.0 38.9
 48.3 39.0
 48.3 39.1
 48.1 39.2
 48.1 39.3
 48.2 39.3
 48.4 39.4
 48.3 39.4
 48.0 39.7
 47.8 39.7
 47.7 39.6
 47.5 39.5
 47.4 39.4
 47.1 39.3
 47.0 39.2
 46.8 39.2
 46.5 38.9
 46.4 38.9
 46.2 38.8
 45.9 38.9
 45.4 39.0
 45.3 39.2
 45.2 39.2
 45.1 39.3
 45.0 39.4
 44.9 39.6
 44.8 39.6
 44.8 39.7
 

44.8 39.7
 44.6 39.8
 44.5 39.7
 44.4 39.4
 44.3 39.4
 44.1 39.4
 44.0 39.4
 44.1 39.3
 44.2 39.1
 44.2 39.0
 44.2 38.9
 44.3 38.9
 44.3 38.8
 44.3 38.7
 44.3 38.6
 44.3 38.4
 44.4 38.4
 44.5 38.3
 44.2 37.9
 44.3 37.9
 44.4 37.8
 44.5 37.8
 44.6 37.7
 44.6 37.6
 44.6 37.4
 44.8 37.3
 44.8 37.2
 44.8 37.1
 44.9 37.0
 44.9 36.9
 44.8 36.8
 44.9 36.8
 45.0 36.7
 45.1 36.7
 45.0 36.5
 45.1 36.4
 45.3 36.4
 45.4 36.1
 45.3 36.0
 45.4 36.0
 45.5 36.0
 45.6 36.0
 45.7 35.8
 45.8 35.8
 46.3 35.8
 46.1 35.7
 46.0 35.7
 46.0 35.6
 46.0 35.5
 46.1 35.3
 46.1 35.2
 46.2 35.2
 46.2 35.1
 46.0 35.1
 45.9 35.1
 45.9 34.9
 45.8 34.9
 45.8 34.8
 45.7 34.8
 45.7 34.7
 45.7 34.6
 45.5 34.6
 45.5 34.5
 45.4 34.4
 45.5 34.3
 45.6 34.3
 45.6 34.2
 45.4 34.0
 45.6 33.9
 45.8 33.6
 45.9 33.6
 45.9 33.5
 46.0 33.5
 46.1 33.3
 46.2 33.2
 46.1 33.1
 46.0 33.1
 46.1 33.1
 46.1 33.0
 46.3 33.0
 46.4 32.9
 46.6 32.8
 46.8 32.7
 47.2 32.5
 47.4 32.5
 47.4 32.4
 47.4 32.3
 47.5 32.3
 47.5 32.1
 47.9 31.8
 47.7 31.4
 47.7 31.0
 48.0 31.0
 48.0 30.6
 48.1 30.5
 48.2 30.4
 48.2 30.3
 48.3 30.3
 48.4 30.2
 48.4 30.1
 48.4 30.0
 48.5 29.9
 48.5 30.0
 48.6 30.0
 48.7 30.0
 48.6 30.0
 48.9 30.0
 48.9 30.2
 48.9 30.3
 48.9 30.4
 49.0 30.4
 49.0 30.5
 48.9 30.5
 49.0 30.5
 49.1 30.5
 49.3 30.4
 49.2 30.4
 49.0 30.4
 48.9 30.4
 49.2 30.2
 49.2 30.3
 49.2 30.2
 49.5 30.2
 49.5 30.1
 49.6 30.0
 49.8 30.1
 49.9 30.2
 50.0 30.2
 50.1 30.2
 50.1 30.1
 50.1 30.0
 50.5 29.6
 50.6 29.5
 50.7 29.4
 50.6 29.2
 50.7 29.1
 50.8 29.1
 50.9 29.1
 50.9 29.0
 50.9 28.9
 50.8 29.0
 50.8 28.9
 50.9 28.8
 51.0 28.8
 51.1 28.7
 51.1 28.4
 51.3 28.2
 51.3 28.1
 51.5 27.9
 51.6 27.8
 52.0 27.8
 52.4 27.6
 52.5 27.6
 52.7 27.4
 52.6 27.4
 53.0 27.1
 53.2 27.1
 53.4 27.0
 53.5 26.9
 53.7 26.7
 54.0 26.7
 54.2 26.7
 54.3 26.7
 54.4 26.6
 54.6 26.6
 54.6 26.5
 54.8 26.5
 55.2 26.8
 55.6 26.8
 55.6 26.9
 55.6 27.0
 56.1 27.1
 56.1 27.2
 56.4 27.2
 56.8 27.1
 56.9 27.1
 56.8 27.0
 56.9 27.0
 57.0 27.0
 57.0 26.9
 57.1 26.7
 57.1 26.5
 57.1 26.4
 57.2 26.2
 57.2 26.1
 57.2 26.0
 57.3 25.9
 57.3 25.8
 57.7 25.7
 57.8 25.7
 57.8 25.6
 57.9 25.7
 58.0 25.7
 58.0 25.6
 58.1 25.5
 58.5 25.6
 58.9 25.5
 59.1 25.4
 59.5 25.5
 59.6 25.4
 59.8 25.4
 59.9 25.3
 60.0 25.4
 60.1 25.4
 60.1 25.3
 60.2 25.3
 60.2 25.4
 60.3 25.4
 60.4 25.3
 60.4 25.4
 60.5 25.4
 60.6 25.4
 60.6 25.3
 61.2 25.1
 61.4 25.1
 61.5 25.1
 61.5 25.2
 61.6 25.2
 61.6 25.3
 61.7 25.8
 61.8 25.8
 61.8 26.2
 61.9 26.2
 62.1 26.3
 62.1 26.4
 62.3 26.4
 62.4 26.5
 62.6 26.6
 62.8 26.6
 63.1 26.6
 63.2 26.6
 63.2 26.8
 63.3 26.9
 63.3 27.0
 63.3 27.1
 63.3 27.2
 63.2 27.3
 62.9 27.2
 62.8 27.3
 62.8 27.5
 62.8 27.8
 62.8 28.0
 62.8 28.3
 62.6 28.2
 62.4 28.4
 62.0 28.5
 61.7 28.8
 61.5 29.0
 61.5 29.1
 61.4 29.2
 61.4 29.4
 60.9 29.9
 61.3 30.3
 61.8 30.8
 61.8 30.9
 61.8 31.0
 61.8 31.2
 61.8 31.3
 61.7 31.4
 61.6 31.4
 60.8 31.5
 60.8 31.9
 60.9 32.2
 60.7 32.6
 60.6 33.1
 60.6 33.2
 60.9 33.4
 60.9 33.5
 60.9 33.6
 60.6 33.6
 60.5 33.7
 60.6 33.8
 60.5 34.0
 60.5 34.2
 60.7 34.3
 60.9 34.3
 60.8 34.5
 60.7 34.5
 60.9 34.6
 61.1 34.8
 61.1 35.2
 61.1 35.3
 61.2 35.3
 61.2 35.5
 61.3 35.5
 61.3 35.6
 61.2 35.7
 61.2 35.9
 61.1 36.0
 61.2 36.1
 61.2 36.3
 61.1 36.4
 61.2 36.6
 60.4 36.6
 60.0 37.0
 59.8 37.1
 59.6 37.1
 59.6 37.2
 59.5 37.2
 59.4 37.3
 59.4 37.5
 59.3 37.5
 59.2 37.5
 59.2 37.6
 58.9 37.7
 58.8 37.7
 58.5 37.7
 58.5 37.6
 58.2 37.7
 58.2 37.8
 58.1 37.8
 57.8 37.9
 57.5 37.9
 57.3 38.0
 57.4 38.1
 57.2 38.3
 57.1 38.2
 56.9 38.2
 56.8 38.3
 56.7 38.3
 56.5 38.3
 56.4 38.2
 56.3 38.2
 56.4 38.1
 56.3 38.1
 56.0 38.1
 55.8 38.1
 55.4 38.1
 55.3 38.0
 54.8 37.7
 54.8 37.6
 54.7 37.5
 54.6 37.4
 54.2 37.3
 53.9 37.4
 54.0 37.0
 54.0 36.9
 54.0 36.8
 53.9 36.8
 53.7 36.8
 53.6 36.9
 54.0 36.9
 53.9 36.9
 53.2 36.9
 52.6 36.7
 52.0 36.6
 51.8 36.6
 51.1 36.7
 50.7 36.9
 50.3 37.2
 50.2 37.4
 50.1 37.4
 49.5 37.5
 49.3 37.5
 49.1 37.7
 49.0 37.8
 48.9 38.3
 48.9 38.4
 48.7 38.4
 48.6 38.4
 48.4 38.6
 48.3 38.6
 48.2 38.7
 48.1 38.8
 48.0 38.9
 48.3 39.0
 48.3 39.1
 48.1 39.2
 48.1 39.3
 48.2 39.3
 48.4 39.4
 48.3 39.4
 48.0 39.7
 47.8 39.7
 47.7 39.6
 47.5 39.5
 47.4 39.4
 47.1 39.3
 47.0 39.2
 46.8 39.2
 46.5 38.9
 46.4 38.9
 46.2 38.8
 45.9 38.9
 45.4 39.0
 45.3 39.2
 45.2 39.2
 45.1 39.3
 45.0 39.4
 44.9 39.6
 44.8 39.6
 44.8 39.7
 

