35.6 32.7
 35.6 32.7
 35.6 32.5
 35.6 32.4
 35.5 32.1
 35.5 32.0
 35.5 31.9
 35.5 31.8
 35.5 31.5
 35.5 31.4
 35.4 31.3
 35.4 31.2
 35.5 31.1
 35.4 31.1
 35.4 30.9
 35.3 30.9
 35.3 30.7
 35.2 30.6
 35.2 30.4
 35.1 30.2
 35.2 30.2
 35.0 29.6
 35.0 29.5
 35.0 29.4
 35.2 29.3
 35.5 29.3
 35.7 29.2
 36.0 29.2
 36.1 29.2
 36.3 29.4
 36.5 29.6
 36.7 29.8
 36.7 29.9
 37.0 29.9
 37.3 30.0
 37.5 30.0
 37.6 30.2
 37.7 30.3
 37.9 30.5
 38.0 30.5
 37.8 30.7
 37.6 31.0
 37.3 31.2
 37.1 31.4
 37.0 31.5
 37.3 31.6
 37.5 31.6
 37.8 31.7
 38.1 31.8
 38.3 31.8
 38.6 31.9
 38.9 32.0
 39.0 32.0
 39.3 32.2
 39.2 32.5
 39.1 32.7
 39.0 32.9
 38.9 33.1
 38.8 33.4
 38.7 33.3
 38.4 33.2
 38.2 33.1
 37.9 32.9
 37.6 32.8
 37.4 32.6
 37.1 32.5
 36.8 32.3
 36.7 32.3
 36.4 32.4
 36.3 32.5
 36.1 32.5
 35.9 32.7
 35.8 32.7
 35.6 32.7
 

35.6 32.7
 35.6 32.7
 35.6 32.5
 35.6 32.4
 35.5 32.1
 35.5 32.0
 35.5 31.9
 35.5 31.8
 35.5 31.5
 35.5 31.4
 35.4 31.3
 35.4 31.2
 35.5 31.1
 35.4 31.1
 35.4 30.9
 35.3 30.9
 35.3 30.7
 35.2 30.6
 35.2 30.4
 35.1 30.2
 35.2 30.2
 35.0 29.6
 35.0 29.5
 35.0 29.4
 35.2 29.3
 35.5 29.3
 35.7 29.2
 36.0 29.2
 36.1 29.2
 36.3 29.4
 36.5 29.6
 36.7 29.8
 36.7 29.9
 37.0 29.9
 37.3 30.0
 37.5 30.0
 37.6 30.2
 37.7 30.3
 37.9 30.5
 38.0 30.5
 37.8 30.7
 37.6 31.0
 37.3 31.2
 37.1 31.4
 37.0 31.5
 37.3 31.6
 37.5 31.6
 37.8 31.7
 38.1 31.8
 38.3 31.8
 38.6 31.9
 38.9 32.0
 39.0 32.0
 39.3 32.2
 39.2 32.5
 39.1 32.7
 39.0 32.9
 38.9 33.1
 38.8 33.4
 38.7 33.3
 38.4 33.2
 38.2 33.1
 37.9 32.9
 37.6 32.8
 37.4 32.6
 37.1 32.5
 36.8 32.3
 36.7 32.3
 36.4 32.4
 36.3 32.5
 36.1 32.5
 35.9 32.7
 35.8 32.7
 35.6 32.7
 

