71.0 42.3
 71.0 42.3
 71.1 42.3
 71.3 42.2
 71.2 42.1
 71.1 42.1
 71.0 42.0
 70.9 42.0
 70.8 41.9
 70.7 41.9
 70.5 41.8
 70.5 41.7
 70.2 41.6
 70.2 41.5
 70.4 41.5
 70.5 41.4
 70.7 41.5
 70.8 41.4
 70.8 41.2
 70.8 41.3
 70.9 41.2
 71.1 41.2
 71.2 41.2
 71.2 41.1
 71.2 41.2
 71.3 41.2
 71.3 41.1
 71.3 41.2
 71.4 41.1
 71.4 41.3
 71.6 41.3
 71.7 41.4
 71.6 41.5
 71.6 41.6
 71.7 41.6
 71.7 41.5
 71.7 41.4
 71.7 41.5
 71.7 41.4
 71.8 41.5
 71.9 41.3
 71.9 41.2
 72.0 41.2
 72.1 41.2
 72.2 41.2
 72.2 41.1
 72.2 41.0
 72.3 41.0
 72.4 41.1
 72.4 41.0
 72.5 41.0
 72.6 41.0
 72.6 40.9
 72.7 40.9
 72.9 40.9
 72.9 40.8
 73.0 40.9
 73.1 40.8
 73.2 40.8
 73.1 40.8
 72.9 40.7
 72.8 40.7
 72.8 40.6
 72.7 40.6
 72.7 40.5
 72.6 40.5
 72.5 40.6
 72.4 40.6
 72.4 40.5
 72.5 40.5
 72.4 40.4
 72.3 40.4
 72.2 40.4
 72.3 40.4
 72.3 40.5
 72.2 40.5
 72.1 40.4
 72.0 40.3
 72.0 40.2
 72.0 40.3
 72.0 40.2
 71.9 40.3
 71.8 40.2
 71.7 40.1
 71.7 40.2
 71.7 40.3
 71.6 40.3
 71.6 40.2
 71.5 40.2
 71.5 40.3
 71.4 40.3
 71.3 40.3
 71.2 40.3
 71.1 40.3
 71.0 40.3
 71.0 40.2
 70.9 40.2
 70.8 40.2
 70.8 40.1
 70.7 40.1
 70.7 40.0
 70.6 40.0
 70.5 40.0
 70.5 39.9
 70.5 40.0
 70.6 40.0
 70.5 40.0
 70.3 40.1
 70.2 40.1
 70.0 40.2
 69.6 40.1
 69.5 40.1
 69.5 40.0
 69.5 39.9
 69.4 39.9
 69.4 40.0
 69.3 40.0
 69.3 39.9
 69.2 39.8
 69.3 39.7
 69.3 39.5
 69.4 39.5
 69.4 39.6
 69.4 39.5
 69.5 39.5
 69.6 39.6
 69.7 39.6
 69.8 39.6
 69.8 39.5
 69.9 39.6
 70.0 39.5
 70.1 39.6
 70.2 39.6
 70.2 39.5
 70.3 39.5
 70.4 39.6
 70.5 39.6
 70.6 39.6
 70.7 39.5
 70.7 39.4
 70.8 39.4
 70.9 39.4
 71.0 39.4
 71.1 39.5
 71.2 39.5
 71.3 39.5
 71.3 39.6
 71.4 39.6
 71.5 39.6
 71.6 39.6
 71.5 39.5
 71.6 39.4
 71.8 39.5
 71.8 39.4
 71.7 39.3
 71.8 39.3
 71.9 39.3
 72.0 39.4
 72.1 39.4
 72.1 39.3
 72.2 39.2
 72.3 39.3
 72.4 39.3
 72.4 39.4
 72.5 39.4
 72.6 39.4
 72.7 39.4
 72.9 39.4
 73.0 39.4
 73.1 39.4
 73.2 39.4
 73.3 39.4
 73.4 39.4
 73.5 39.5
 73.7 39.5
 73.8 39.5
 74.0 39.6
 73.8 39.8
 73.9 39.8
 74.0 40.0
 74.2 40.1
 74.3 40.1
 74.5 40.2
 74.7 40.3
 74.9 40.3
 74.9 40.4
 74.8 40.4
 74.8 40.5
 74.9 40.5
 75.1 40.4
 75.3 40.5
 75.6 40.6
 75.7 40.4
 75.7 40.3
 75.9 40.3
 76.0 40.4
 76.2 40.4
 76.3 40.5
 76.3 40.4
 76.4 40.4
 76.6 40.6
 76.6 40.7
 76.8 40.9
 76.9 41.0
 77.0 41.0
 77.5 41.0
 78.2 41.1
 78.4 41.3
 78.4 41.4
 78.5 41.5
 78.6 41.5
 78.7 41.5
 79.3 41.8
 79.6 41.8
 79.8 41.9
 79.9 42.0
 80.0 42.0
 80.2 42.0
 80.3 42.1
 80.3 42.2
 80.2 42.2
 80.1 42.3
 80.0 42.4
 79.8 42.4
 79.7 42.5
 79.6 42.5
 79.4 42.5
 79.4 42.6
 79.3 42.6
 79.2 42.7
 79.2 42.8
 79.0 42.8
 78.9 42.8
 78.8 42.8
 78.7 42.8
 78.5 42.9
 78.4 42.9
 78.3 42.9
 78.1 42.9
 78.0 42.9
 77.9 42.9
 77.8 42.9
 77.7 42.9
 77.6 42.9
 77.5 42.9
 77.4 42.9
 77.2 42.9
 77.1 43.0
 77.0 43.0
 76.9 43.0
 76.8 42.9
 76.7 42.9
 76.6 42.9
 76.5 42.9
 76.4 42.9
 76.3 42.9
 76.2 42.9
 76.1 42.9
 76.0 42.9
 75.9 42.9
 75.8 42.9
 75.7 42.9
 75.7 42.8
 75.6 42.8
 75.2 42.9
 74.9 43.0
 74.8 43.0
 74.6 43.1
 74.5 43.2
 74.4 43.2
 74.3 43.2
 74.2 43.3
 74.2 43.2
 74.1 43.2
 74.0 43.2
 73.9 43.1
 73.8 43.1
 73.6 43.0
 73.5 42.9
 73.5 42.8
 73.5 42.7
 73.4 42.6
 73.5 42.5
 73.5 42.4
 73.4 42.4
 73.3 42.4
 73.3 42.5
 73.2 42.5
 73.2 42.6
 73.0 42.5
 72.9 42.5
 72.8 42.6
 72.8 42.7
 72.6 42.7
 72.5 42.7
 72.3 42.8
 72.2 42.8
 72.1 42.8
 71.9 42.8
 71.8 42.8
 71.7 42.8
 71.6 42.8
 71.5 42.8
 71.4 42.8
 71.4 42.7
 71.3 42.8
 71.2 42.7
 71.2 42.6
 71.0 42.6
 71.0 42.5
 71.1 42.5
 71.0 42.5
 71.0 42.4
 70.9 42.3
 71.0 42.3
 

71.0 42.3
 71.0 42.3
 71.1 42.3
 71.3 42.2
 71.2 42.1
 71.1 42.1
 71.0 42.0
 70.9 42.0
 70.8 41.9
 70.7 41.9
 70.5 41.8
 70.5 41.7
 70.2 41.6
 70.2 41.5
 70.4 41.5
 70.5 41.4
 70.7 41.5
 70.8 41.4
 70.8 41.2
 70.8 41.3
 70.9 41.2
 71.1 41.2
 71.2 41.2
 71.2 41.1
 71.2 41.2
 71.3 41.2
 71.3 41.1
 71.3 41.2
 71.4 41.1
 71.4 41.3
 71.6 41.3
 71.7 41.4
 71.6 41.5
 71.6 41.6
 71.7 41.6
 71.7 41.5
 71.7 41.4
 71.7 41.5
 71.7 41.4
 71.8 41.5
 71.9 41.3
 71.9 41.2
 72.0 41.2
 72.1 41.2
 72.2 41.2
 72.2 41.1
 72.2 41.0
 72.3 41.0
 72.4 41.1
 72.4 41.0
 72.5 41.0
 72.6 41.0
 72.6 40.9
 72.7 40.9
 72.9 40.9
 72.9 40.8
 73.0 40.9
 73.1 40.8
 73.2 40.8
 73.1 40.8
 72.9 40.7
 72.8 40.7
 72.8 40.6
 72.7 40.6
 72.7 40.5
 72.6 40.5
 72.5 40.6
 72.4 40.6
 72.4 40.5
 72.5 40.5
 72.4 40.4
 72.3 40.4
 72.2 40.4
 72.3 40.4
 72.3 40.5
 72.2 40.5
 72.1 40.4
 72.0 40.3
 72.0 40.2
 72.0 40.3
 72.0 40.2
 71.9 40.3
 71.8 40.2
 71.7 40.1
 71.7 40.2
 71.7 40.3
 71.6 40.3
 71.6 40.2
 71.5 40.2
 71.5 40.3
 71.4 40.3
 71.3 40.3
 71.2 40.3
 71.1 40.3
 71.0 40.3
 71.0 40.2
 70.9 40.2
 70.8 40.2
 70.8 40.1
 70.7 40.1
 70.7 40.0
 70.6 40.0
 70.5 40.0
 70.5 39.9
 70.5 40.0
 70.6 40.0
 70.5 40.0
 70.3 40.1
 70.2 40.1
 70.0 40.2
 69.6 40.1
 69.5 40.1
 69.5 40.0
 69.5 39.9
 69.4 39.9
 69.4 40.0
 69.3 40.0
 69.3 39.9
 69.2 39.8
 69.3 39.7
 69.3 39.5
 69.4 39.5
 69.4 39.6
 69.4 39.5
 69.5 39.5
 69.6 39.6
 69.7 39.6
 69.8 39.6
 69.8 39.5
 69.9 39.6
 70.0 39.5
 70.1 39.6
 70.2 39.6
 70.2 39.5
 70.3 39.5
 70.4 39.6
 70.5 39.6
 70.6 39.6
 70.7 39.5
 70.7 39.4
 70.8 39.4
 70.9 39.4
 71.0 39.4
 71.1 39.5
 71.2 39.5
 71.3 39.5
 71.3 39.6
 71.4 39.6
 71.5 39.6
 71.6 39.6
 71.5 39.5
 71.6 39.4
 71.8 39.5
 71.8 39.4
 71.7 39.3
 71.8 39.3
 71.9 39.3
 72.0 39.4
 72.1 39.4
 72.1 39.3
 72.2 39.2
 72.3 39.3
 72.4 39.3
 72.4 39.4
 72.5 39.4
 72.6 39.4
 72.7 39.4
 72.9 39.4
 73.0 39.4
 73.1 39.4
 73.2 39.4
 73.3 39.4
 73.4 39.4
 73.5 39.5
 73.7 39.5
 73.8 39.5
 74.0 39.6
 73.8 39.8
 73.9 39.8
 74.0 40.0
 74.2 40.1
 74.3 40.1
 74.5 40.2
 74.7 40.3
 74.9 40.3
 74.9 40.4
 74.8 40.4
 74.8 40.5
 74.9 40.5
 75.1 40.4
 75.3 40.5
 75.6 40.6
 75.7 40.4
 75.7 40.3
 75.9 40.3
 76.0 40.4
 76.2 40.4
 76.3 40.5
 76.3 40.4
 76.4 40.4
 76.6 40.6
 76.6 40.7
 76.8 40.9
 76.9 41.0
 77.0 41.0
 77.5 41.0
 78.2 41.1
 78.4 41.3
 78.4 41.4
 78.5 41.5
 78.6 41.5
 78.7 41.5
 79.3 41.8
 79.6 41.8
 79.8 41.9
 79.9 42.0
 80.0 42.0
 80.2 42.0
 80.3 42.1
 80.3 42.2
 80.2 42.2
 80.1 42.3
 80.0 42.4
 79.8 42.4
 79.7 42.5
 79.6 42.5
 79.4 42.5
 79.4 42.6
 79.3 42.6
 79.2 42.7
 79.2 42.8
 79.0 42.8
 78.9 42.8
 78.8 42.8
 78.7 42.8
 78.5 42.9
 78.4 42.9
 78.3 42.9
 78.1 42.9
 78.0 42.9
 77.9 42.9
 77.8 42.9
 77.7 42.9
 77.6 42.9
 77.5 42.9
 77.4 42.9
 77.2 42.9
 77.1 43.0
 77.0 43.0
 76.9 43.0
 76.8 42.9
 76.7 42.9
 76.6 42.9
 76.5 42.9
 76.4 42.9
 76.3 42.9
 76.2 42.9
 76.1 42.9
 76.0 42.9
 75.9 42.9
 75.8 42.9
 75.7 42.9
 75.7 42.8
 75.6 42.8
 75.2 42.9
 74.9 43.0
 74.8 43.0
 74.6 43.1
 74.5 43.2
 74.4 43.2
 74.3 43.2
 74.2 43.3
 74.2 43.2
 74.1 43.2
 74.0 43.2
 73.9 43.1
 73.8 43.1
 73.6 43.0
 73.5 42.9
 73.5 42.8
 73.5 42.7
 73.4 42.6
 73.5 42.5
 73.5 42.4
 73.4 42.4
 73.3 42.4
 73.3 42.5
 73.2 42.5
 73.2 42.6
 73.0 42.5
 72.9 42.5
 72.8 42.6
 72.8 42.7
 72.6 42.7
 72.5 42.7
 72.3 42.8
 72.2 42.8
 72.1 42.8
 71.9 42.8
 71.8 42.8
 71.7 42.8
 71.6 42.8
 71.5 42.8
 71.4 42.8
 71.4 42.7
 71.3 42.8
 71.2 42.7
 71.2 42.6
 71.0 42.6
 71.0 42.5
 71.1 42.5
 71.0 42.5
 71.0 42.4
 70.9 42.3
 71.0 42.3
 

