102.9 11.6
 103.0 11.6
 103.0 11.7
 103.1 11.7
 103.0 11.7
 103.0 11.6
 103.0 11.5
 103.1 11.5
 103.2 11.4
 103.1 11.5
 103.1 11.4
 103.1 11.3
 103.1 11.2
 103.1 10.9
 103.2 10.9
 103.3 10.9
 103.4 10.9
 103.5 11.1
 103.5 11.2
 103.6 11.2
 103.7 10.9
 103.7 10.7
 103.6 10.7
 103.5 10.6
 103.6 10.5
 103.7 10.5
 103.8 10.5
 103.9 10.7
 104.0 10.6
 104.2 10.6
 104.3 10.6
 104.4 10.5
 104.4 10.4
 104.6 10.5
 104.8 10.5
 104.9 10.5
 105.1 10.7
 105.1 10.8
 105.0 10.9
 105.1 11.0
 105.4 10.8
 105.4 11.0
 105.5 11.0
 105.8 11.0
 105.9 10.9
 105.9 10.8
 106.0 10.9
 106.2 10.8
 106.1 10.9
 106.2 11.0
 106.2 11.1
 106.1 11.1
 105.9 11.3
 105.9 11.4
 105.8 11.6
 106.0 11.6
 106.0 11.8
 106.2 11.7
 106.5 11.7
 106.4 11.8
 106.5 11.9
 106.4 12.0
 106.5 12.0
 106.7 12.0
 106.8 12.1
 107.0 12.1
 107.2 12.3
 107.3 12.3
 107.4 12.3
 107.5 12.4
 107.6 12.5
 107.6 12.8
 107.5 12.9
 107.5 13.0
 107.6 13.4
 107.6 13.5
 107.5 13.8
 107.5 13.9
 107.4 14.0
 107.4 14.3
 107.4 14.4
 107.5 14.4
 107.5 14.6
 107.5 14.7
 107.5 14.6
 107.4 14.5
 107.3 14.6
 107.1 14.4
 107.0 14.4
 106.8 14.3
 106.7 14.4
 106.6 14.5
 106.5 14.6
 106.4 14.5
 106.3 14.4
 106.3 14.5
 106.2 14.4
 106.0 14.4
 106.0 14.3
 106.0 14.2
 106.1 14.2
 106.2 14.1
 106.1 13.9
 105.9 13.9
 105.9 14.0
 105.8 14.0
 105.7 14.1
 105.6 14.2
 105.5 14.1
 105.4 14.1
 105.2 14.3
 105.2 14.4
 105.1 14.2
 105.0 14.2
 105.0 14.4
 104.9 14.4
 104.8 14.4
 104.7 14.4
 104.6 14.4
 104.4 14.4
 104.2 14.4
 104.0 14.4
 103.7 14.4
 103.5 14.4
 103.2 14.3
 103.0 14.2
 102.9 14.1
 102.8 13.9
 102.7 13.8
 102.6 13.7
 102.6 13.6
 102.5 13.6
 102.4 13.6
 102.4 13.3
 102.5 13.0
 102.5 12.8
 102.5 12.7
 102.6 12.6
 102.8 12.4
 102.7 12.3
 102.8 12.0
 102.9 11.7
 102.9 11.6
 

102.9 11.6
 103.0 11.6
 103.0 11.7
 103.1 11.7
 103.0 11.7
 103.0 11.6
 103.0 11.5
 103.1 11.5
 103.2 11.4
 103.1 11.5
 103.1 11.4
 103.1 11.3
 103.1 11.2
 103.1 10.9
 103.2 10.9
 103.3 10.9
 103.4 10.9
 103.5 11.1
 103.5 11.2
 103.6 11.2
 103.7 10.9
 103.7 10.7
 103.6 10.7
 103.5 10.6
 103.6 10.5
 103.7 10.5
 103.8 10.5
 103.9 10.7
 104.0 10.6
 104.2 10.6
 104.3 10.6
 104.4 10.5
 104.4 10.4
 104.6 10.5
 104.8 10.5
 104.9 10.5
 105.1 10.7
 105.1 10.8
 105.0 10.9
 105.1 11.0
 105.4 10.8
 105.4 11.0
 105.5 11.0
 105.8 11.0
 105.9 10.9
 105.9 10.8
 106.0 10.9
 106.2 10.8
 106.1 10.9
 106.2 11.0
 106.2 11.1
 106.1 11.1
 105.9 11.3
 105.9 11.4
 105.8 11.6
 106.0 11.6
 106.0 11.8
 106.2 11.7
 106.5 11.7
 106.4 11.8
 106.5 11.9
 106.4 12.0
 106.5 12.0
 106.7 12.0
 106.8 12.1
 107.0 12.1
 107.2 12.3
 107.3 12.3
 107.4 12.3
 107.5 12.4
 107.6 12.5
 107.6 12.8
 107.5 12.9
 107.5 13.0
 107.6 13.4
 107.6 13.5
 107.5 13.8
 107.5 13.9
 107.4 14.0
 107.4 14.3
 107.4 14.4
 107.5 14.4
 107.5 14.6
 107.5 14.7
 107.5 14.6
 107.4 14.5
 107.3 14.6
 107.1 14.4
 107.0 14.4
 106.8 14.3
 106.7 14.4
 106.6 14.5
 106.5 14.6
 106.4 14.5
 106.3 14.4
 106.3 14.5
 106.2 14.4
 106.0 14.4
 106.0 14.3
 106.0 14.2
 106.1 14.2
 106.2 14.1
 106.1 13.9
 105.9 13.9
 105.9 14.0
 105.8 14.0
 105.7 14.1
 105.6 14.2
 105.5 14.1
 105.4 14.1
 105.2 14.3
 105.2 14.4
 105.1 14.2
 105.0 14.2
 105.0 14.4
 104.9 14.4
 104.8 14.4
 104.7 14.4
 104.6 14.4
 104.4 14.4
 104.2 14.4
 104.0 14.4
 103.7 14.4
 103.5 14.4
 103.2 14.3
 103.0 14.2
 102.9 14.1
 102.8 13.9
 102.7 13.8
 102.6 13.7
 102.6 13.6
 102.5 13.6
 102.4 13.6
 102.4 13.3
 102.5 13.0
 102.5 12.8
 102.5 12.7
 102.6 12.6
 102.8 12.4
 102.7 12.3
 102.8 12.0
 102.9 11.7
 102.9 11.6
 

