124.4 40.1
 124.4 40.0
 124.4 39.9
 124.3 39.9
 124.4 39.8
 124.6 39.8
 124.6 39.6
 124.8 39.7
 124.7 39.8
 124.9 39.7
 124.9 39.6
 125.4 39.6
 125.3 39.5
 125.3 39.4
 125.4 39.3
 125.4 39.2
 125.3 39.2
 125.3 39.1
 125.2 38.9
 125.1 38.8
 125.2 38.7
 125.2 38.8
 125.3 38.7
 125.2 38.7
 125.3 38.7
 125.4 38.7
 125.4 38.8
 125.6 38.7
 125.3 38.7
 125.2 38.6
 125.1 38.7
 125.1 38.6
 125.0 38.6
 125.0 38.5
 125.0 38.4
 124.9 38.4
 124.9 38.3
 124.9 38.2
 125.0 38.2
 124.9 38.2
 124.7 38.1
 124.8 38.1
 124.9 38.1
 125.0 38.1
 125.2 38.1
 125.3 38.0
 125.1 38.0
 125.2 38.0
 125.0 38.0
 125.0 37.9
 125.2 37.9
 125.3 37.9
 125.2 37.8
 125.3 37.8
 125.4 37.9
 125.4 37.8
 125.4 37.9
 125.5 37.9
 125.5 37.8
 125.4 37.8
 125.3 37.7
 125.6 37.8
 125.6 37.9
 125.7 37.9
 125.6 38.0
 125.8 38.0
 125.9 37.8
 126.0 37.8
 126.0 37.9
 126.1 37.7
 126.2 37.7
 126.1 37.8
 126.4 37.9
 126.6 37.8
 126.7 37.8
 126.7 37.9
 126.8 38.0
 127.0 38.2
 127.2 38.3
 127.8 38.3
 128.1 38.3
 128.3 38.4
 128.3 38.5
 128.3 38.6
 128.4 38.6
 128.4 38.7
 128.3 38.8
 128.2 38.7
 127.8 39.1
 127.5 39.1
 127.4 39.2
 127.4 39.3
 127.5 39.3
 127.5 39.4
 127.4 39.4
 127.5 39.4
 127.5 39.3
 127.6 39.3
 127.5 39.5
 127.6 39.6
 127.5 39.7
 127.6 39.8
 127.8 39.8
 128.0 40.0
 128.2 40.0
 128.3 40.1
 128.3 40.0
 128.4 40.1
 128.6 40.2
 128.7 40.2
 128.6 40.3
 128.8 40.3
 128.9 40.4
 129.0 40.4
 129.1 40.5
 129.2 40.6
 129.2 40.7
 129.3 40.7
 129.4 40.8
 129.7 40.8
 129.8 40.9
 129.7 41.1
 129.8 41.3
 129.8 41.4
 129.7 41.4
 129.7 41.5
 129.8 41.7
 129.9 41.8
 129.9 41.9
 130.0 41.9
 130.1 42.0
 130.2 42.1
 130.2 42.2
 130.3 42.2
 130.4 42.2
 130.4 42.3
 130.6 42.3
 130.7 42.3
 130.6 42.4
 130.5 42.5
 130.5 42.6
 130.5 42.5
 130.4 42.6
 130.3 42.7
 130.3 42.9
 130.1 42.9
 130.1 43.0
 130.0 43.0
 129.9 43.0
 129.8 42.7
 129.8 42.6
 129.7 42.6
 129.7 42.5
 129.7 42.4
 129.6 42.4
 129.5 42.4
 129.4 42.4
 129.2 42.3
 129.2 42.2
 129.1 42.1
 129.0 42.1
 128.9 42.0
 128.6 42.0
 128.5 42.0
 128.4 42.0
 128.3 42.0
 128.1 42.0
 128.1 41.9
 128.2 41.7
 128.3 41.6
 128.3 41.5
 128.2 41.4
 128.0 41.4
 127.9 41.4
 127.7 41.4
 127.6 41.4
 127.5 41.5
 127.3 41.5
 127.2 41.5
 127.1 41.5
 127.2 41.6
 127.0 41.7
 126.9 41.8
 126.8 41.7
 126.7 41.7
 126.6 41.6
 126.6 41.5
 126.5 41.4
 126.1 41.0
 126.0 40.9
 125.9 40.9
 125.7 40.9
 125.6 40.8
 125.7 40.8
 125.6 40.8
 125.4 40.6
 125.3 40.6
 125.0 40.5
 124.9 40.5
 124.6 40.3
 124.4 40.1
 

124.4 40.1
 124.4 40.0
 124.4 39.9
 124.3 39.9
 124.4 39.8
 124.6 39.8
 124.6 39.6
 124.8 39.7
 124.7 39.8
 124.9 39.7
 124.9 39.6
 125.4 39.6
 125.3 39.5
 125.3 39.4
 125.4 39.3
 125.4 39.2
 125.3 39.2
 125.3 39.1
 125.2 38.9
 125.1 38.8
 125.2 38.7
 125.2 38.8
 125.3 38.7
 125.2 38.7
 125.3 38.7
 125.4 38.7
 125.4 38.8
 125.6 38.7
 125.3 38.7
 125.2 38.6
 125.1 38.7
 125.1 38.6
 125.0 38.6
 125.0 38.5
 125.0 38.4
 124.9 38.4
 124.9 38.3
 124.9 38.2
 125.0 38.2
 124.9 38.2
 124.7 38.1
 124.8 38.1
 124.9 38.1
 125.0 38.1
 125.2 38.1
 125.3 38.0
 125.1 38.0
 125.2 38.0
 125.0 38.0
 125.0 37.9
 125.2 37.9
 125.3 37.9
 125.2 37.8
 125.3 37.8
 125.4 37.9
 125.4 37.8
 125.4 37.9
 125.5 37.9
 125.5 37.8
 125.4 37.8
 125.3 37.7
 125.6 37.8
 125.6 37.9
 125.7 37.9
 125.6 38.0
 125.8 38.0
 125.9 37.8
 126.0 37.8
 126.0 37.9
 126.1 37.7
 126.2 37.7
 126.1 37.8
 126.4 37.9
 126.6 37.8
 126.7 37.8
 126.7 37.9
 126.8 38.0
 127.0 38.2
 127.2 38.3
 127.8 38.3
 128.1 38.3
 128.3 38.4
 128.3 38.5
 128.3 38.6
 128.4 38.6
 128.4 38.7
 128.3 38.8
 128.2 38.7
 127.8 39.1
 127.5 39.1
 127.4 39.2
 127.4 39.3
 127.5 39.3
 127.5 39.4
 127.4 39.4
 127.5 39.4
 127.5 39.3
 127.6 39.3
 127.5 39.5
 127.6 39.6
 127.5 39.7
 127.6 39.8
 127.8 39.8
 128.0 40.0
 128.2 40.0
 128.3 40.1
 128.3 40.0
 128.4 40.1
 128.6 40.2
 128.7 40.2
 128.6 40.3
 128.8 40.3
 128.9 40.4
 129.0 40.4
 129.1 40.5
 129.2 40.6
 129.2 40.7
 129.3 40.7
 129.4 40.8
 129.7 40.8
 129.8 40.9
 129.7 41.1
 129.8 41.3
 129.8 41.4
 129.7 41.4
 129.7 41.5
 129.8 41.7
 129.9 41.8
 129.9 41.9
 130.0 41.9
 130.1 42.0
 130.2 42.1
 130.2 42.2
 130.3 42.2
 130.4 42.2
 130.4 42.3
 130.6 42.3
 130.7 42.3
 130.6 42.4
 130.5 42.5
 130.5 42.6
 130.5 42.5
 130.4 42.6
 130.3 42.7
 130.3 42.9
 130.1 42.9
 130.1 43.0
 130.0 43.0
 129.9 43.0
 129.8 42.7
 129.8 42.6
 129.7 42.6
 129.7 42.5
 129.7 42.4
 129.6 42.4
 129.5 42.4
 129.4 42.4
 129.2 42.3
 129.2 42.2
 129.1 42.1
 129.0 42.1
 128.9 42.0
 128.6 42.0
 128.5 42.0
 128.4 42.0
 128.3 42.0
 128.1 42.0
 128.1 41.9
 128.2 41.7
 128.3 41.6
 128.3 41.5
 128.2 41.4
 128.0 41.4
 127.9 41.4
 127.7 41.4
 127.6 41.4
 127.5 41.5
 127.3 41.5
 127.2 41.5
 127.1 41.5
 127.2 41.6
 127.0 41.7
 126.9 41.8
 126.8 41.7
 126.7 41.7
 126.6 41.6
 126.6 41.5
 126.5 41.4
 126.1 41.0
 126.0 40.9
 125.9 40.9
 125.7 40.9
 125.6 40.8
 125.7 40.8
 125.6 40.8
 125.4 40.6
 125.3 40.6
 125.0 40.5
 124.9 40.5
 124.6 40.3
 124.4 40.1
 

