126.7 37.8
 126.7 37.8
 126.7 37.7
 126.7 37.6
 126.7 37.7
 126.5 37.8
 126.5 37.7
 126.7 37.5
 126.6 37.5
 126.7 37.4
 126.8 37.4
 126.8 37.3
 126.7 37.2
 126.7 37.3
 126.7 37.2
 126.7 37.1
 126.9 37.2
 126.9 37.1
 126.8 37.1
 126.8 37.0
 126.9 37.0
 126.9 37.1
 126.9 37.0
 126.8 37.0
 126.9 36.9
 127.0 36.9
 127.0 37.0
 127.0 36.9
 126.9 36.9
 126.9 36.8
 126.8 36.8
 126.8 36.9
 126.8 37.0
 126.7 36.9
 126.6 36.9
 126.6 37.0
 126.5 37.1
 126.6 37.0
 126.5 37.0
 126.6 36.9
 126.5 36.9
 126.5 36.8
 126.5 36.9
 126.4 37.0
 126.3 37.0
 126.4 36.9
 126.4 36.8
 126.3 36.8
 126.4 36.8
 126.3 36.8
 126.3 36.9
 126.2 36.9
 126.2 36.8
 126.1 36.7
 126.2 36.8
 126.2 36.7
 126.3 36.7
 126.3 36.6
 126.3 36.7
 126.4 36.7
 126.4 36.6
 126.5 36.7
 126.5 36.6
 126.5 36.5
 126.5 36.4
 126.6 36.5
 126.5 36.4
 126.6 36.4
 126.5 36.3
 126.6 36.3
 126.5 36.2
 126.6 36.2
 126.5 36.2
 126.7 36.0
 126.9 36.1
 126.8 36.0
 126.6 36.0
 126.6 35.9
 126.8 35.9
 126.7 35.9
 126.7 35.8
 126.8 35.8
 126.7 35.8
 126.5 35.6
 126.7 35.6
 126.7 35.5
 126.5 35.5
 126.4 35.4
 126.5 35.3
 126.4 35.4
 126.3 35.2
 126.4 35.2
 126.4 35.1
 126.5 35.1
 126.4 35.0
 126.3 35.1
 126.3 35.0
 126.3 35.1
 126.4 35.0
 126.3 35.0
 126.3 34.9
 126.4 34.9
 126.4 35.0
 126.4 34.9
 126.4 34.8
 126.5 34.8
 126.6 34.9
 126.6 34.8
 126.7 34.8
 126.6 34.8
 126.5 34.7
 126.4 34.8
 126.4 34.7
 126.5 34.7
 126.6 34.6
 126.5 34.6
 126.4 34.7
 126.4 34.6
 126.5 34.6
 126.3 34.6
 126.3 34.7
 126.3 34.8
 126.3 34.6
 126.4 34.5
 126.5 34.6
 126.5 34.5
 126.5 34.4
 126.5 34.3
 126.6 34.3
 126.6 34.4
 126.8 34.5
 126.7 34.5
 126.8 34.6
 126.8 34.5
 126.9 34.4
 127.0 34.6
 127.2 34.7
 127.2 34.8
 127.3 34.7
 127.2 34.7
 127.3 34.6
 127.2 34.6
 127.1 34.6
 127.1 34.5
 127.2 34.5
 127.3 34.4
 127.4 34.5
 127.3 34.6
 127.5 34.6
 127.4 34.7
 127.4 34.8
 127.5 34.8
 127.5 34.9
 127.6 34.7
 127.6 34.6
 127.6 34.7
 127.7 34.7
 127.8 34.8
 127.7 34.8
 127.6 34.9
 127.7 34.9
 127.7 35.0
 127.9 34.9
 127.9 35.0
 128.0 35.0
 128.0 35.1
 128.1 34.9
 128.2 34.9
 128.3 34.9
 128.4 34.9
 128.3 34.9
 128.4 34.9
 128.4 34.8
 128.5 34.9
 128.4 34.9
 128.4 35.0
 128.5 35.0
 128.4 35.0
 128.6 35.1
 128.6 35.0
 128.6 35.1
 128.6 35.2
 128.7 35.1
 128.9 35.1
 129.0 35.1
 129.0 35.0
 129.3 35.2
 129.3 35.3
 129.4 35.4
 129.4 35.5
 129.5 35.6
 129.5 35.8
 129.6 36.0
 129.6 36.1
 129.5 36.1
 129.5 36.0
 129.4 36.0
 129.4 36.1
 129.4 36.2
 129.5 36.5
 129.4 36.6
 129.5 36.8
 129.4 37.0
 129.4 37.1
 129.4 37.2
 129.3 37.3
 129.1 37.6
 129.1 37.7
 128.7 38.1
 128.4 38.5
 128.4 38.6
 128.3 38.6
 128.3 38.5
 128.3 38.4
 128.1 38.3
 127.8 38.3
 127.2 38.3
 127.0 38.2
 126.8 38.0
 126.7 37.9
 126.7 37.8
 

126.7 37.8
 126.7 37.8
 126.7 37.7
 126.7 37.6
 126.7 37.7
 126.5 37.8
 126.5 37.7
 126.7 37.5
 126.6 37.5
 126.7 37.4
 126.8 37.4
 126.8 37.3
 126.7 37.2
 126.7 37.3
 126.7 37.2
 126.7 37.1
 126.9 37.2
 126.9 37.1
 126.8 37.1
 126.8 37.0
 126.9 37.0
 126.9 37.1
 126.9 37.0
 126.8 37.0
 126.9 36.9
 127.0 36.9
 127.0 37.0
 127.0 36.9
 126.9 36.9
 126.9 36.8
 126.8 36.8
 126.8 36.9
 126.8 37.0
 126.7 36.9
 126.6 36.9
 126.6 37.0
 126.5 37.1
 126.6 37.0
 126.5 37.0
 126.6 36.9
 126.5 36.9
 126.5 36.8
 126.5 36.9
 126.4 37.0
 126.3 37.0
 126.4 36.9
 126.4 36.8
 126.3 36.8
 126.4 36.8
 126.3 36.8
 126.3 36.9
 126.2 36.9
 126.2 36.8
 126.1 36.7
 126.2 36.8
 126.2 36.7
 126.3 36.7
 126.3 36.6
 126.3 36.7
 126.4 36.7
 126.4 36.6
 126.5 36.7
 126.5 36.6
 126.5 36.5
 126.5 36.4
 126.6 36.5
 126.5 36.4
 126.6 36.4
 126.5 36.3
 126.6 36.3
 126.5 36.2
 126.6 36.2
 126.5 36.2
 126.7 36.0
 126.9 36.1
 126.8 36.0
 126.6 36.0
 126.6 35.9
 126.8 35.9
 126.7 35.9
 126.7 35.8
 126.8 35.8
 126.7 35.8
 126.5 35.6
 126.7 35.6
 126.7 35.5
 126.5 35.5
 126.4 35.4
 126.5 35.3
 126.4 35.4
 126.3 35.2
 126.4 35.2
 126.4 35.1
 126.5 35.1
 126.4 35.0
 126.3 35.1
 126.3 35.0
 126.3 35.1
 126.4 35.0
 126.3 35.0
 126.3 34.9
 126.4 34.9
 126.4 35.0
 126.4 34.9
 126.4 34.8
 126.5 34.8
 126.6 34.9
 126.6 34.8
 126.7 34.8
 126.6 34.8
 126.5 34.7
 126.4 34.8
 126.4 34.7
 126.5 34.7
 126.6 34.6
 126.5 34.6
 126.4 34.7
 126.4 34.6
 126.5 34.6
 126.3 34.6
 126.3 34.7
 126.3 34.8
 126.3 34.6
 126.4 34.5
 126.5 34.6
 126.5 34.5
 126.5 34.4
 126.5 34.3
 126.6 34.3
 126.6 34.4
 126.8 34.5
 126.7 34.5
 126.8 34.6
 126.8 34.5
 126.9 34.4
 127.0 34.6
 127.2 34.7
 127.2 34.8
 127.3 34.7
 127.2 34.7
 127.3 34.6
 127.2 34.6
 127.1 34.6
 127.1 34.5
 127.2 34.5
 127.3 34.4
 127.4 34.5
 127.3 34.6
 127.5 34.6
 127.4 34.7
 127.4 34.8
 127.5 34.8
 127.5 34.9
 127.6 34.7
 127.6 34.6
 127.6 34.7
 127.7 34.7
 127.8 34.8
 127.7 34.8
 127.6 34.9
 127.7 34.9
 127.7 35.0
 127.9 34.9
 127.9 35.0
 128.0 35.0
 128.0 35.1
 128.1 34.9
 128.2 34.9
 128.3 34.9
 128.4 34.9
 128.3 34.9
 128.4 34.9
 128.4 34.8
 128.5 34.9
 128.4 34.9
 128.4 35.0
 128.5 35.0
 128.4 35.0
 128.6 35.1
 128.6 35.0
 128.6 35.1
 128.6 35.2
 128.7 35.1
 128.9 35.1
 129.0 35.1
 129.0 35.0
 129.3 35.2
 129.3 35.3
 129.4 35.4
 129.4 35.5
 129.5 35.6
 129.5 35.8
 129.6 36.0
 129.6 36.1
 129.5 36.1
 129.5 36.0
 129.4 36.0
 129.4 36.1
 129.4 36.2
 129.5 36.5
 129.4 36.6
 129.5 36.8
 129.4 37.0
 129.4 37.1
 129.4 37.2
 129.3 37.3
 129.1 37.6
 129.1 37.7
 128.7 38.1
 128.4 38.5
 128.4 38.6
 128.3 38.6
 128.3 38.5
 128.3 38.4
 128.1 38.3
 127.8 38.3
 127.2 38.3
 127.0 38.2
 126.8 38.0
 126.7 37.9
 126.7 37.8
 

