46.5 29.1
 46.7 29.1
 47.5 29.0
 47.5 28.9
 47.6 28.7
 47.7 28.6
 48.4 28.5
 48.4 28.7
 48.3 28.8
 48.1 29.2
 48.1 29.4
 48.0 29.4
 47.9 29.3
 47.8 29.3
 47.8 29.4
 47.7 29.4
 47.9 29.6
 48.0 29.6
 48.1 29.5
 48.2 29.6
 48.1 29.7
 48.0 29.8
 47.9 30.0
 48.0 30.0
 47.7 30.1
 47.4 30.1
 47.2 30.0
 47.1 30.0
 46.9 29.5
 46.6 29.1
 46.5 29.1
 

46.5 29.1
 46.7 29.1
 47.5 29.0
 47.5 28.9
 47.6 28.7
 47.7 28.6
 48.4 28.5
 48.4 28.7
 48.3 28.8
 48.1 29.2
 48.1 29.4
 48.0 29.4
 47.9 29.3
 47.8 29.3
 47.8 29.4
 47.7 29.4
 47.9 29.6
 48.0 29.6
 48.1 29.5
 48.2 29.6
 48.1 29.7
 48.0 29.8
 47.9 30.0
 48.0 30.0
 47.7 30.1
 47.4 30.1
 47.2 30.0
 47.1 30.0
 46.9 29.5
 46.6 29.1
 46.5 29.1
 

