49.2 46.4
 49.2 46.4
 49.3 46.4
 49.2 46.5
 49.3 46.4
 49.4 46.4
 49.3 46.5
 49.4 46.5
 49.3 46.6
 49.5 46.5
 49.5 46.6
 49.6 46.5
 49.6 46.6
 49.8 46.5
 49.8 46.6
 49.8 46.5
 50.0 46.6
 50.1 46.7
 50.2 46.8
 50.2 46.7
 50.4 46.9
 50.6 46.8
 50.6 46.9
 50.8 47.0
 50.7 46.9
 50.8 46.9
 50.8 47.0
 50.9 47.0
 51.0 47.1
 51.2 47.1
 51.5 47.1
 51.6 47.0
 51.6 47.1
 51.7 47.0
 51.8 46.9
 51.9 46.9
 52.0 46.9
 52.1 46.8
 52.2 46.8
 52.2 46.9
 52.4 46.9
 52.4 47.0
 52.5 47.0
 52.6 46.9
 52.9 47.0
 53.1 46.9
 53.1 46.7
 53.2 46.7
 53.2 46.6
 53.0 46.5
 53.1 46.5
 53.1 46.4
 53.2 46.3
 53.1 46.0
 53.0 45.9
 52.7 45.6
 52.7 45.5
 53.2 45.3
 52.9 45.3
 52.4 45.4
 51.9 45.4
 51.8 45.4
 51.6 45.4
 51.5 45.3
 51.4 45.4
 51.2 45.1
 51.3 45.0
 51.2 45.1
 51.0 45.0
 51.0 44.9
 51.3 44.7
 51.3 44.6
 51.4 44.6
 51.6 44.5
 51.4 44.5
 51.4 44.6
 51.3 44.5
 51.2 44.5
 51.1 44.5
 51.0 44.5
 50.9 44.6
 50.8 44.6
 50.7 44.6
 50.3 44.7
 50.2 44.6
 50.2 44.4
 50.4 44.3
 50.7 44.3
 50.8 44.2
 50.9 44.1
 50.9 44.0
 51.0 43.9
 51.1 43.7
 51.1 43.6
 51.2 43.6
 51.3 43.4
 51.3 43.3
 51.3 43.2
 51.3 43.1
 51.6 43.2
 51.7 43.2
 51.7 43.1
 51.8 43.0
 51.9 42.9
 51.9 42.8
 52.1 42.9
 52.2 42.9
 52.3 42.8
 52.4 42.8
 52.5 42.8
 52.6 42.8
 52.7 42.7
 52.7 42.6
 52.6 42.7
 52.7 42.6
 52.6 42.3
 52.4 42.1
 52.4 42.0
 52.5 41.9
 52.4 41.8
 52.4 41.7
 52.9 42.1
 53.0 42.1
 53.3 42.2
 53.5 42.3
 53.7 42.3
 54.0 42.3
 54.2 42.3
 54.4 42.2
 54.8 42.1
 55.0 41.9
 55.0 41.8
 55.1 41.7
 55.2 41.5
 55.3 41.4
 55.4 41.4
 55.5 41.3
 55.7 41.3
 55.8 41.3
 55.9 41.3
 56.0 41.3
 56.0 45.0
 58.6 45.6
 58.7 45.8
 58.7 45.9
 59.0 46.0
 59.1 46.0
 59.2 46.0
 59.4 46.0
 59.4 45.9
 59.3 45.8
 59.5 45.8
 59.5 45.9
 59.5 46.0
 59.5 46.1
 59.6 46.1
 59.6 46.2
 59.4 46.3
 59.6 46.4
 59.7 46.3
 59.8 46.3
 59.9 46.1
 60.0 46.2
 60.1 46.2
 60.1 46.3
 59.9 46.4
 59.9 46.5
 59.8 46.5
 59.9 46.6
 60.0 46.6
 60.2 46.7
 60.3 46.7
 60.4 46.7
 60.4 46.6
 60.5 46.6
 60.6 46.6
 60.7 46.7
 60.6 46.7
 60.4 46.7
 60.5 46.8
 60.8 46.8
 60.9 46.8
 60.9 46.7
 60.8 46.6
 60.9 46.5
 61.1 46.5
 61.2 46.5
 61.2 46.6
 61.2 46.7
 61.3 46.7
 61.3 46.8
 61.5 46.8
 61.5 46.9
 61.6 46.9
 61.6 46.8
 61.7 46.8
 61.7 46.7
 61.6 46.7
 61.5 46.5
 61.4 46.5
 61.4 46.3
 61.3 46.3
 61.2 46.2
 61.3 46.2
 61.2 46.2
 61.1 46.1
 61.0 46.1
 60.9 46.1
 61.0 46.1
 61.0 46.0
 61.1 45.9
 61.0 45.9
 61.0 45.8
 60.9 45.7
 61.0 45.6
 61.0 45.7
 61.1 45.7
 61.1 45.8
 61.3 45.6
 61.2 45.5
 61.5 45.3
 61.5 45.1
 61.6 45.2
 61.6 45.1
 61.7 45.2
 61.8 45.2
 61.8 45.1
 61.7 45.1
 61.7 45.0
 61.8 45.1
 61.8 45.0
 62.0 45.0
 61.9 45.0
 61.7 44.8
 61.7 44.9
 61.6 44.8
 61.5 44.7
 61.3 44.7
 61.3 44.6
 61.2 44.7
 61.1 44.6
 61.2 44.6
 61.1 44.6
 61.1 44.5
 61.2 44.5
 61.1 44.4
 61.2 44.4
 61.2 44.3
 61.1 44.3
 61.1 44.2
 62.0 43.5
 63.2 43.6
 64.0 43.6
 64.5 43.5
 64.9 43.7
 65.3 43.4
 65.5 43.3
 65.8 42.9
 66.1 43.0
 66.1 42.4
 66.0 42.4
 66.0 42.0
 66.5 42.0
 66.6 41.7
 66.7 41.2
 66.9 41.2
 67.1 41.1
 67.5 41.2
 67.8 41.2
 67.9 41.2
 68.0 41.1
 68.0 41.0
 68.1 41.1
 68.1 41.0
 68.1 41.1
 68.2 41.0
 68.1 41.0
 68.1 40.9
 68.0 40.8
 68.1 40.8
 68.2 40.7
 68.5 40.6
 68.6 40.6
 68.7 40.7
 68.6 40.7
 68.6 40.9
 68.7 41.0
 68.8 41.1
 68.9 41.1
 68.9 41.2
 69.0 41.2
 69.1 41.2
 69.1 41.4
 69.2 41.4
 69.2 41.5
 69.3 41.5
 69.4 41.5
 69.4 41.6
 69.5 41.6
 69.6 41.7
 69.8 41.7
 69.9 41.7
 70.0 41.8
 70.1 41.8
 70.2 41.9
 70.3 42.0
 70.4 42.1
 70.5 42.1
 70.5 42.0
 70.6 42.0
 70.7 42.1
 70.8 42.2
 70.9 42.2
 71.0 42.3
 70.9 42.3
 71.0 42.4
 71.0 42.5
 71.1 42.5
 71.0 42.5
 71.0 42.6
 71.2 42.6
 71.2 42.7
 71.3 42.8
 71.4 42.7
 71.4 42.8
 71.5 42.8
 71.6 42.8
 71.7 42.8
 71.8 42.8
 71.9 42.8
 72.1 42.8
 72.2 42.8
 72.3 42.8
 72.5 42.7
 72.6 42.7
 72.8 42.7
 72.8 42.6
 72.9 42.5
 73.0 42.5
 73.2 42.6
 73.2 42.5
 73.3 42.5
 73.3 42.4
 73.4 42.4
 73.5 42.4
 73.5 42.5
 73.4 42.6
 73.5 42.7
 73.5 42.8
 73.5 42.9
 73.6 43.0
 73.8 43.1
 73.9 43.1
 74.0 43.2
 74.1 43.2
 74.2 43.2
 74.2 43.3
 74.3 43.2
 74.4 43.2
 74.5 43.2
 74.6 43.1
 74.8 43.0
 74.9 43.0
 75.2 42.9
 75.6 42.8
 75.7 42.8
 75.7 42.9
 75.8 42.9
 75.9 42.9
 76.0 42.9
 76.1 42.9
 76.2 42.9
 76.3 42.9
 76.4 42.9
 76.5 42.9
 76.6 42.9
 76.7 42.9
 76.8 42.9
 76.9 43.0
 77.0 43.0
 77.1 43.0
 77.2 42.9
 77.4 42.9
 77.5 42.9
 77.6 42.9
 77.7 42.9
 77.8 42.9
 77.9 42.9
 78.0 42.9
 78.1 42.9
 78.3 42.9
 78.4 42.9
 78.5 42.9
 78.7 42.8
 78.8 42.8
 78.9 42.8
 79.0 42.8
 79.2 42.8
 79.2 42.7
 79.3 42.6
 79.4 42.6
 79.4 42.5
 79.6 42.5
 79.7 42.5
 79.8 42.4
 80.0 42.4
 80.1 42.3
 80.2 42.2
 80.3 42.2
 80.2 42.6
 80.3 42.8
 80.6 42.9
 80.4 43.0
 80.6 43.1
 80.8 43.1
 80.8 43.3
 80.7 43.3
 80.7 43.4
 80.7 43.5
 80.4 44.0
 80.4 44.1
 80.4 44.4
 80.3 44.5
 80.4 44.6
 80.4 44.7
 80.5 44.7
 80.3 44.8
 80.0 44.8
 79.9 44.9
 80.1 45.0
 80.8 45.1
 80.9 45.1
 81.6 45.3
 81.7 45.4
 81.8 45.3
 81.8 45.2
 81.9 45.2
 82.3 45.2
 82.5 45.1
 82.6 45.2
 82.7 45.3
 82.6 45.4
 82.6 45.5
 82.4 45.5
 82.3 45.5
 82.3 45.6
 82.5 46.0
 82.6 46.2
 82.8 46.5
 82.9 46.8
 83.0 47.0
 83.0 47.2
 83.1 47.2
 83.2 47.2
 83.6 47.1
 84.0 47.0
 84.7 47.0
 84.8 47.0
 84.8 46.9
 84.7 46.8
 84.8 46.8
 85.0 46.9
 85.2 47.0
 85.5 47.1
 85.6 47.2
 85.7 47.2
 85.7 47.4
 85.6 47.5
 85.6 47.8
 85.5 47.9
 85.6 48.0
 85.8 48.4
 86.0 48.4
 86.2 48.4
 86.3 48.5
 86.6 48.5
 86.6 48.6
 86.8 48.7
 86.8 48.8
 86.7 48.9
 86.7 49.0
 86.9 49.1
 87.3 49.1
 87.3 49.2
 87.2 49.2
 87.1 49.3
 87.0 49.3
 86.9 49.4
 87.0 49.4
 86.8 49.5
 86.7 49.6
 86.6 49.6
 86.7 49.7
 86.8 49.7
 86.8 49.8
 86.6 49.8
 86.5 49.7
 86.4 49.6
 86.3 49.6
 86.2 49.5
 86.1 49.5
 86.0 49.5
 86.0 49.6
 85.9 49.6
 85.8 49.5
 85.8 49.6
 85.7 49.6
 85.6 49.6
 85.5 49.6
 85.4 49.6
 85.3 49.6
 85.2 49.6
 85.2 49.7
 85.1 49.8
 85.1 49.9
 85.0 49.9
 85.0 50.0
 85.1 50.0
 85.0 50.1
 84.9 50.1
 84.8 50.1
 84.7 50.1
 84.7 50.2
 84.6 50.2
 84.5 50.2
 84.5 50.3
 84.4 50.2
 84.3 50.2
 84.3 50.3
 84.3 50.4
 84.2 50.5
 84.2 50.6
 84.0 50.7
 84.0 50.8
 83.9 50.8
 83.8 50.9
 83.7 50.9
 83.5 51.0
 83.1 51.0
 83.1 50.9
 83.0 50.9
 82.8 50.9
 82.7 50.9
 82.7 50.8
 82.5 50.7
 82.4 50.8
 82.4 50.7
 82.4 50.8
 82.3 50.7
 82.3 50.8
 82.2 50.7
 82.1 50.7
 82.0 50.8
 81.9 50.8
 81.8 50.8
 81.7 50.7
 81.6 50.7
 81.5 50.7
 81.4 50.8
 81.5 50.8
 81.4 50.9
 81.4 51.0
 81.3 51.0
 81.2 50.9
 81.1 50.9
 81.1 51.0
 81.2 51.1
 81.2 51.2
 81.1 51.2
 81.0 51.2
 80.9 51.2
 80.9 51.3
 80.7 51.3
 80.6 51.3
 80.6 51.2
 80.5 51.2
 80.4 51.2
 80.4 51.1
 80.5 51.1
 80.5 51.0
 80.4 50.9
 80.3 50.9
 80.2 50.9
 80.2 50.8
 80.1 50.8
 80.1 50.9
 80.0 50.8
 80.1 50.8
 80.0 50.8
 79.5 51.5
 79.3 51.7
 78.9 52.2
 78.5 52.6
 78.5 52.7
 78.1 53.1
 78.0 53.1
 77.9 53.3
 77.8 53.3
 77.5 53.5
 76.5 54.0
 76.5 54.1
 76.4 54.2
 76.5 54.2
 76.6 54.1
 76.7 54.2
 76.8 54.2
 76.8 54.3
 76.9 54.3
 76.9 54.4
 76.8 54.4
 76.9 54.4
 76.9 54.5
 76.8 54.4
 76.7 54.4
 76.6 54.4
 76.5 54.3
 76.2 54.4
 76.2 54.3
 75.7 54.1
 75.6 54.1
 75.5 54.1
 75.4 54.1
 75.5 54.0
 75.4 54.0
 75.0 53.8
 74.9 53.8
 74.8 53.8
 74.7 53.8
 74.6 53.7
 74.5 53.7
 74.4 53.6
 74.5 53.6
 74.4 53.5
 74.3 53.5
 74.3 53.6
 74.2 53.6
 74.1 53.6
 73.9 53.7
 73.8 53.6
 73.7 53.6
 73.6 53.6
 73.6 53.5
 73.4 53.4
 73.4 53.5
 73.3 53.6
 73.2 53.6
 73.3 53.7
 73.4 53.8
 73.5 53.8
 73.4 53.8
 73.4 53.9
 73.5 53.9
 73.7 53.9
 73.8 54.1
 73.7 54.1
 73.6 54.1
 73.6 54.0
 73.5 54.0
 73.4 54.0
 73.4 53.9
 73.1 54.0
 73.0 54.1
 72.9 54.1
 72.8 54.1
 72.6 54.1
 72.5 54.1
 72.7 54.1
 72.7 54.0
 72.6 54.0
 72.5 53.9
 72.4 53.9
 72.4 54.0
 72.4 54.1
 72.5 54.1
 72.3 54.2
 72.4 54.2
 72.3 54.3
 72.2 54.4
 72.1 54.4
 72.0 54.4
 72.1 54.3
 72.1 54.2
 72.2 54.2
 72.2 54.1
 72.1 54.1
 72.0 54.2
 71.9 54.3
 71.8 54.3
 71.7 54.2
 71.7 54.1
 71.6 54.1
 71.5 54.1
 71.5 54.2
 71.4 54.2
 71.3 54.2
 71.3 54.1
 71.2 54.1
 71.1 54.2
 71.1 54.3
 71.0 54.3
 71.1 54.3
 71.2 54.3
 71.2 54.4
 71.2 54.5
 71.2 54.6
 71.3 54.6
 71.3 54.7
 71.2 54.7
 71.1 54.7
 71.0 54.8
 71.0 54.9
 71.0 55.0
 71.0 55.1
 70.8 55.3
 70.7 55.3
 70.6 55.3
 70.5 55.3
 70.4 55.3
 70.4 55.2
 70.3 55.2
 70.2 55.1
 70.1 55.2
 69.9 55.2
 69.8 55.3
 69.7 55.4
 69.5 55.4
 69.4 55.4
 69.2 55.3
 69.2 55.4
 69.0 55.4
 68.9 55.4
 69.0 55.4
 69.0 55.3
 68.9 55.3
 68.9 55.4
 68.7 55.4
 68.7 55.3
 68.6 55.3
 68.6 55.2
 68.5 55.2
 68.4 55.2
 68.3 55.2
 68.2 55.2
 68.2 55.1
 68.3 55.1
 68.3 55.0
 68.2 55.0
 68.0 55.0
 67.9 55.0
 67.8 55.0
 67.8 54.9
 67.6 54.9
 67.5 54.9
 67.4 54.9
 67.3 54.9
 67.2 54.8
 67.1 54.8
 67.0 54.8
 66.8 54.8
 66.7 54.7
 66.5 54.7
 66.1 54.6
 66.0 54.6
 66.0 54.7
 65.8 54.7
 65.8 54.6
 65.5 54.6
 65.4 54.6
 65.2 54.5
 65.2 54.3
 65.1 54.3
 65.0 54.4
 64.9 54.4
 64.7 54.3
 64.7 54.4
 64.6 54.4
 64.5 54.4
 64.4 54.3
 64.3 54.3
 64.2 54.3
 64.1 54.3
 64.0 54.3
 64.0 54.2
 63.9 54.2
 63.8 54.2
 63.7 54.3
 63.6 54.2
 63.5 54.2
 63.4 54.2
 63.3 54.2
 63.1 54.2
 63.1 54.1
 63.0 54.1
 62.9 54.1
 62.8 54.1
 62.6 54.1
 62.6 54.0
 62.5 53.9
 62.6 53.9
 62.5 53.9
 62.4 53.9
 62.4 54.0
 62.5 54.0
 62.3 54.0
 62.0 54.0
 62.0 53.9
 61.9 54.0
 61.8 54.0
 61.6 54.0
 61.5 54.0
 61.5 54.1
 61.3 54.1
 61.3 54.0
 61.2 54.0
 61.3 54.0
 61.2 53.9
 61.2 54.0
 61.0 54.0
 61.0 53.9
 61.1 53.9
 61.2 53.8
 61.1 53.7
 61.1 53.6
 61.0 53.6
 61.0 53.7
 60.9 53.7
 60.9 53.6
 61.1 53.6
 61.3 53.5
 61.4 53.6
 61.5 53.6
 61.6 53.5
 61.5 53.5
 61.4 53.4
 61.4 53.5
 61.3 53.5
 61.2 53.5
 61.2 53.4
 61.2 53.3
 61.3 53.3
 61.4 53.3
 61.5 53.2
 61.7 53.3
 61.8 53.2
 62.1 53.1
 62.1 53.0
 62.0 52.9
 61.9 53.0
 61.7 53.0
 61.6 53.0
 61.5 53.0
 61.4 53.0
 61.3 53.0
 61.2 53.0
 61.1 53.0
 61.0 53.0
 61.1 52.9
 60.9 52.8
 60.7 52.7
 60.7 52.6
 60.8 52.6
 60.8 52.5
 61.0 52.5
 61.0 52.4
 61.1 52.3
 61.0 52.3
 60.9 52.3
 60.8 52.2
 60.7 52.2
 60.5 52.2
 60.2 52.0
 60.0 52.0
 60.1 51.9
 60.2 51.9
 60.3 51.8
 60.5 51.8
 60.5 51.7
 60.4 51.7
 60.5 51.7
 60.5 51.6
 60.9 51.6
 61.0 51.5
 61.3 51.4
 61.4 51.5
 61.4 51.4
 61.5 51.4
 61.6 51.3
 61.7 51.3
 61.6 51.2
 61.5 51.2
 61.5 50.9
 61.4 50.8
 60.8 50.7
 60.7 50.7
 60.3 50.7
 60.2 50.7
 60.2 50.8
 60.1 50.9
 60.0 50.9
 60.0 50.8
 59.9 50.8
 59.9 50.7
 59.9 50.6
 59.8 50.5
 59.7 50.5
 59.5 50.5
 59.5 50.6
 59.6 50.6
 59.5 50.6
 59.3 50.6
 59.2 50.7
 58.9 50.7
 58.8 50.7
 58.8 50.8
 58.7 50.8
 58.7 50.9
 58.6 50.9
 58.6 51.0
 58.5 51.1
 58.4 51.1
 58.3 51.2
 58.2 51.1
 58.1 51.1
 58.0 51.1
 57.9 51.1
 57.8 51.1
 57.7 51.1
 57.8 51.0
 57.7 50.9
 57.6 50.9
 57.5 50.9
 57.4 50.9
 57.3 51.0
 57.2 51.0
 57.2 51.1
 57.1 51.1
 56.9 51.1
 56.8 51.1
 56.7 51.1
 56.7 51.0
 56.6 51.0
 56.5 51.1
 56.4 51.0
 56.5 51.0
 56.4 51.0
 56.4 50.9
 56.3 50.9
 56.2 50.9
 56.1 50.7
 55.9 50.6
 55.8 50.6
 55.7 50.5
 55.6 50.6
 55.5 50.6
 55.5 50.7
 55.4 50.7
 55.2 50.7
 55.1 50.8
 55.1 50.9
 54.9 50.9
 54.8 51.0
 54.7 51.0
 54.6 51.0
 54.5 51.0
 54.6 51.0
 54.5 50.9
 54.6 50.9
 54.7 50.9
 54.6 50.8
 54.7 50.8
 54.7 50.7
 54.7 50.6
 54.6 50.5
 54.5 50.5
 54.4 50.6
 54.4 50.7
 54.4 50.8
 54.5 50.8
 54.5 50.9
 54.4 50.9
 54.3 50.9
 54.2 51.0
 54.1 51.1
 54.0 51.1
 54.0 51.2
 53.9 51.2
 53.8 51.2
 53.7 51.2
 53.7 51.3
 53.6 51.3
 53.6 51.4
 53.5 51.5
 53.4 51.5
 53.3 51.5
 53.2 51.5
 53.1 51.5
 53.0 51.5
 52.9 51.4
 52.9 51.5
 52.8 51.5
 52.7 51.5
 52.6 51.5
 52.5 51.5
 52.5 51.6
 52.4 51.7
 52.3 51.8
 52.3 51.7
 52.2 51.7
 52.1 51.7
 52.0 51.7
 51.9 51.7
 51.8 51.6
 51.8 51.5
 51.7 51.5
 51.6 51.5
 51.5 51.5
 51.4 51.5
 51.3 51.5
 51.3 51.6
 51.4 51.6
 51.3 51.6
 51.3 51.7
 51.2 51.7
 50.9 51.7
 50.9 51.8
 50.8 51.8
 50.8 51.7
 50.8 51.6
 50.7 51.6
 50.6 51.6
 50.5 51.6
 50.5 51.5
 50.5 51.4
 50.4 51.4
 50.4 51.3
 50.3 51.3
 50.0 51.2
 49.8 51.1
 49.5 51.1
 49.4 51.1
 49.4 51.0
 49.4 50.9
 49.3 50.8
 49.2 50.8
 49.0 50.7
 48.8 50.6
 48.7 50.6
 48.6 50.7
 48.6 50.6
 48.7 50.6
 48.7 50.5
 48.7 50.3
 48.8 50.2
 48.8 50.1
 48.9 50.1
 48.9 50.0
 48.8 50.0
 48.5 49.8
 48.4 49.8
 48.3 49.9
 48.2 49.9
 48.2 50.0
 48.1 50.0
 48.1 50.1
 48.0 50.1
 48.0 50.2
 47.9 50.2
 47.9 50.3
 47.8 50.3
 47.8 50.4
 47.7 50.4
 47.6 50.5
 47.5 50.4
 47.4 50.4
 47.4 50.3
 47.3 50.3
 47.3 50.2
 47.3 50.1
 47.4 50.1
 47.3 50.0
 47.2 49.9
 47.0 49.9
 46.9 49.9
 46.8 49.3
 46.9 49.3
 47.0 49.2
 47.1 49.2
 47.1 49.1
 47.0 49.1
 47.0 49.0
 46.8 48.9
 46.5 48.4
 47.1 48.3
 47.1 48.2
 47.1 48.1
 47.2 48.1
 47.1 48.0
 47.2 47.9
 47.1 47.8
 47.4 47.7
 47.4 47.8
 47.6 47.8
 47.7 47.8
 47.9 47.8
 48.1 47.8
 48.2 47.7
 48.3 47.6
 48.4 47.4
 48.5 47.4
 48.7 47.1
 49.0 46.8
 48.9 46.7
 48.8 46.7
 48.7 46.8
 48.6 46.8
 48.5 46.7
 48.6 46.6
 48.7 46.6
 48.8 46.5
 48.9 46.5
 49.1 46.4
 49.2 46.4
 

49.2 46.4
 49.2 46.4
 49.3 46.4
 49.2 46.5
 49.3 46.4
 49.4 46.4
 49.3 46.5
 49.4 46.5
 49.3 46.6
 49.5 46.5
 49.5 46.6
 49.6 46.5
 49.6 46.6
 49.8 46.5
 49.8 46.6
 49.8 46.5
 50.0 46.6
 50.1 46.7
 50.2 46.8
 50.2 46.7
 50.4 46.9
 50.6 46.8
 50.6 46.9
 50.8 47.0
 50.7 46.9
 50.8 46.9
 50.8 47.0
 50.9 47.0
 51.0 47.1
 51.2 47.1
 51.5 47.1
 51.6 47.0
 51.6 47.1
 51.7 47.0
 51.8 46.9
 51.9 46.9
 52.0 46.9
 52.1 46.8
 52.2 46.8
 52.2 46.9
 52.4 46.9
 52.4 47.0
 52.5 47.0
 52.6 46.9
 52.9 47.0
 53.1 46.9
 53.1 46.7
 53.2 46.7
 53.2 46.6
 53.0 46.5
 53.1 46.5
 53.1 46.4
 53.2 46.3
 53.1 46.0
 53.0 45.9
 52.7 45.6
 52.7 45.5
 53.2 45.3
 52.9 45.3
 52.4 45.4
 51.9 45.4
 51.8 45.4
 51.6 45.4
 51.5 45.3
 51.4 45.4
 51.2 45.1
 51.3 45.0
 51.2 45.1
 51.0 45.0
 51.0 44.9
 51.3 44.7
 51.3 44.6
 51.4 44.6
 51.6 44.5
 51.4 44.5
 51.4 44.6
 51.3 44.5
 51.2 44.5
 51.1 44.5
 51.0 44.5
 50.9 44.6
 50.8 44.6
 50.7 44.6
 50.3 44.7
 50.2 44.6
 50.2 44.4
 50.4 44.3
 50.7 44.3
 50.8 44.2
 50.9 44.1
 50.9 44.0
 51.0 43.9
 51.1 43.7
 51.1 43.6
 51.2 43.6
 51.3 43.4
 51.3 43.3
 51.3 43.2
 51.3 43.1
 51.6 43.2
 51.7 43.2
 51.7 43.1
 51.8 43.0
 51.9 42.9
 51.9 42.8
 52.1 42.9
 52.2 42.9
 52.3 42.8
 52.4 42.8
 52.5 42.8
 52.6 42.8
 52.7 42.7
 52.7 42.6
 52.6 42.7
 52.7 42.6
 52.6 42.3
 52.4 42.1
 52.4 42.0
 52.5 41.9
 52.4 41.8
 52.4 41.7
 52.9 42.1
 53.0 42.1
 53.3 42.2
 53.5 42.3
 53.7 42.3
 54.0 42.3
 54.2 42.3
 54.4 42.2
 54.8 42.1
 55.0 41.9
 55.0 41.8
 55.1 41.7
 55.2 41.5
 55.3 41.4
 55.4 41.4
 55.5 41.3
 55.7 41.3
 55.8 41.3
 55.9 41.3
 56.0 41.3
 56.0 45.0
 58.6 45.6
 58.7 45.8
 58.7 45.9
 59.0 46.0
 59.1 46.0
 59.2 46.0
 59.4 46.0
 59.4 45.9
 59.3 45.8
 59.5 45.8
 59.5 45.9
 59.5 46.0
 59.5 46.1
 59.6 46.1
 59.6 46.2
 59.4 46.3
 59.6 46.4
 59.7 46.3
 59.8 46.3
 59.9 46.1
 60.0 46.2
 60.1 46.2
 60.1 46.3
 59.9 46.4
 59.9 46.5
 59.8 46.5
 59.9 46.6
 60.0 46.6
 60.2 46.7
 60.3 46.7
 60.4 46.7
 60.4 46.6
 60.5 46.6
 60.6 46.6
 60.7 46.7
 60.6 46.7
 60.4 46.7
 60.5 46.8
 60.8 46.8
 60.9 46.8
 60.9 46.7
 60.8 46.6
 60.9 46.5
 61.1 46.5
 61.2 46.5
 61.2 46.6
 61.2 46.7
 61.3 46.7
 61.3 46.8
 61.5 46.8
 61.5 46.9
 61.6 46.9
 61.6 46.8
 61.7 46.8
 61.7 46.7
 61.6 46.7
 61.5 46.5
 61.4 46.5
 61.4 46.3
 61.3 46.3
 61.2 46.2
 61.3 46.2
 61.2 46.2
 61.1 46.1
 61.0 46.1
 60.9 46.1
 61.0 46.1
 61.0 46.0
 61.1 45.9
 61.0 45.9
 61.0 45.8
 60.9 45.7
 61.0 45.6
 61.0 45.7
 61.1 45.7
 61.1 45.8
 61.3 45.6
 61.2 45.5
 61.5 45.3
 61.5 45.1
 61.6 45.2
 61.6 45.1
 61.7 45.2
 61.8 45.2
 61.8 45.1
 61.7 45.1
 61.7 45.0
 61.8 45.1
 61.8 45.0
 62.0 45.0
 61.9 45.0
 61.7 44.8
 61.7 44.9
 61.6 44.8
 61.5 44.7
 61.3 44.7
 61.3 44.6
 61.2 44.7
 61.1 44.6
 61.2 44.6
 61.1 44.6
 61.1 44.5
 61.2 44.5
 61.1 44.4
 61.2 44.4
 61.2 44.3
 61.1 44.3
 61.1 44.2
 62.0 43.5
 63.2 43.6
 64.0 43.6
 64.5 43.5
 64.9 43.7
 65.3 43.4
 65.5 43.3
 65.8 42.9
 66.1 43.0
 66.1 42.4
 66.0 42.4
 66.0 42.0
 66.5 42.0
 66.6 41.7
 66.7 41.2
 66.9 41.2
 67.1 41.1
 67.5 41.2
 67.8 41.2
 67.9 41.2
 68.0 41.1
 68.0 41.0
 68.1 41.1
 68.1 41.0
 68.1 41.1
 68.2 41.0
 68.1 41.0
 68.1 40.9
 68.0 40.8
 68.1 40.8
 68.2 40.7
 68.5 40.6
 68.6 40.6
 68.7 40.7
 68.6 40.7
 68.6 40.9
 68.7 41.0
 68.8 41.1
 68.9 41.1
 68.9 41.2
 69.0 41.2
 69.1 41.2
 69.1 41.4
 69.2 41.4
 69.2 41.5
 69.3 41.5
 69.4 41.5
 69.4 41.6
 69.5 41.6
 69.6 41.7
 69.8 41.7
 69.9 41.7
 70.0 41.8
 70.1 41.8
 70.2 41.9
 70.3 42.0
 70.4 42.1
 70.5 42.1
 70.5 42.0
 70.6 42.0
 70.7 42.1
 70.8 42.2
 70.9 42.2
 71.0 42.3
 70.9 42.3
 71.0 42.4
 71.0 42.5
 71.1 42.5
 71.0 42.5
 71.0 42.6
 71.2 42.6
 71.2 42.7
 71.3 42.8
 71.4 42.7
 71.4 42.8
 71.5 42.8
 71.6 42.8
 71.7 42.8
 71.8 42.8
 71.9 42.8
 72.1 42.8
 72.2 42.8
 72.3 42.8
 72.5 42.7
 72.6 42.7
 72.8 42.7
 72.8 42.6
 72.9 42.5
 73.0 42.5
 73.2 42.6
 73.2 42.5
 73.3 42.5
 73.3 42.4
 73.4 42.4
 73.5 42.4
 73.5 42.5
 73.4 42.6
 73.5 42.7
 73.5 42.8
 73.5 42.9
 73.6 43.0
 73.8 43.1
 73.9 43.1
 74.0 43.2
 74.1 43.2
 74.2 43.2
 74.2 43.3
 74.3 43.2
 74.4 43.2
 74.5 43.2
 74.6 43.1
 74.8 43.0
 74.9 43.0
 75.2 42.9
 75.6 42.8
 75.7 42.8
 75.7 42.9
 75.8 42.9
 75.9 42.9
 76.0 42.9
 76.1 42.9
 76.2 42.9
 76.3 42.9
 76.4 42.9
 76.5 42.9
 76.6 42.9
 76.7 42.9
 76.8 42.9
 76.9 43.0
 77.0 43.0
 77.1 43.0
 77.2 42.9
 77.4 42.9
 77.5 42.9
 77.6 42.9
 77.7 42.9
 77.8 42.9
 77.9 42.9
 78.0 42.9
 78.1 42.9
 78.3 42.9
 78.4 42.9
 78.5 42.9
 78.7 42.8
 78.8 42.8
 78.9 42.8
 79.0 42.8
 79.2 42.8
 79.2 42.7
 79.3 42.6
 79.4 42.6
 79.4 42.5
 79.6 42.5
 79.7 42.5
 79.8 42.4
 80.0 42.4
 80.1 42.3
 80.2 42.2
 80.3 42.2
 80.2 42.6
 80.3 42.8
 80.6 42.9
 80.4 43.0
 80.6 43.1
 80.8 43.1
 80.8 43.3
 80.7 43.3
 80.7 43.4
 80.7 43.5
 80.4 44.0
 80.4 44.1
 80.4 44.4
 80.3 44.5
 80.4 44.6
 80.4 44.7
 80.5 44.7
 80.3 44.8
 80.0 44.8
 79.9 44.9
 80.1 45.0
 80.8 45.1
 80.9 45.1
 81.6 45.3
 81.7 45.4
 81.8 45.3
 81.8 45.2
 81.9 45.2
 82.3 45.2
 82.5 45.1
 82.6 45.2
 82.7 45.3
 82.6 45.4
 82.6 45.5
 82.4 45.5
 82.3 45.5
 82.3 45.6
 82.5 46.0
 82.6 46.2
 82.8 46.5
 82.9 46.8
 83.0 47.0
 83.0 47.2
 83.1 47.2
 83.2 47.2
 83.6 47.1
 84.0 47.0
 84.7 47.0
 84.8 47.0
 84.8 46.9
 84.7 46.8
 84.8 46.8
 85.0 46.9
 85.2 47.0
 85.5 47.1
 85.6 47.2
 85.7 47.2
 85.7 47.4
 85.6 47.5
 85.6 47.8
 85.5 47.9
 85.6 48.0
 85.8 48.4
 86.0 48.4
 86.2 48.4
 86.3 48.5
 86.6 48.5
 86.6 48.6
 86.8 48.7
 86.8 48.8
 86.7 48.9
 86.7 49.0
 86.9 49.1
 87.3 49.1
 87.3 49.2
 87.2 49.2
 87.1 49.3
 87.0 49.3
 86.9 49.4
 87.0 49.4
 86.8 49.5
 86.7 49.6
 86.6 49.6
 86.7 49.7
 86.8 49.7
 86.8 49.8
 86.6 49.8
 86.5 49.7
 86.4 49.6
 86.3 49.6
 86.2 49.5
 86.1 49.5
 86.0 49.5
 86.0 49.6
 85.9 49.6
 85.8 49.5
 85.8 49.6
 85.7 49.6
 85.6 49.6
 85.5 49.6
 85.4 49.6
 85.3 49.6
 85.2 49.6
 85.2 49.7
 85.1 49.8
 85.1 49.9
 85.0 49.9
 85.0 50.0
 85.1 50.0
 85.0 50.1
 84.9 50.1
 84.8 50.1
 84.7 50.1
 84.7 50.2
 84.6 50.2
 84.5 50.2
 84.5 50.3
 84.4 50.2
 84.3 50.2
 84.3 50.3
 84.3 50.4
 84.2 50.5
 84.2 50.6
 84.0 50.7
 84.0 50.8
 83.9 50.8
 83.8 50.9
 83.7 50.9
 83.5 51.0
 83.1 51.0
 83.1 50.9
 83.0 50.9
 82.8 50.9
 82.7 50.9
 82.7 50.8
 82.5 50.7
 82.4 50.8
 82.4 50.7
 82.4 50.8
 82.3 50.7
 82.3 50.8
 82.2 50.7
 82.1 50.7
 82.0 50.8
 81.9 50.8
 81.8 50.8
 81.7 50.7
 81.6 50.7
 81.5 50.7
 81.4 50.8
 81.5 50.8
 81.4 50.9
 81.4 51.0
 81.3 51.0
 81.2 50.9
 81.1 50.9
 81.1 51.0
 81.2 51.1
 81.2 51.2
 81.1 51.2
 81.0 51.2
 80.9 51.2
 80.9 51.3
 80.7 51.3
 80.6 51.3
 80.6 51.2
 80.5 51.2
 80.4 51.2
 80.4 51.1
 80.5 51.1
 80.5 51.0
 80.4 50.9
 80.3 50.9
 80.2 50.9
 80.2 50.8
 80.1 50.8
 80.1 50.9
 80.0 50.8
 80.1 50.8
 80.0 50.8
 79.5 51.5
 79.3 51.7
 78.9 52.2
 78.5 52.6
 78.5 52.7
 78.1 53.1
 78.0 53.1
 77.9 53.3
 77.8 53.3
 77.5 53.5
 76.5 54.0
 76.5 54.1
 76.4 54.2
 76.5 54.2
 76.6 54.1
 76.7 54.2
 76.8 54.2
 76.8 54.3
 76.9 54.3
 76.9 54.4
 76.8 54.4
 76.9 54.4
 76.9 54.5
 76.8 54.4
 76.7 54.4
 76.6 54.4
 76.5 54.3
 76.2 54.4
 76.2 54.3
 75.7 54.1
 75.6 54.1
 75.5 54.1
 75.4 54.1
 75.5 54.0
 75.4 54.0
 75.0 53.8
 74.9 53.8
 74.8 53.8
 74.7 53.8
 74.6 53.7
 74.5 53.7
 74.4 53.6
 74.5 53.6
 74.4 53.5
 74.3 53.5
 74.3 53.6
 74.2 53.6
 74.1 53.6
 73.9 53.7
 73.8 53.6
 73.7 53.6
 73.6 53.6
 73.6 53.5
 73.4 53.4
 73.4 53.5
 73.3 53.6
 73.2 53.6
 73.3 53.7
 73.4 53.8
 73.5 53.8
 73.4 53.8
 73.4 53.9
 73.5 53.9
 73.7 53.9
 73.8 54.1
 73.7 54.1
 73.6 54.1
 73.6 54.0
 73.5 54.0
 73.4 54.0
 73.4 53.9
 73.1 54.0
 73.0 54.1
 72.9 54.1
 72.8 54.1
 72.6 54.1
 72.5 54.1
 72.7 54.1
 72.7 54.0
 72.6 54.0
 72.5 53.9
 72.4 53.9
 72.4 54.0
 72.4 54.1
 72.5 54.1
 72.3 54.2
 72.4 54.2
 72.3 54.3
 72.2 54.4
 72.1 54.4
 72.0 54.4
 72.1 54.3
 72.1 54.2
 72.2 54.2
 72.2 54.1
 72.1 54.1
 72.0 54.2
 71.9 54.3
 71.8 54.3
 71.7 54.2
 71.7 54.1
 71.6 54.1
 71.5 54.1
 71.5 54.2
 71.4 54.2
 71.3 54.2
 71.3 54.1
 71.2 54.1
 71.1 54.2
 71.1 54.3
 71.0 54.3
 71.1 54.3
 71.2 54.3
 71.2 54.4
 71.2 54.5
 71.2 54.6
 71.3 54.6
 71.3 54.7
 71.2 54.7
 71.1 54.7
 71.0 54.8
 71.0 54.9
 71.0 55.0
 71.0 55.1
 70.8 55.3
 70.7 55.3
 70.6 55.3
 70.5 55.3
 70.4 55.3
 70.4 55.2
 70.3 55.2
 70.2 55.1
 70.1 55.2
 69.9 55.2
 69.8 55.3
 69.7 55.4
 69.5 55.4
 69.4 55.4
 69.2 55.3
 69.2 55.4
 69.0 55.4
 68.9 55.4
 69.0 55.4
 69.0 55.3
 68.9 55.3
 68.9 55.4
 68.7 55.4
 68.7 55.3
 68.6 55.3
 68.6 55.2
 68.5 55.2
 68.4 55.2
 68.3 55.2
 68.2 55.2
 68.2 55.1
 68.3 55.1
 68.3 55.0
 68.2 55.0
 68.0 55.0
 67.9 55.0
 67.8 55.0
 67.8 54.9
 67.6 54.9
 67.5 54.9
 67.4 54.9
 67.3 54.9
 67.2 54.8
 67.1 54.8
 67.0 54.8
 66.8 54.8
 66.7 54.7
 66.5 54.7
 66.1 54.6
 66.0 54.6
 66.0 54.7
 65.8 54.7
 65.8 54.6
 65.5 54.6
 65.4 54.6
 65.2 54.5
 65.2 54.3
 65.1 54.3
 65.0 54.4
 64.9 54.4
 64.7 54.3
 64.7 54.4
 64.6 54.4
 64.5 54.4
 64.4 54.3
 64.3 54.3
 64.2 54.3
 64.1 54.3
 64.0 54.3
 64.0 54.2
 63.9 54.2
 63.8 54.2
 63.7 54.3
 63.6 54.2
 63.5 54.2
 63.4 54.2
 63.3 54.2
 63.1 54.2
 63.1 54.1
 63.0 54.1
 62.9 54.1
 62.8 54.1
 62.6 54.1
 62.6 54.0
 62.5 53.9
 62.6 53.9
 62.5 53.9
 62.4 53.9
 62.4 54.0
 62.5 54.0
 62.3 54.0
 62.0 54.0
 62.0 53.9
 61.9 54.0
 61.8 54.0
 61.6 54.0
 61.5 54.0
 61.5 54.1
 61.3 54.1
 61.3 54.0
 61.2 54.0
 61.3 54.0
 61.2 53.9
 61.2 54.0
 61.0 54.0
 61.0 53.9
 61.1 53.9
 61.2 53.8
 61.1 53.7
 61.1 53.6
 61.0 53.6
 61.0 53.7
 60.9 53.7
 60.9 53.6
 61.1 53.6
 61.3 53.5
 61.4 53.6
 61.5 53.6
 61.6 53.5
 61.5 53.5
 61.4 53.4
 61.4 53.5
 61.3 53.5
 61.2 53.5
 61.2 53.4
 61.2 53.3
 61.3 53.3
 61.4 53.3
 61.5 53.2
 61.7 53.3
 61.8 53.2
 62.1 53.1
 62.1 53.0
 62.0 52.9
 61.9 53.0
 61.7 53.0
 61.6 53.0
 61.5 53.0
 61.4 53.0
 61.3 53.0
 61.2 53.0
 61.1 53.0
 61.0 53.0
 61.1 52.9
 60.9 52.8
 60.7 52.7
 60.7 52.6
 60.8 52.6
 60.8 52.5
 61.0 52.5
 61.0 52.4
 61.1 52.3
 61.0 52.3
 60.9 52.3
 60.8 52.2
 60.7 52.2
 60.5 52.2
 60.2 52.0
 60.0 52.0
 60.1 51.9
 60.2 51.9
 60.3 51.8
 60.5 51.8
 60.5 51.7
 60.4 51.7
 60.5 51.7
 60.5 51.6
 60.9 51.6
 61.0 51.5
 61.3 51.4
 61.4 51.5
 61.4 51.4
 61.5 51.4
 61.6 51.3
 61.7 51.3
 61.6 51.2
 61.5 51.2
 61.5 50.9
 61.4 50.8
 60.8 50.7
 60.7 50.7
 60.3 50.7
 60.2 50.7
 60.2 50.8
 60.1 50.9
 60.0 50.9
 60.0 50.8
 59.9 50.8
 59.9 50.7
 59.9 50.6
 59.8 50.5
 59.7 50.5
 59.5 50.5
 59.5 50.6
 59.6 50.6
 59.5 50.6
 59.3 50.6
 59.2 50.7
 58.9 50.7
 58.8 50.7
 58.8 50.8
 58.7 50.8
 58.7 50.9
 58.6 50.9
 58.6 51.0
 58.5 51.1
 58.4 51.1
 58.3 51.2
 58.2 51.1
 58.1 51.1
 58.0 51.1
 57.9 51.1
 57.8 51.1
 57.7 51.1
 57.8 51.0
 57.7 50.9
 57.6 50.9
 57.5 50.9
 57.4 50.9
 57.3 51.0
 57.2 51.0
 57.2 51.1
 57.1 51.1
 56.9 51.1
 56.8 51.1
 56.7 51.1
 56.7 51.0
 56.6 51.0
 56.5 51.1
 56.4 51.0
 56.5 51.0
 56.4 51.0
 56.4 50.9
 56.3 50.9
 56.2 50.9
 56.1 50.7
 55.9 50.6
 55.8 50.6
 55.7 50.5
 55.6 50.6
 55.5 50.6
 55.5 50.7
 55.4 50.7
 55.2 50.7
 55.1 50.8
 55.1 50.9
 54.9 50.9
 54.8 51.0
 54.7 51.0
 54.6 51.0
 54.5 51.0
 54.6 51.0
 54.5 50.9
 54.6 50.9
 54.7 50.9
 54.6 50.8
 54.7 50.8
 54.7 50.7
 54.7 50.6
 54.6 50.5
 54.5 50.5
 54.4 50.6
 54.4 50.7
 54.4 50.8
 54.5 50.8
 54.5 50.9
 54.4 50.9
 54.3 50.9
 54.2 51.0
 54.1 51.1
 54.0 51.1
 54.0 51.2
 53.9 51.2
 53.8 51.2
 53.7 51.2
 53.7 51.3
 53.6 51.3
 53.6 51.4
 53.5 51.5
 53.4 51.5
 53.3 51.5
 53.2 51.5
 53.1 51.5
 53.0 51.5
 52.9 51.4
 52.9 51.5
 52.8 51.5
 52.7 51.5
 52.6 51.5
 52.5 51.5
 52.5 51.6
 52.4 51.7
 52.3 51.8
 52.3 51.7
 52.2 51.7
 52.1 51.7
 52.0 51.7
 51.9 51.7
 51.8 51.6
 51.8 51.5
 51.7 51.5
 51.6 51.5
 51.5 51.5
 51.4 51.5
 51.3 51.5
 51.3 51.6
 51.4 51.6
 51.3 51.6
 51.3 51.7
 51.2 51.7
 50.9 51.7
 50.9 51.8
 50.8 51.8
 50.8 51.7
 50.8 51.6
 50.7 51.6
 50.6 51.6
 50.5 51.6
 50.5 51.5
 50.5 51.4
 50.4 51.4
 50.4 51.3
 50.3 51.3
 50.0 51.2
 49.8 51.1
 49.5 51.1
 49.4 51.1
 49.4 51.0
 49.4 50.9
 49.3 50.8
 49.2 50.8
 49.0 50.7
 48.8 50.6
 48.7 50.6
 48.6 50.7
 48.6 50.6
 48.7 50.6
 48.7 50.5
 48.7 50.3
 48.8 50.2
 48.8 50.1
 48.9 50.1
 48.9 50.0
 48.8 50.0
 48.5 49.8
 48.4 49.8
 48.3 49.9
 48.2 49.9
 48.2 50.0
 48.1 50.0
 48.1 50.1
 48.0 50.1
 48.0 50.2
 47.9 50.2
 47.9 50.3
 47.8 50.3
 47.8 50.4
 47.7 50.4
 47.6 50.5
 47.5 50.4
 47.4 50.4
 47.4 50.3
 47.3 50.3
 47.3 50.2
 47.3 50.1
 47.4 50.1
 47.3 50.0
 47.2 49.9
 47.0 49.9
 46.9 49.9
 46.8 49.3
 46.9 49.3
 47.0 49.2
 47.1 49.2
 47.1 49.1
 47.0 49.1
 47.0 49.0
 46.8 48.9
 46.5 48.4
 47.1 48.3
 47.1 48.2
 47.1 48.1
 47.2 48.1
 47.1 48.0
 47.2 47.9
 47.1 47.8
 47.4 47.7
 47.4 47.8
 47.6 47.8
 47.7 47.8
 47.9 47.8
 48.1 47.8
 48.2 47.7
 48.3 47.6
 48.4 47.4
 48.5 47.4
 48.7 47.1
 49.0 46.8
 48.9 46.7
 48.8 46.7
 48.7 46.8
 48.6 46.8
 48.5 46.7
 48.6 46.6
 48.7 46.6
 48.8 46.5
 48.9 46.5
 49.1 46.4
 49.2 46.4
 

