100.1 20.3
 100.1 20.3
 100.2 20.2
 100.2 20.4
 100.3 20.4
 100.4 20.3
 100.5 20.2
 100.5 20.1
 100.6 20.2
 100.5 19.9
 100.4 19.8
 100.5 19.5
 100.6 19.5
 100.6 19.6
 100.8 19.5
 100.9 19.6
 101.0 19.6
 101.2 19.6
 101.3 19.6
 101.3 19.5
 101.2 19.4
 101.3 19.1
 101.4 19.1
 101.3 18.8
 101.2 18.7
 101.3 18.7
 101.1 18.5
 101.1 18.4
 101.2 18.3
 101.2 18.1
 101.0 17.8
 101.0 17.7
 100.9 17.6
 101.1 17.5
 101.2 17.5
 101.4 17.7
 101.6 17.8
 101.6 17.9
 101.7 17.9
 101.8 18.1
 101.9 18.0
 102.1 18.2
 102.2 18.2
 102.3 18.1
 102.6 18.0
 102.6 17.9
 102.6 17.8
 102.7 17.8
 102.7 17.9
 102.9 18.0
 103.0 18.0
 103.1 18.0
 103.1 18.1
 103.1 18.2
 103.2 18.2
 103.3 18.3
 103.2 18.3
 103.3 18.4
 103.4 18.4
 103.7 18.4
 103.9 18.3
 104.0 18.3
 104.2 18.1
 104.3 17.9
 104.4 17.7
 104.7 17.5
 104.8 17.4
 104.8 17.2
 104.8 16.9
 104.8 16.7
 104.7 16.5
 104.9 16.3
 105.0 16.2
 105.0 16.1
 105.2 16.1
 105.4 16.0
 105.3 15.9
 105.4 15.8
 105.6 15.7
 105.6 15.6
 105.6 15.4
 105.5 15.4
 105.5 15.3
 105.6 15.3
 105.5 15.2
 105.5 15.1
 105.6 15.0
 105.5 14.8
 105.5 14.6
 105.4 14.4
 105.2 14.4
 105.2 14.3
 105.4 14.1
 105.5 14.1
 105.6 14.2
 105.7 14.1
 105.8 14.0
 105.9 14.0
 105.9 13.9
 106.1 13.9
 106.2 14.1
 106.1 14.2
 106.0 14.2
 106.0 14.3
 106.0 14.4
 106.2 14.4
 106.3 14.5
 106.3 14.4
 106.4 14.5
 106.5 14.6
 106.6 14.5
 106.7 14.4
 106.8 14.3
 107.0 14.4
 107.1 14.4
 107.3 14.6
 107.4 14.5
 107.5 14.6
 107.5 14.7
 107.5 14.8
 107.6 14.9
 107.5 15.0
 107.6 15.0
 107.7 15.3
 107.6 15.3
 107.5 15.5
 107.3 15.7
 107.2 15.8
 107.2 15.9
 107.4 15.9
 107.5 16.0
 107.5 16.1
 107.3 16.1
 107.2 16.2
 107.1 16.3
 107.0 16.3
 106.9 16.4
 106.9 16.5
 106.8 16.5
 106.7 16.4
 106.7 16.5
 106.6 16.6
 106.6 16.9
 106.6 17.0
 106.5 17.0
 106.4 17.1
 106.3 17.2
 106.3 17.3
 106.3 17.2
 106.2 17.3
 106.0 17.4
 105.9 17.6
 105.8 17.7
 105.7 17.7
 105.6 17.9
 105.5 18.2
 105.4 18.2
 105.2 18.3
 105.2 18.4
 105.1 18.4
 105.1 18.5
 105.1 18.6
 105.2 18.6
 105.1 18.7
 105.0 18.7
 104.7 18.8
 104.5 19.0
 104.2 19.1
 104.0 19.3
 103.9 19.3
 104.0 19.4
 104.1 19.4
 104.1 19.5
 104.0 19.6
 104.0 19.7
 104.1 19.7
 104.2 19.7
 104.3 19.7
 104.4 19.7
 104.5 19.6
 104.6 19.6
 104.7 19.7
 104.8 19.8
 104.8 19.9
 104.9 19.9
 105.0 20.0
 104.9 20.2
 104.7 20.2
 104.7 20.3
 104.6 20.4
 104.5 20.4
 104.4 20.4
 104.4 20.5
 104.5 20.5
 104.6 20.5
 104.6 20.7
 104.3 20.8
 104.1 21.0
 103.8 20.8
 103.8 20.7
 103.7 20.7
 103.4 20.8
 103.2 20.9
 103.0 21.1
 102.9 21.2
 102.8 21.3
 102.9 21.3
 102.9 21.5
 102.9 21.4
 103.0 21.5
 103.0 21.7
 102.9 21.7
 102.9 21.8
 102.8 21.8
 102.8 21.7
 102.7 21.7
 102.6 21.9
 102.5 22.0
 102.4 22.1
 102.3 22.2
 102.1 22.4
 102.0 22.4
 101.9 22.4
 101.8 22.5
 101.7 22.5
 101.6 22.3
 101.6 22.0
 101.8 21.8
 101.8 21.7
 101.8 21.6
 101.7 21.3
 101.9 21.2
 101.8 21.1
 101.7 21.1
 101.6 21.2
 101.3 21.2
 101.2 21.3
 101.3 21.4
 101.2 21.4
 101.2 21.6
 101.2 21.5
 101.0 21.4
 100.8 21.3
 100.7 21.3
 100.6 21.0
 100.5 21.0
 100.5 20.9
 100.6 20.9
 100.6 20.8
 100.5 20.8
 100.4 20.8
 100.2 20.7
 100.1 20.4
 100.1 20.3
 

100.1 20.3
 100.1 20.3
 100.2 20.2
 100.2 20.4
 100.3 20.4
 100.4 20.3
 100.5 20.2
 100.5 20.1
 100.6 20.2
 100.5 19.9
 100.4 19.8
 100.5 19.5
 100.6 19.5
 100.6 19.6
 100.8 19.5
 100.9 19.6
 101.0 19.6
 101.2 19.6
 101.3 19.6
 101.3 19.5
 101.2 19.4
 101.3 19.1
 101.4 19.1
 101.3 18.8
 101.2 18.7
 101.3 18.7
 101.1 18.5
 101.1 18.4
 101.2 18.3
 101.2 18.1
 101.0 17.8
 101.0 17.7
 100.9 17.6
 101.1 17.5
 101.2 17.5
 101.4 17.7
 101.6 17.8
 101.6 17.9
 101.7 17.9
 101.8 18.1
 101.9 18.0
 102.1 18.2
 102.2 18.2
 102.3 18.1
 102.6 18.0
 102.6 17.9
 102.6 17.8
 102.7 17.8
 102.7 17.9
 102.9 18.0
 103.0 18.0
 103.1 18.0
 103.1 18.1
 103.1 18.2
 103.2 18.2
 103.3 18.3
 103.2 18.3
 103.3 18.4
 103.4 18.4
 103.7 18.4
 103.9 18.3
 104.0 18.3
 104.2 18.1
 104.3 17.9
 104.4 17.7
 104.7 17.5
 104.8 17.4
 104.8 17.2
 104.8 16.9
 104.8 16.7
 104.7 16.5
 104.9 16.3
 105.0 16.2
 105.0 16.1
 105.2 16.1
 105.4 16.0
 105.3 15.9
 105.4 15.8
 105.6 15.7
 105.6 15.6
 105.6 15.4
 105.5 15.4
 105.5 15.3
 105.6 15.3
 105.5 15.2
 105.5 15.1
 105.6 15.0
 105.5 14.8
 105.5 14.6
 105.4 14.4
 105.2 14.4
 105.2 14.3
 105.4 14.1
 105.5 14.1
 105.6 14.2
 105.7 14.1
 105.8 14.0
 105.9 14.0
 105.9 13.9
 106.1 13.9
 106.2 14.1
 106.1 14.2
 106.0 14.2
 106.0 14.3
 106.0 14.4
 106.2 14.4
 106.3 14.5
 106.3 14.4
 106.4 14.5
 106.5 14.6
 106.6 14.5
 106.7 14.4
 106.8 14.3
 107.0 14.4
 107.1 14.4
 107.3 14.6
 107.4 14.5
 107.5 14.6
 107.5 14.7
 107.5 14.8
 107.6 14.9
 107.5 15.0
 107.6 15.0
 107.7 15.3
 107.6 15.3
 107.5 15.5
 107.3 15.7
 107.2 15.8
 107.2 15.9
 107.4 15.9
 107.5 16.0
 107.5 16.1
 107.3 16.1
 107.2 16.2
 107.1 16.3
 107.0 16.3
 106.9 16.4
 106.9 16.5
 106.8 16.5
 106.7 16.4
 106.7 16.5
 106.6 16.6
 106.6 16.9
 106.6 17.0
 106.5 17.0
 106.4 17.1
 106.3 17.2
 106.3 17.3
 106.3 17.2
 106.2 17.3
 106.0 17.4
 105.9 17.6
 105.8 17.7
 105.7 17.7
 105.6 17.9
 105.5 18.2
 105.4 18.2
 105.2 18.3
 105.2 18.4
 105.1 18.4
 105.1 18.5
 105.1 18.6
 105.2 18.6
 105.1 18.7
 105.0 18.7
 104.7 18.8
 104.5 19.0
 104.2 19.1
 104.0 19.3
 103.9 19.3
 104.0 19.4
 104.1 19.4
 104.1 19.5
 104.0 19.6
 104.0 19.7
 104.1 19.7
 104.2 19.7
 104.3 19.7
 104.4 19.7
 104.5 19.6
 104.6 19.6
 104.7 19.7
 104.8 19.8
 104.8 19.9
 104.9 19.9
 105.0 20.0
 104.9 20.2
 104.7 20.2
 104.7 20.3
 104.6 20.4
 104.5 20.4
 104.4 20.4
 104.4 20.5
 104.5 20.5
 104.6 20.5
 104.6 20.7
 104.3 20.8
 104.1 21.0
 103.8 20.8
 103.8 20.7
 103.7 20.7
 103.4 20.8
 103.2 20.9
 103.0 21.1
 102.9 21.2
 102.8 21.3
 102.9 21.3
 102.9 21.5
 102.9 21.4
 103.0 21.5
 103.0 21.7
 102.9 21.7
 102.9 21.8
 102.8 21.8
 102.8 21.7
 102.7 21.7
 102.6 21.9
 102.5 22.0
 102.4 22.1
 102.3 22.2
 102.1 22.4
 102.0 22.4
 101.9 22.4
 101.8 22.5
 101.7 22.5
 101.6 22.3
 101.6 22.0
 101.8 21.8
 101.8 21.7
 101.8 21.6
 101.7 21.3
 101.9 21.2
 101.8 21.1
 101.7 21.1
 101.6 21.2
 101.3 21.2
 101.2 21.3
 101.3 21.4
 101.2 21.4
 101.2 21.6
 101.2 21.5
 101.0 21.4
 100.8 21.3
 100.7 21.3
 100.6 21.0
 100.5 21.0
 100.5 20.9
 100.6 20.9
 100.6 20.8
 100.5 20.8
 100.4 20.8
 100.2 20.7
 100.1 20.4
 100.1 20.3
 

