36.0 34.6
 36.0 34.6
 35.9 34.5
 35.8 34.5
 35.8 34.4
 35.6 34.3
 35.6 34.1
 35.6 34.0
 35.5 33.9
 35.5 33.8
 35.4 33.6
 35.3 33.5
 35.2 33.4
 35.2 33.2
 35.1 33.1
 35.3 33.1
 35.5 33.1
 35.6 33.3
 35.6 33.2
 35.8 33.4
 36.1 33.6
 35.9 33.6
 36.0 33.7
 36.1 33.8
 36.4 33.8
 36.3 33.9
 36.4 34.1
 36.6 34.2
 36.6 34.3
 36.6 34.4
 36.4 34.5
 36.3 34.5
 36.4 34.6
 36.3 34.7
 36.2 34.6
 36.0 34.6
 

36.0 34.6
 36.0 34.6
 35.9 34.5
 35.8 34.5
 35.8 34.4
 35.6 34.3
 35.6 34.1
 35.6 34.0
 35.5 33.9
 35.5 33.8
 35.4 33.6
 35.3 33.5
 35.2 33.4
 35.2 33.2
 35.1 33.1
 35.3 33.1
 35.5 33.1
 35.6 33.3
 35.6 33.2
 35.8 33.4
 36.1 33.6
 35.9 33.6
 36.0 33.7
 36.1 33.8
 36.4 33.8
 36.3 33.9
 36.4 34.1
 36.6 34.2
 36.6 34.3
 36.6 34.4
 36.4 34.5
 36.3 34.5
 36.4 34.6
 36.3 34.7
 36.2 34.6
 36.0 34.6
 

