92.3 21.1
 92.4 20.7
 92.5 20.6
 92.7 20.3
 92.7 20.6
 92.8 20.4
 92.8 20.5
 92.9 20.4
 92.9 20.3
 92.8 20.2
 92.9 20.1
 93.0 20.3
 93.0 20.5
 93.1 20.5
 93.0 20.4
 93.1 20.4
 93.0 20.2
 93.0 20.1
 93.1 20.2
 93.1 20.1
 93.0 20.1
 93.1 19.9
 93.1 20.0
 93.2 20.0
 93.2 19.8
 93.1 20.1
 93.3 20.0
 93.3 20.1
 93.4 20.0
 93.4 20.1
 93.4 20.0
 93.4 19.9
 93.5 20.0
 93.5 19.9
 93.6 19.9
 93.7 19.9
 93.6 19.8
 93.6 19.7
 93.7 19.8
 93.7 19.7
 93.8 19.7
 93.7 19.6
 93.9 19.5
 94.0 19.5
 93.9 19.3
 93.8 19.2
 93.7 19.2
 93.6 19.4
 93.5 19.4
 93.5 19.3
 93.8 19.0
 93.9 18.8
 94.0 19.0
 93.9 19.2
 94.0 19.1
 94.0 19.2
 94.1 19.4
 94.0 19.1
 94.1 19.0
 94.0 18.9
 94.1 18.8
 94.1 18.9
 94.2 18.7
 94.3 18.6
 94.2 18.5
 94.4 18.3
 94.3 18.3
 94.3 18.2
 94.4 18.2
 94.5 18.1
 94.5 18.0
 94.4 18.0
 94.6 17.5
 94.6 17.6
 94.5 17.5
 94.6 17.3
 94.5 17.3
 94.5 17.2
 94.5 17.1
 94.4 16.9
 94.4 16.6
 94.3 16.5
 94.2 16.0
 94.5 16.1
 94.5 16.3
 94.6 16.3
 94.6 16.2
 94.7 16.4
 94.7 16.5
 94.7 16.4
 94.7 16.1
 94.6 16.0
 94.6 15.9
 94.7 16.0
 94.8 16.2
 94.7 16.0
 94.6 15.9
 94.7 15.9
 94.7 15.8
 94.9 16.0
 94.8 16.1
 94.9 16.2
 95.0 16.2
 94.9 16.2
 94.9 16.1
 94.9 16.0
 94.8 16.0
 94.8 15.8
 94.9 15.9
 94.9 15.8
 94.8 15.8
 95.0 15.8
 95.1 16.1
 95.2 16.1
 95.1 16.1
 95.1 16.0
 95.1 15.9
 95.1 15.8
 95.2 15.8
 95.2 15.9
 95.3 15.9
 95.3 16.0
 95.3 16.1
 95.4 16.0
 95.3 15.9
 95.3 15.8
 95.3 15.7
 95.4 15.7
 95.6 15.9
 95.7 16.0
 95.7 16.2
 95.8 16.1
 95.9 16.3
 95.9 16.2
 96.0 16.2
 96.1 16.3
 96.0 16.4
 96.1 16.3
 96.3 16.4
 96.3 16.5
 96.2 16.8
 96.3 16.8
 96.2 16.8
 96.3 16.6
 96.4 16.5
 96.6 16.5
 96.8 16.7
 96.8 16.8
 96.8 16.9
 96.9 16.9
 96.9 17.0
 96.8 17.2
 96.9 17.3
 96.8 17.4
 96.9 17.5
 96.9 17.4
 97.1 17.2
 97.1 17.1
 97.2 17.1
 97.2 17.0
 97.2 16.9
 97.2 16.8
 97.4 16.6
 97.4 16.5
 97.5 16.5
 97.7 16.5
 97.7 16.6
 97.7 16.5
 97.6 16.4
 97.6 16.1
 97.6 16.0
 97.7 15.8
 97.8 15.5
 97.8 15.4
 97.7 15.3
 97.8 15.2
 97.8 14.9
 97.8 14.7
 97.9 14.7
 97.9 14.8
 98.0 14.6
 98.0 14.7
 97.9 14.7
 98.0 14.3
 98.1 14.1
 98.1 13.9
 98.1 13.8
 98.1 13.6
 98.1 13.5
 98.2 13.5
 98.2 14.0
 98.2 14.1
 98.2 14.0
 98.2 13.7
 98.4 13.6
 98.5 13.3
 98.6 13.1
 98.6 12.8
 98.7 12.7
 98.6 12.6
 98.7 12.5
 98.6 12.5
 98.6 12.4
 98.7 12.4
 98.7 12.3
 98.6 12.3
 98.5 12.3
 98.5 12.2
 98.6 12.2
 98.7 12.2
 98.6 12.1
 98.7 12.1
 98.7 12.0
 98.6 11.9
 98.7 11.9
 98.6 11.8
 98.6 11.7
 98.7 11.7
 98.8 11.8
 98.8 11.7
 98.9 11.7
 98.8 11.7
 98.7 11.6
 98.8 11.4
 98.7 11.4
 98.8 11.3
 98.7 11.2
 98.7 11.1
 98.7 11.0
 98.7 10.9
 98.6 10.9
 98.6 10.7
 98.5 10.7
 98.5 10.4
 98.5 10.2
 98.5 10.0
 98.6 10.0
 98.7 10.3
 98.8 10.5
 98.8 10.7
 98.9 10.8
 99.0 10.8
 99.0 11.0
 99.1 10.9
 99.4 11.3
 99.4 11.4
 99.5 11.6
 99.6 11.6
 99.7 11.8
 99.6 11.9
 99.6 12.1
 99.5 12.1
 99.5 12.3
 99.4 12.5
 99.4 12.6
 99.2 12.8
 99.2 13.0
 99.1 13.1
 99.1 13.2
 99.2 13.2
 99.2 13.3
 99.2 13.7
 98.9 14.1
 98.8 14.2
 98.7 14.3
 98.6 14.4
 98.4 14.6
 98.3 14.8
 98.2 15.2
 98.3 15.3
 98.4 15.3
 98.4 15.4
 98.5 15.4
 98.6 15.3
 98.6 15.4
 98.6 15.7
 98.6 16.0
 98.8 16.1
 98.9 16.2
 98.9 16.4
 98.9 16.5
 98.7 16.3
 98.6 16.5
 98.5 16.7
 98.5 16.8
 98.5 16.9
 98.4 17.1
 98.3 17.0
 98.1 17.4
 98.0 17.5
 97.9 17.6
 97.8 17.7
 97.7 17.8
 97.8 18.0
 97.6 18.2
 97.6 18.3
 97.5 18.3
 97.4 18.4
 97.3 18.5
 97.4 18.6
 97.4 18.5
 97.5 18.5
 97.7 18.6
 97.8 18.6
 97.7 18.9
 97.8 19.1
 97.8 19.2
 97.8 19.3
 97.8 19.4
 98.0 19.6
 98.0 19.8
 98.1 19.8
 98.3 19.7
 98.5 19.7
 98.6 19.7
 98.7 19.7
 98.8 19.8
 98.9 19.7
 99.0 19.8
 99.1 20.1
 99.2 20.1
 99.3 20.1
 99.5 20.1
 99.6 20.2
 99.5 20.4
 99.7 20.3
 99.8 20.3
 100.0 20.5
 100.1 20.3
 100.1 20.4
 100.2 20.7
 100.4 20.8
 100.5 20.8
 100.6 20.8
 100.6 20.9
 100.5 20.9
 100.5 21.0
 100.6 21.0
 100.7 21.3
 100.8 21.3
 101.0 21.4
 101.2 21.5
 101.2 21.6
 101.1 21.8
 100.9 21.7
 100.7 21.5
 100.6 21.5
 100.5 21.5
 100.4 21.5
 100.2 21.4
 100.2 21.5
 100.1 21.6
 100.1 21.7
 100.0 21.7
 100.0 21.8
 100.0 22.1
 99.8 22.0
 99.7 22.1
 99.7 22.0
 99.7 22.1
 99.6 22.1
 99.5 22.1
 99.4 22.1
 99.2 22.1
 99.2 22.2
 99.2 22.3
 99.3 22.4
 99.4 22.5
 99.3 22.7
 99.4 22.8
 99.4 22.9
 99.5 22.9
 99.6 22.9
 99.5 23.1
 99.4 23.1
 99.2 23.1
 99.1 23.1
 99.1 23.2
 98.9 23.2
 98.9 23.3
 98.9 23.4
 98.9 23.5
 98.8 23.5
 98.8 23.6
 98.9 23.6
 98.8 23.7
 98.7 23.8
 98.7 23.9
 98.8 24.0
 98.9 24.1
 98.9 24.2
 98.8 24.1
 98.6 24.1
 98.2 24.1
 98.0 24.1
 97.6 23.9
 97.5 24.0
 97.6 24.0
 97.7 24.2
 97.8 24.3
 97.7 24.3
 97.7 24.4
 97.5 24.4
 97.6 24.7
 97.6 24.8
 97.8 24.8
 97.8 24.9
 97.7 24.9
 97.7 25.1
 97.8 25.3
 97.9 25.3
 97.9 25.2
 98.1 25.3
 98.2 25.6
 98.3 25.6
 98.4 25.6
 98.4 25.7
 98.5 25.8
 98.6 25.8
 98.7 25.8
 98.7 25.9
 98.7 26.0
 98.6 26.1
 98.7 26.1
 98.7 26.2
 98.7 26.3
 98.8 26.6
 98.7 26.9
 98.8 27.1
 98.7 27.1
 98.7 27.4
 98.7 27.6
 98.6 27.6
 98.6 27.7
 98.4 27.7
 98.4 27.6
 98.4 27.5
 98.3 27.5
 98.2 27.9
 98.1 28.0
 98.2 28.1
 98.1 28.2
 98.0 28.2
 98.0 28.3
 97.9 28.4
 97.8 28.3
 97.7 28.5
 97.6 28.5
 97.5 28.5
 97.5 28.3
 97.4 28.3
 97.3 28.2
 97.3 28.1
 97.4 28.0
 97.4 27.9
 97.3 27.9
 97.2 27.9
 96.9 27.6
 97.0 27.4
 97.2 27.1
 97.1 27.1
 97.0 27.1
 96.9 27.2
 96.9 27.3
 96.8 27.4
 96.6 27.4
 96.5 27.3
 96.2 27.3
 96.0 27.2
 95.9 27.0
 95.8 27.0
 95.7 26.9
 95.6 26.8
 95.5 26.8
 95.4 26.7
 95.3 26.6
 95.3 26.7
 95.1 26.6
 95.1 26.3
 95.1 26.2
 95.2 26.1
 95.1 26.0
 95.0 25.9
 95.0 25.8
 94.9 25.6
 94.6 25.4
 94.6 25.2
 94.7 25.1
 94.7 25.0
 94.6 24.7
 94.5 24.7
 94.5 24.6
 94.4 24.5
 94.4 24.4
 94.3 24.2
 94.2 23.9
 94.1 23.8
 94.0 23.9
 93.6 24.0
 93.5 24.0
 93.4 24.1
 93.3 24.1
 93.3 24.0
 93.4 23.9
 93.4 23.8
 93.4 23.5
 93.4 23.1
 93.3 23.0
 93.2 23.0
 93.2 23.1
 93.1 23.1
 93.1 23.0
 93.1 22.9
 93.1 22.8
 93.1 22.5
 93.2 22.4
 93.2 22.2
 93.1 22.2
 93.2 22.2
 93.1 22.2
 93.0 22.2
 93.0 22.0
 92.9 22.0
 92.8 22.1
 92.7 22.2
 92.7 22.0
 92.6 22.0
 92.6 21.4
 92.7 21.3
 92.6 21.3
 92.6 21.4
 92.5 21.4
 92.4 21.4
 92.4 21.5
 92.2 21.3
 92.2 21.2
 92.3 21.1
 

92.3 21.1
 92.4 20.7
 92.5 20.6
 92.7 20.3
 92.7 20.6
 92.8 20.4
 92.8 20.5
 92.9 20.4
 92.9 20.3
 92.8 20.2
 92.9 20.1
 93.0 20.3
 93.0 20.5
 93.1 20.5
 93.0 20.4
 93.1 20.4
 93.0 20.2
 93.0 20.1
 93.1 20.2
 93.1 20.1
 93.0 20.1
 93.1 19.9
 93.1 20.0
 93.2 20.0
 93.2 19.8
 93.1 20.1
 93.3 20.0
 93.3 20.1
 93.4 20.0
 93.4 20.1
 93.4 20.0
 93.4 19.9
 93.5 20.0
 93.5 19.9
 93.6 19.9
 93.7 19.9
 93.6 19.8
 93.6 19.7
 93.7 19.8
 93.7 19.7
 93.8 19.7
 93.7 19.6
 93.9 19.5
 94.0 19.5
 93.9 19.3
 93.8 19.2
 93.7 19.2
 93.6 19.4
 93.5 19.4
 93.5 19.3
 93.8 19.0
 93.9 18.8
 94.0 19.0
 93.9 19.2
 94.0 19.1
 94.0 19.2
 94.1 19.4
 94.0 19.1
 94.1 19.0
 94.0 18.9
 94.1 18.8
 94.1 18.9
 94.2 18.7
 94.3 18.6
 94.2 18.5
 94.4 18.3
 94.3 18.3
 94.3 18.2
 94.4 18.2
 94.5 18.1
 94.5 18.0
 94.4 18.0
 94.6 17.5
 94.6 17.6
 94.5 17.5
 94.6 17.3
 94.5 17.3
 94.5 17.2
 94.5 17.1
 94.4 16.9
 94.4 16.6
 94.3 16.5
 94.2 16.0
 94.5 16.1
 94.5 16.3
 94.6 16.3
 94.6 16.2
 94.7 16.4
 94.7 16.5
 94.7 16.4
 94.7 16.1
 94.6 16.0
 94.6 15.9
 94.7 16.0
 94.8 16.2
 94.7 16.0
 94.6 15.9
 94.7 15.9
 94.7 15.8
 94.9 16.0
 94.8 16.1
 94.9 16.2
 95.0 16.2
 94.9 16.2
 94.9 16.1
 94.9 16.0
 94.8 16.0
 94.8 15.8
 94.9 15.9
 94.9 15.8
 94.8 15.8
 95.0 15.8
 95.1 16.1
 95.2 16.1
 95.1 16.1
 95.1 16.0
 95.1 15.9
 95.1 15.8
 95.2 15.8
 95.2 15.9
 95.3 15.9
 95.3 16.0
 95.3 16.1
 95.4 16.0
 95.3 15.9
 95.3 15.8
 95.3 15.7
 95.4 15.7
 95.6 15.9
 95.7 16.0
 95.7 16.2
 95.8 16.1
 95.9 16.3
 95.9 16.2
 96.0 16.2
 96.1 16.3
 96.0 16.4
 96.1 16.3
 96.3 16.4
 96.3 16.5
 96.2 16.8
 96.3 16.8
 96.2 16.8
 96.3 16.6
 96.4 16.5
 96.6 16.5
 96.8 16.7
 96.8 16.8
 96.8 16.9
 96.9 16.9
 96.9 17.0
 96.8 17.2
 96.9 17.3
 96.8 17.4
 96.9 17.5
 96.9 17.4
 97.1 17.2
 97.1 17.1
 97.2 17.1
 97.2 17.0
 97.2 16.9
 97.2 16.8
 97.4 16.6
 97.4 16.5
 97.5 16.5
 97.7 16.5
 97.7 16.6
 97.7 16.5
 97.6 16.4
 97.6 16.1
 97.6 16.0
 97.7 15.8
 97.8 15.5
 97.8 15.4
 97.7 15.3
 97.8 15.2
 97.8 14.9
 97.8 14.7
 97.9 14.7
 97.9 14.8
 98.0 14.6
 98.0 14.7
 97.9 14.7
 98.0 14.3
 98.1 14.1
 98.1 13.9
 98.1 13.8
 98.1 13.6
 98.1 13.5
 98.2 13.5
 98.2 14.0
 98.2 14.1
 98.2 14.0
 98.2 13.7
 98.4 13.6
 98.5 13.3
 98.6 13.1
 98.6 12.8
 98.7 12.7
 98.6 12.6
 98.7 12.5
 98.6 12.5
 98.6 12.4
 98.7 12.4
 98.7 12.3
 98.6 12.3
 98.5 12.3
 98.5 12.2
 98.6 12.2
 98.7 12.2
 98.6 12.1
 98.7 12.1
 98.7 12.0
 98.6 11.9
 98.7 11.9
 98.6 11.8
 98.6 11.7
 98.7 11.7
 98.8 11.8
 98.8 11.7
 98.9 11.7
 98.8 11.7
 98.7 11.6
 98.8 11.4
 98.7 11.4
 98.8 11.3
 98.7 11.2
 98.7 11.1
 98.7 11.0
 98.7 10.9
 98.6 10.9
 98.6 10.7
 98.5 10.7
 98.5 10.4
 98.5 10.2
 98.5 10.0
 98.6 10.0
 98.7 10.3
 98.8 10.5
 98.8 10.7
 98.9 10.8
 99.0 10.8
 99.0 11.0
 99.1 10.9
 99.4 11.3
 99.4 11.4
 99.5 11.6
 99.6 11.6
 99.7 11.8
 99.6 11.9
 99.6 12.1
 99.5 12.1
 99.5 12.3
 99.4 12.5
 99.4 12.6
 99.2 12.8
 99.2 13.0
 99.1 13.1
 99.1 13.2
 99.2 13.2
 99.2 13.3
 99.2 13.7
 98.9 14.1
 98.8 14.2
 98.7 14.3
 98.6 14.4
 98.4 14.6
 98.3 14.8
 98.2 15.2
 98.3 15.3
 98.4 15.3
 98.4 15.4
 98.5 15.4
 98.6 15.3
 98.6 15.4
 98.6 15.7
 98.6 16.0
 98.8 16.1
 98.9 16.2
 98.9 16.4
 98.9 16.5
 98.7 16.3
 98.6 16.5
 98.5 16.7
 98.5 16.8
 98.5 16.9
 98.4 17.1
 98.3 17.0
 98.1 17.4
 98.0 17.5
 97.9 17.6
 97.8 17.7
 97.7 17.8
 97.8 18.0
 97.6 18.2
 97.6 18.3
 97.5 18.3
 97.4 18.4
 97.3 18.5
 97.4 18.6
 97.4 18.5
 97.5 18.5
 97.7 18.6
 97.8 18.6
 97.7 18.9
 97.8 19.1
 97.8 19.2
 97.8 19.3
 97.8 19.4
 98.0 19.6
 98.0 19.8
 98.1 19.8
 98.3 19.7
 98.5 19.7
 98.6 19.7
 98.7 19.7
 98.8 19.8
 98.9 19.7
 99.0 19.8
 99.1 20.1
 99.2 20.1
 99.3 20.1
 99.5 20.1
 99.6 20.2
 99.5 20.4
 99.7 20.3
 99.8 20.3
 100.0 20.5
 100.1 20.3
 100.1 20.4
 100.2 20.7
 100.4 20.8
 100.5 20.8
 100.6 20.8
 100.6 20.9
 100.5 20.9
 100.5 21.0
 100.6 21.0
 100.7 21.3
 100.8 21.3
 101.0 21.4
 101.2 21.5
 101.2 21.6
 101.1 21.8
 100.9 21.7
 100.7 21.5
 100.6 21.5
 100.5 21.5
 100.4 21.5
 100.2 21.4
 100.2 21.5
 100.1 21.6
 100.1 21.7
 100.0 21.7
 100.0 21.8
 100.0 22.1
 99.8 22.0
 99.7 22.1
 99.7 22.0
 99.7 22.1
 99.6 22.1
 99.5 22.1
 99.4 22.1
 99.2 22.1
 99.2 22.2
 99.2 22.3
 99.3 22.4
 99.4 22.5
 99.3 22.7
 99.4 22.8
 99.4 22.9
 99.5 22.9
 99.6 22.9
 99.5 23.1
 99.4 23.1
 99.2 23.1
 99.1 23.1
 99.1 23.2
 98.9 23.2
 98.9 23.3
 98.9 23.4
 98.9 23.5
 98.8 23.5
 98.8 23.6
 98.9 23.6
 98.8 23.7
 98.7 23.8
 98.7 23.9
 98.8 24.0
 98.9 24.1
 98.9 24.2
 98.8 24.1
 98.6 24.1
 98.2 24.1
 98.0 24.1
 97.6 23.9
 97.5 24.0
 97.6 24.0
 97.7 24.2
 97.8 24.3
 97.7 24.3
 97.7 24.4
 97.5 24.4
 97.6 24.7
 97.6 24.8
 97.8 24.8
 97.8 24.9
 97.7 24.9
 97.7 25.1
 97.8 25.3
 97.9 25.3
 97.9 25.2
 98.1 25.3
 98.2 25.6
 98.3 25.6
 98.4 25.6
 98.4 25.7
 98.5 25.8
 98.6 25.8
 98.7 25.8
 98.7 25.9
 98.7 26.0
 98.6 26.1
 98.7 26.1
 98.7 26.2
 98.7 26.3
 98.8 26.6
 98.7 26.9
 98.8 27.1
 98.7 27.1
 98.7 27.4
 98.7 27.6
 98.6 27.6
 98.6 27.7
 98.4 27.7
 98.4 27.6
 98.4 27.5
 98.3 27.5
 98.2 27.9
 98.1 28.0
 98.2 28.1
 98.1 28.2
 98.0 28.2
 98.0 28.3
 97.9 28.4
 97.8 28.3
 97.7 28.5
 97.6 28.5
 97.5 28.5
 97.5 28.3
 97.4 28.3
 97.3 28.2
 97.3 28.1
 97.4 28.0
 97.4 27.9
 97.3 27.9
 97.2 27.9
 96.9 27.6
 97.0 27.4
 97.2 27.1
 97.1 27.1
 97.0 27.1
 96.9 27.2
 96.9 27.3
 96.8 27.4
 96.6 27.4
 96.5 27.3
 96.2 27.3
 96.0 27.2
 95.9 27.0
 95.8 27.0
 95.7 26.9
 95.6 26.8
 95.5 26.8
 95.4 26.7
 95.3 26.6
 95.3 26.7
 95.1 26.6
 95.1 26.3
 95.1 26.2
 95.2 26.1
 95.1 26.0
 95.0 25.9
 95.0 25.8
 94.9 25.6
 94.6 25.4
 94.6 25.2
 94.7 25.1
 94.7 25.0
 94.6 24.7
 94.5 24.7
 94.5 24.6
 94.4 24.5
 94.4 24.4
 94.3 24.2
 94.2 23.9
 94.1 23.8
 94.0 23.9
 93.6 24.0
 93.5 24.0
 93.4 24.1
 93.3 24.1
 93.3 24.0
 93.4 23.9
 93.4 23.8
 93.4 23.5
 93.4 23.1
 93.3 23.0
 93.2 23.0
 93.2 23.1
 93.1 23.1
 93.1 23.0
 93.1 22.9
 93.1 22.8
 93.1 22.5
 93.2 22.4
 93.2 22.2
 93.1 22.2
 93.2 22.2
 93.1 22.2
 93.0 22.2
 93.0 22.0
 92.9 22.0
 92.8 22.1
 92.7 22.2
 92.7 22.0
 92.6 22.0
 92.6 21.4
 92.7 21.3
 92.6 21.3
 92.6 21.4
 92.5 21.4
 92.4 21.4
 92.4 21.5
 92.2 21.3
 92.2 21.2
 92.3 21.1
 

