87.8 49.2
 87.9 49.0
 87.8 48.9
 87.9 48.8
 88.0 48.7
 88.1 48.7
 88.0 48.6
 88.6 48.4
 88.6 48.2
 88.8 48.1
 88.9 48.1
 89.1 48.0
 89.2 48.0
 89.5 48.0
 89.6 48.0
 89.7 47.9
 89.8 47.8
 89.9 47.8
 90.0 47.9
 90.1 47.9
 90.1 47.8
 90.1 47.7
 90.4 47.7
 90.4 47.6
 90.4 47.5
 90.5 47.5
 90.5 47.3
 90.8 47.0
 90.9 47.0
 91.0 46.9
 90.9 46.8
 91.0 46.7
 91.1 46.6
 90.9 46.3
 91.0 46.2
 91.0 46.0
 90.7 45.7
 90.7 45.5
 90.8 45.4
 90.9 45.2
 91.0 45.2
 91.1 45.2
 91.2 45.2
 91.4 45.1
 91.5 45.2
 91.7 45.1
 92.1 45.1
 92.4 45.0
 93.1 45.0
 93.5 45.0
 94.1 44.7
 94.3 44.6
 94.4 44.5
 94.6 44.5
 94.7 44.3
 95.0 44.3
 95.4 44.3
 95.4 44.2
 95.3 44.0
 95.5 44.0
 95.8 43.4
 95.9 43.3
 96.4 42.9
 96.4 42.7
 97.2 42.8
 98.5 42.6
 99.5 42.6
 100.0 42.6
 100.3 42.6
 100.3 42.7
 100.8 42.7
 101.8 42.5
 102.1 42.2
 102.4 42.2
 102.7 42.2
 103.4 41.9
 103.8 41.8
 104.1 41.8
 104.5 41.9
 104.5 41.7
 104.9 41.7
 105.0 41.6
 105.2 41.7
 105.5 41.8
 106.1 42.1
 106.8 42.3
 107.0 42.3
 107.3 42.4
 107.5 42.5
 107.6 42.4
 108.5 42.4
 108.8 42.4
 109.0 42.5
 109.3 42.4
 109.4 42.5
 109.5 42.5
 109.7 42.6
 109.9 42.6
 110.1 42.6
 110.1 42.7
 110.4 42.8
 110.5 42.8
 110.7 43.0
 110.7 43.1
 111.0 43.3
 111.4 43.5
 111.6 43.5
 111.8 43.7
 112.0 43.7
 112.0 43.8
 111.9 43.9
 111.6 44.2
 111.4 44.3
 111.4 44.4
 111.6 44.6
 111.6 44.7
 111.8 45.0
 112.0 45.1
 112.4 45.1
 112.6 44.9
 113.1 44.8
 113.6 44.7
 113.9 44.9
 114.1 44.9
 114.5 45.2
 114.5 45.4
 114.7 45.4
 114.9 45.4
 115.7 45.5
 116.0 45.7
 116.2 45.7
 116.3 45.8
 116.2 45.9
 116.4 46.1
 116.6 46.3
 116.8 46.4
 117.1 46.4
 117.4 46.4
 117.4 46.6
 117.6 46.6
 117.7 46.5
 117.8 46.5
 117.9 46.6
 118.3 46.7
 118.6 46.7
 118.8 46.7
 118.8 46.8
 118.9 46.8
 118.9 46.7
 119.0 46.8
 119.1 46.7
 119.4 46.6
 119.6 46.6
 119.7 46.6
 119.8 46.6
 119.9 46.7
 119.9 46.9
 119.8 47.0
 119.7 47.2
 119.6 47.2
 119.5 47.3
 119.3 47.4
 119.3 47.5
 119.1 47.5
 119.1 47.7
 118.8 47.8
 118.6 48.0
 118.0 48.0
 117.8 48.0
 117.5 47.8
 117.4 47.7
 117.3 47.7
 117.1 47.8
 116.9 47.9
 116.5 47.8
 116.3 47.9
 116.1 47.8
 116.0 47.7
 115.9 47.7
 115.6 47.9
 115.5 48.1
 115.8 48.3
 115.8 48.5
 116.1 48.8
 116.1 48.9
 116.7 49.8
 116.6 49.9
 116.2 50.0
 116.1 50.0
 115.7 49.9
 115.4 49.9
 115.2 50.0
 114.9 50.2
 114.7 50.3
 114.5 50.2
 114.3 50.3
 114.2 50.3
 113.6 50.0
 113.2 49.8
 113.1 49.6
 112.7 49.5
 112.5 49.5
 112.1 49.4
 111.4 49.4
 110.9 49.2
 110.7 49.1
 110.6 49.2
 110.4 49.3
 110.3 49.2
 109.5 49.2
 109.4 49.3
 108.5 49.3
 108.5 49.4
 107.9 49.7
 108.0 49.9
 107.2 50.0
 107.1 50.1
 107.0 50.2
 106.8 50.3
 106.5 50.3
 106.3 50.3
 106.1 50.3
 106.1 50.4
 106.0 50.4
 105.3 50.5
 105.1 50.4
 105.0 50.4
 104.4 50.3
 104.3 50.2
 104.1 50.1
 103.8 50.2
 103.7 50.1
 103.6 50.1
 103.4 50.2
 103.3 50.2
 103.2 50.3
 102.6 50.4
 102.5 50.5
 102.3 50.6
 102.4 50.7
 102.3 50.7
 102.3 50.8
 102.2 50.8
 102.3 50.9
 102.2 51.2
 102.2 51.3
 101.5 51.5
 101.4 51.5
 101.3 51.5
 100.7 51.7
 100.2 51.7
 99.9 51.8
 99.7 51.9
 99.5 51.9
 99.1 52.0
 98.9 52.1
 98.9 52.0
 98.7 51.8
 98.6 51.8
 98.4 51.7
 98.3 51.7
 98.2 51.5
 98.1 51.5
 97.9 51.3
 98.0 51.2
 97.8 51.0
 97.9 50.9
 98.0 50.9
 98.0 50.8
 98.1 50.6
 98.3 50.5
 98.3 50.3
 98.1 50.0
 97.9 49.9
 97.8 50.0
 97.6 49.9
 97.6 49.8
 97.5 49.8
 97.3 49.7
 97.2 49.8
 97.0 49.9
 96.7 49.9
 96.6 49.9
 96.5 49.9
 96.4 49.9
 96.3 50.0
 96.1 50.0
 96.0 49.9
 95.9 50.0
 95.8 50.0
 95.5 49.9
 95.4 50.0
 95.1 50.0
 95.0 50.1
 94.6 50.0
 94.4 50.2
 94.3 50.6
 94.2 50.6
 93.7 50.6
 93.4 50.6
 93.3 50.6
 93.0 50.6
 93.0 50.7
 93.0 50.8
 92.9 50.8
 92.8 50.8
 92.8 50.7
 92.7 50.7
 92.6 50.7
 92.4 50.9
 92.3 50.9
 92.3 50.8
 92.3 50.7
 92.2 50.7
 91.9 50.7
 91.7 50.7
 91.5 50.5
 91.4 50.5
 91.3 50.5
 91.0 50.4
 90.7 50.2
 90.1 50.1
 90.0 50.1
 90.0 50.0
 89.7 49.9
 89.6 49.9
 89.7 49.8
 89.7 49.7
 89.4 49.6
 89.3 49.6
 89.2 49.6
 89.2 49.5
 89.0 49.5
 88.9 49.5
 88.9 49.4
 88.8 49.4
 88.7 49.5
 88.6 49.5
 88.4 49.5
 88.2 49.4
 88.1 49.4
 88.2 49.3
 88.0 49.2
 87.8 49.2
 

87.8 49.2
 87.9 49.0
 87.8 48.9
 87.9 48.8
 88.0 48.7
 88.1 48.7
 88.0 48.6
 88.6 48.4
 88.6 48.2
 88.8 48.1
 88.9 48.1
 89.1 48.0
 89.2 48.0
 89.5 48.0
 89.6 48.0
 89.7 47.9
 89.8 47.8
 89.9 47.8
 90.0 47.9
 90.1 47.9
 90.1 47.8
 90.1 47.7
 90.4 47.7
 90.4 47.6
 90.4 47.5
 90.5 47.5
 90.5 47.3
 90.8 47.0
 90.9 47.0
 91.0 46.9
 90.9 46.8
 91.0 46.7
 91.1 46.6
 90.9 46.3
 91.0 46.2
 91.0 46.0
 90.7 45.7
 90.7 45.5
 90.8 45.4
 90.9 45.2
 91.0 45.2
 91.1 45.2
 91.2 45.2
 91.4 45.1
 91.5 45.2
 91.7 45.1
 92.1 45.1
 92.4 45.0
 93.1 45.0
 93.5 45.0
 94.1 44.7
 94.3 44.6
 94.4 44.5
 94.6 44.5
 94.7 44.3
 95.0 44.3
 95.4 44.3
 95.4 44.2
 95.3 44.0
 95.5 44.0
 95.8 43.4
 95.9 43.3
 96.4 42.9
 96.4 42.7
 97.2 42.8
 98.5 42.6
 99.5 42.6
 100.0 42.6
 100.3 42.6
 100.3 42.7
 100.8 42.7
 101.8 42.5
 102.1 42.2
 102.4 42.2
 102.7 42.2
 103.4 41.9
 103.8 41.8
 104.1 41.8
 104.5 41.9
 104.5 41.7
 104.9 41.7
 105.0 41.6
 105.2 41.7
 105.5 41.8
 106.1 42.1
 106.8 42.3
 107.0 42.3
 107.3 42.4
 107.5 42.5
 107.6 42.4
 108.5 42.4
 108.8 42.4
 109.0 42.5
 109.3 42.4
 109.4 42.5
 109.5 42.5
 109.7 42.6
 109.9 42.6
 110.1 42.6
 110.1 42.7
 110.4 42.8
 110.5 42.8
 110.7 43.0
 110.7 43.1
 111.0 43.3
 111.4 43.5
 111.6 43.5
 111.8 43.7
 112.0 43.7
 112.0 43.8
 111.9 43.9
 111.6 44.2
 111.4 44.3
 111.4 44.4
 111.6 44.6
 111.6 44.7
 111.8 45.0
 112.0 45.1
 112.4 45.1
 112.6 44.9
 113.1 44.8
 113.6 44.7
 113.9 44.9
 114.1 44.9
 114.5 45.2
 114.5 45.4
 114.7 45.4
 114.9 45.4
 115.7 45.5
 116.0 45.7
 116.2 45.7
 116.3 45.8
 116.2 45.9
 116.4 46.1
 116.6 46.3
 116.8 46.4
 117.1 46.4
 117.4 46.4
 117.4 46.6
 117.6 46.6
 117.7 46.5
 117.8 46.5
 117.9 46.6
 118.3 46.7
 118.6 46.7
 118.8 46.7
 118.8 46.8
 118.9 46.8
 118.9 46.7
 119.0 46.8
 119.1 46.7
 119.4 46.6
 119.6 46.6
 119.7 46.6
 119.8 46.6
 119.9 46.7
 119.9 46.9
 119.8 47.0
 119.7 47.2
 119.6 47.2
 119.5 47.3
 119.3 47.4
 119.3 47.5
 119.1 47.5
 119.1 47.7
 118.8 47.8
 118.6 48.0
 118.0 48.0
 117.8 48.0
 117.5 47.8
 117.4 47.7
 117.3 47.7
 117.1 47.8
 116.9 47.9
 116.5 47.8
 116.3 47.9
 116.1 47.8
 116.0 47.7
 115.9 47.7
 115.6 47.9
 115.5 48.1
 115.8 48.3
 115.8 48.5
 116.1 48.8
 116.1 48.9
 116.7 49.8
 116.6 49.9
 116.2 50.0
 116.1 50.0
 115.7 49.9
 115.4 49.9
 115.2 50.0
 114.9 50.2
 114.7 50.3
 114.5 50.2
 114.3 50.3
 114.2 50.3
 113.6 50.0
 113.2 49.8
 113.1 49.6
 112.7 49.5
 112.5 49.5
 112.1 49.4
 111.4 49.4
 110.9 49.2
 110.7 49.1
 110.6 49.2
 110.4 49.3
 110.3 49.2
 109.5 49.2
 109.4 49.3
 108.5 49.3
 108.5 49.4
 107.9 49.7
 108.0 49.9
 107.2 50.0
 107.1 50.1
 107.0 50.2
 106.8 50.3
 106.5 50.3
 106.3 50.3
 106.1 50.3
 106.1 50.4
 106.0 50.4
 105.3 50.5
 105.1 50.4
 105.0 50.4
 104.4 50.3
 104.3 50.2
 104.1 50.1
 103.8 50.2
 103.7 50.1
 103.6 50.1
 103.4 50.2
 103.3 50.2
 103.2 50.3
 102.6 50.4
 102.5 50.5
 102.3 50.6
 102.4 50.7
 102.3 50.7
 102.3 50.8
 102.2 50.8
 102.3 50.9
 102.2 51.2
 102.2 51.3
 101.5 51.5
 101.4 51.5
 101.3 51.5
 100.7 51.7
 100.2 51.7
 99.9 51.8
 99.7 51.9
 99.5 51.9
 99.1 52.0
 98.9 52.1
 98.9 52.0
 98.7 51.8
 98.6 51.8
 98.4 51.7
 98.3 51.7
 98.2 51.5
 98.1 51.5
 97.9 51.3
 98.0 51.2
 97.8 51.0
 97.9 50.9
 98.0 50.9
 98.0 50.8
 98.1 50.6
 98.3 50.5
 98.3 50.3
 98.1 50.0
 97.9 49.9
 97.8 50.0
 97.6 49.9
 97.6 49.8
 97.5 49.8
 97.3 49.7
 97.2 49.8
 97.0 49.9
 96.7 49.9
 96.6 49.9
 96.5 49.9
 96.4 49.9
 96.3 50.0
 96.1 50.0
 96.0 49.9
 95.9 50.0
 95.8 50.0
 95.5 49.9
 95.4 50.0
 95.1 50.0
 95.0 50.1
 94.6 50.0
 94.4 50.2
 94.3 50.6
 94.2 50.6
 93.7 50.6
 93.4 50.6
 93.3 50.6
 93.0 50.6
 93.0 50.7
 93.0 50.8
 92.9 50.8
 92.8 50.8
 92.8 50.7
 92.7 50.7
 92.6 50.7
 92.4 50.9
 92.3 50.9
 92.3 50.8
 92.3 50.7
 92.2 50.7
 91.9 50.7
 91.7 50.7
 91.5 50.5
 91.4 50.5
 91.3 50.5
 91.0 50.4
 90.7 50.2
 90.1 50.1
 90.0 50.1
 90.0 50.0
 89.7 49.9
 89.6 49.9
 89.7 49.8
 89.7 49.7
 89.4 49.6
 89.3 49.6
 89.2 49.6
 89.2 49.5
 89.0 49.5
 88.9 49.5
 88.9 49.4
 88.8 49.4
 88.7 49.5
 88.6 49.5
 88.4 49.5
 88.2 49.4
 88.1 49.4
 88.2 49.3
 88.0 49.2
 87.8 49.2
 

