100.1 6.4
 100.2 6.3
 100.3 6.2
 100.3 6.0
 100.4 5.7
 100.3 5.7
 100.4 5.1
 100.4 4.9
 100.5 4.9
 100.6 4.9
 100.6 4.8
 100.6 4.7
 100.7 4.7
 100.6 4.6
 100.6 4.3
 100.6 4.2
 100.8 4.1
 100.8 4.0
 100.9 4.0
 100.8 4.0
 100.7 4.0
 100.7 3.9
 100.8 3.8
 101.0 3.6
 101.3 3.3
 101.4 3.0
 101.3 2.9
 101.3 2.8
 101.4 2.8
 101.5 2.7
 101.8 2.6
 101.9 2.4
 102.3 2.2
 102.6 2.0
 102.7 1.9
 102.7 1.8
 102.8 1.9
 103.2 1.6
 103.4 1.5
 103.5 1.3
 103.5 1.4
 103.6 1.3
 103.8 1.5
 104.0 1.4
 104.0 1.5
 104.0 1.6
 104.0 1.5
 104.1 1.5
 104.0 1.5
 104.1 1.4
 104.2 1.3
 104.3 1.4
 104.3 1.5
 104.2 1.8
 104.1 1.8
 104.0 2.1
 104.0 2.2
 104.0 2.3
 103.8 2.4
 103.8 2.6
 103.6 2.7
 103.5 2.8
 103.4 2.9
 103.4 3.4
 103.5 3.5
 103.4 3.7
 103.3 3.8
 103.4 3.8
 103.4 3.9
 103.4 4.0
 103.4 4.1
 103.5 4.3
 103.4 4.8
 103.2 5.3
 103.1 5.5
 102.7 5.7
 102.4 6.1
 102.3 6.2
 102.1 6.2
 102.1 6.1
 101.9 6.0
 101.9 5.9
 101.8 5.7
 101.7 5.8
 101.7 5.9
 101.6 5.9
 101.3 5.8
 101.2 5.7
 101.1 5.6
 101.1 5.7
 101.0 5.7
 101.0 5.8
 101.1 6.0
 101.1 6.2
 101.0 6.3
 100.9 6.2
 100.9 6.3
 100.7 6.5
 100.7 6.4
 100.4 6.5
 100.3 6.7
 100.2 6.7
 100.2 6.5
 100.1 6.4
 

100.1 6.4
 100.2 6.3
 100.3 6.2
 100.3 6.0
 100.4 5.7
 100.3 5.7
 100.4 5.1
 100.4 4.9
 100.5 4.9
 100.6 4.9
 100.6 4.8
 100.6 4.7
 100.7 4.7
 100.6 4.6
 100.6 4.3
 100.6 4.2
 100.8 4.1
 100.8 4.0
 100.9 4.0
 100.8 4.0
 100.7 4.0
 100.7 3.9
 100.8 3.8
 101.0 3.6
 101.3 3.3
 101.4 3.0
 101.3 2.9
 101.3 2.8
 101.4 2.8
 101.5 2.7
 101.8 2.6
 101.9 2.4
 102.3 2.2
 102.6 2.0
 102.7 1.9
 102.7 1.8
 102.8 1.9
 103.2 1.6
 103.4 1.5
 103.5 1.3
 103.5 1.4
 103.6 1.3
 103.8 1.5
 104.0 1.4
 104.0 1.5
 104.0 1.6
 104.0 1.5
 104.1 1.5
 104.0 1.5
 104.1 1.4
 104.2 1.3
 104.3 1.4
 104.3 1.5
 104.2 1.8
 104.1 1.8
 104.0 2.1
 104.0 2.2
 104.0 2.3
 103.8 2.4
 103.8 2.6
 103.6 2.7
 103.5 2.8
 103.4 2.9
 103.4 3.4
 103.5 3.5
 103.4 3.7
 103.3 3.8
 103.4 3.8
 103.4 3.9
 103.4 4.0
 103.4 4.1
 103.5 4.3
 103.4 4.8
 103.2 5.3
 103.1 5.5
 102.7 5.7
 102.4 6.1
 102.3 6.2
 102.1 6.2
 102.1 6.1
 101.9 6.0
 101.9 5.9
 101.8 5.7
 101.7 5.8
 101.7 5.9
 101.6 5.9
 101.3 5.8
 101.2 5.7
 101.1 5.6
 101.1 5.7
 101.0 5.7
 101.0 5.8
 101.1 6.0
 101.1 6.2
 101.0 6.3
 100.9 6.2
 100.9 6.3
 100.7 6.5
 100.7 6.4
 100.4 6.5
 100.3 6.7
 100.2 6.7
 100.2 6.5
 100.1 6.4
 

