81.0 30.2
 80.9 30.2
 80.9 30.1
 80.5 29.8
 80.4 29.8
 80.4 29.7
 80.4 29.6
 80.2 29.4
 80.3 29.3
 80.3 29.2
 80.2 29.2
 80.3 29.1
 80.1 29.1
 80.1 29.0
 80.1 28.9
 80.1 28.8
 80.3 28.7
 80.4 28.6
 80.5 28.6
 80.5 28.7
 80.6 28.7
 80.8 28.5
 80.9 28.5
 81.2 28.4
 81.3 28.1
 81.4 28.2
 81.5 28.1
 81.9 27.9
 82.0 27.9
 82.2 27.9
 82.4 27.7
 82.7 27.7
 82.8 27.5
 83.2 27.4
 83.3 27.3
 83.4 27.4
 83.4 27.5
 83.6 27.5
 83.9 27.4
 83.8 27.4
 83.9 27.5
 84.0 27.4
 84.1 27.5
 84.2 27.5
 84.3 27.4
 84.6 27.3
 84.7 27.2
 84.7 27.1
 84.6 27.1
 84.8 27.0
 84.9 27.0
 85.0 26.9
 85.2 26.9
 85.2 26.8
 85.3 26.7
 85.6 26.9
 85.7 26.8
 85.7 26.7
 85.8 26.6
 85.9 26.6
 86.0 26.7
 86.2 26.6
 86.3 26.6
 86.7 26.4
 86.9 26.5
 87.0 26.5
 87.1 26.6
 87.1 26.4
 87.3 26.3
 87.4 26.4
 87.5 26.4
 87.6 26.4
 87.9 26.4
 88.0 26.4
 88.1 26.4
 88.2 26.7
 88.1 26.9
 88.0 27.1
 88.0 27.2
 88.1 27.4
 88.0 27.5
 88.2 27.8
 88.1 27.9
 87.9 27.9
 87.8 27.8
 87.7 27.8
 87.5 27.8
 87.4 27.8
 87.4 27.9
 87.2 27.8
 87.0 28.0
 86.9 28.0
 86.8 28.0
 86.8 28.1
 86.7 28.1
 86.6 28.1
 86.5 28.0
 86.4 27.9
 86.2 28.0
 86.2 28.1
 86.2 28.2
 86.1 28.1
 86.1 27.9
 86.0 27.9
 86.0 28.0
 85.9 28.0
 85.9 28.1
 85.8 28.2
 85.7 28.3
 85.6 28.3
 85.5 28.3
 85.3 28.3
 85.1 28.3
 85.1 28.4
 85.2 28.5
 85.2 28.6
 85.1 28.6
 84.9 28.5
 84.8 28.6
 84.2 28.9
 84.3 29.0
 84.2 29.1
 84.2 29.2
 84.0 29.3
 83.7 29.2
 83.6 29.2
 83.3 29.5
 83.3 29.6
 83.2 29.6
 83.1 29.6
 83.0 29.7
 82.9 29.7
 82.6 29.9
 82.2 30.1
 82.1 30.3
 81.6 30.4
 81.5 30.3
 81.4 30.4
 81.4 30.3
 81.4 30.1
 81.3 30.1
 81.2 30.0
 81.1 30.0
 81.0 30.2
 

81.0 30.2
 80.9 30.2
 80.9 30.1
 80.5 29.8
 80.4 29.8
 80.4 29.7
 80.4 29.6
 80.2 29.4
 80.3 29.3
 80.3 29.2
 80.2 29.2
 80.3 29.1
 80.1 29.1
 80.1 29.0
 80.1 28.9
 80.1 28.8
 80.3 28.7
 80.4 28.6
 80.5 28.6
 80.5 28.7
 80.6 28.7
 80.8 28.5
 80.9 28.5
 81.2 28.4
 81.3 28.1
 81.4 28.2
 81.5 28.1
 81.9 27.9
 82.0 27.9
 82.2 27.9
 82.4 27.7
 82.7 27.7
 82.8 27.5
 83.2 27.4
 83.3 27.3
 83.4 27.4
 83.4 27.5
 83.6 27.5
 83.9 27.4
 83.8 27.4
 83.9 27.5
 84.0 27.4
 84.1 27.5
 84.2 27.5
 84.3 27.4
 84.6 27.3
 84.7 27.2
 84.7 27.1
 84.6 27.1
 84.8 27.0
 84.9 27.0
 85.0 26.9
 85.2 26.9
 85.2 26.8
 85.3 26.7
 85.6 26.9
 85.7 26.8
 85.7 26.7
 85.8 26.6
 85.9 26.6
 86.0 26.7
 86.2 26.6
 86.3 26.6
 86.7 26.4
 86.9 26.5
 87.0 26.5
 87.1 26.6
 87.1 26.4
 87.3 26.3
 87.4 26.4
 87.5 26.4
 87.6 26.4
 87.9 26.4
 88.0 26.4
 88.1 26.4
 88.2 26.7
 88.1 26.9
 88.0 27.1
 88.0 27.2
 88.1 27.4
 88.0 27.5
 88.2 27.8
 88.1 27.9
 87.9 27.9
 87.8 27.8
 87.7 27.8
 87.5 27.8
 87.4 27.8
 87.4 27.9
 87.2 27.8
 87.0 28.0
 86.9 28.0
 86.8 28.0
 86.8 28.1
 86.7 28.1
 86.6 28.1
 86.5 28.0
 86.4 27.9
 86.2 28.0
 86.2 28.1
 86.2 28.2
 86.1 28.1
 86.1 27.9
 86.0 27.9
 86.0 28.0
 85.9 28.0
 85.9 28.1
 85.8 28.2
 85.7 28.3
 85.6 28.3
 85.5 28.3
 85.3 28.3
 85.1 28.3
 85.1 28.4
 85.2 28.5
 85.2 28.6
 85.1 28.6
 84.9 28.5
 84.8 28.6
 84.2 28.9
 84.3 29.0
 84.2 29.1
 84.2 29.2
 84.0 29.3
 83.7 29.2
 83.6 29.2
 83.3 29.5
 83.3 29.6
 83.2 29.6
 83.1 29.6
 83.0 29.7
 82.9 29.7
 82.6 29.9
 82.2 30.1
 82.1 30.3
 81.6 30.4
 81.5 30.3
 81.4 30.4
 81.4 30.3
 81.4 30.1
 81.3 30.1
 81.2 30.0
 81.1 30.0
 81.0 30.2
 

