52.0 19.0
 51.9 18.5
 52.6 17.5
 52.7 17.3
 52.7 17.1
 53.1 16.6
 53.2 16.7
 53.6 16.7
 53.7 16.8
 53.8 16.9
 54.0 16.9
 54.1 17.0
 54.7 17.0
 54.8 16.9
 55.1 17.0
 55.2 17.2
 55.3 17.4
 55.2 17.5
 55.3 17.6
 55.4 17.7
 55.4 17.8
 55.6 17.9
 56.2 18.0
 56.4 17.9
 56.5 18.1
 56.6 18.1
 56.6 18.6
 56.9 18.8
 57.2 18.9
 57.8 19.0
 57.7 19.3
 57.8 19.4
 57.7 19.7
 57.8 20.0
 57.8 20.1
 57.8 20.2
 57.9 20.3
 58.0 20.3
 58.0 20.4
 58.2 20.6
 58.3 20.6
 58.2 20.4
 58.2 20.5
 58.2 20.4
 58.3 20.4
 58.5 20.4
 58.5 20.5
 58.6 20.6
 58.7 20.8
 58.8 20.9
 58.9 21.1
 59.2 21.4
 59.3 21.4
 59.6 21.9
 59.7 22.0
 59.8 22.2
 59.8 22.4
 59.8 22.5
 59.7 22.5
 59.8 22.5
 59.7 22.5
 59.7 22.6
 59.5 22.6
 59.3 22.8
 59.2 22.9
 59.0 23.1
 58.9 23.4
 58.8 23.4
 58.8 23.5
 58.6 23.6
 58.5 23.7
 58.5 23.6
 58.3 23.6
 58.1 23.7
 57.9 23.7
 57.3 23.9
 57.1 24.0
 56.9 24.1
 56.6 24.5
 56.4 25.0
 56.0 25.0
 56.0 24.2
 55.7 23.8
 55.7 22.3
 56.0 22.3
 56.0 21.2
 52.0 19.0
 

52.0 19.0
 51.9 18.5
 52.6 17.5
 52.7 17.3
 52.7 17.1
 53.1 16.6
 53.2 16.7
 53.6 16.7
 53.7 16.8
 53.8 16.9
 54.0 16.9
 54.1 17.0
 54.7 17.0
 54.8 16.9
 55.1 17.0
 55.2 17.2
 55.3 17.4
 55.2 17.5
 55.3 17.6
 55.4 17.7
 55.4 17.8
 55.6 17.9
 56.2 18.0
 56.4 17.9
 56.5 18.1
 56.6 18.1
 56.6 18.6
 56.9 18.8
 57.2 18.9
 57.8 19.0
 57.7 19.3
 57.8 19.4
 57.7 19.7
 57.8 20.0
 57.8 20.1
 57.8 20.2
 57.9 20.3
 58.0 20.3
 58.0 20.4
 58.2 20.6
 58.3 20.6
 58.2 20.4
 58.2 20.5
 58.2 20.4
 58.3 20.4
 58.5 20.4
 58.5 20.5
 58.6 20.6
 58.7 20.8
 58.8 20.9
 58.9 21.1
 59.2 21.4
 59.3 21.4
 59.6 21.9
 59.7 22.0
 59.8 22.2
 59.8 22.4
 59.8 22.5
 59.7 22.5
 59.8 22.5
 59.7 22.5
 59.7 22.6
 59.5 22.6
 59.3 22.8
 59.2 22.9
 59.0 23.1
 58.9 23.4
 58.8 23.4
 58.8 23.5
 58.6 23.6
 58.5 23.7
 58.5 23.6
 58.3 23.6
 58.1 23.7
 57.9 23.7
 57.3 23.9
 57.1 24.0
 56.9 24.1
 56.6 24.5
 56.4 25.0
 56.0 25.0
 56.0 24.2
 55.7 23.8
 55.7 22.3
 56.0 22.3
 56.0 21.2
 52.0 19.0
 

