60.9 29.9
 61.4 29.4
 61.4 29.2
 61.5 29.1
 61.5 29.0
 61.7 28.8
 62.0 28.5
 62.4 28.4
 62.6 28.2
 62.8 28.3
 62.8 28.0
 62.8 27.8
 62.8 27.5
 62.8 27.3
 62.9 27.2
 63.2 27.3
 63.3 27.2
 63.3 27.1
 63.3 27.0
 63.3 26.9
 63.2 26.8
 63.2 26.6
 63.1 26.6
 62.8 26.6
 62.6 26.6
 62.4 26.5
 62.3 26.4
 62.1 26.4
 62.1 26.3
 61.9 26.2
 61.8 26.2
 61.8 25.8
 61.7 25.8
 61.6 25.3
 61.6 25.2
 61.8 25.2
 61.8 25.1
 61.7 25.1
 61.8 25.0
 61.9 25.1
 62.0 25.1
 62.1 25.1
 62.1 25.2
 62.2 25.2
 62.3 25.2
 62.3 25.1
 62.4 25.1
 62.3 25.1
 62.3 25.2
 62.4 25.2
 62.7 25.3
 63.3 25.2
 63.5 25.2
 63.5 25.3
 63.7 25.4
 63.8 25.4
 64.1 25.3
 64.1 25.4
 64.0 25.4
 64.0 25.5
 64.2 25.5
 64.1 25.4
 64.1 25.3
 64.4 25.3
 64.4 25.2
 64.5 25.3
 64.6 25.2
 64.7 25.2
 64.7 25.3
 65.1 25.3
 65.2 25.3
 65.3 25.4
 65.7 25.3
 66.1 25.4
 66.3 25.5
 66.5 25.4
 66.5 25.5
 66.3 25.6
 66.1 25.5
 66.3 25.6
 66.4 25.6
 66.5 25.5
 66.6 25.4
 66.5 25.4
 66.6 25.3
 66.7 25.2
 66.7 24.9
 66.6 24.8
 66.9 24.9
 67.2 24.8
 67.3 24.7
 67.2 24.7
 67.2 24.6
 67.3 24.6
 67.2 24.6
 67.3 24.4
 67.3 24.1
 67.4 24.1
 67.5 24.1
 67.5 24.0
 67.5 23.9
 67.6 23.8
 67.6 23.9
 67.6 23.8
 67.7 23.8
 67.8 23.8
 67.9 23.9
 67.9 23.8
 68.0 23.8
 68.0 23.9
 68.1 23.9
 68.0 23.9
 68.1 23.8
 68.1 23.7
 68.2 23.7
 68.2 23.8
 68.3 23.9
 68.4 24.0
 68.7 24.0
 68.7 24.3
 68.8 24.3
 68.9 24.2
 68.9 24.3
 69.0 24.3
 69.1 24.3
 69.2 24.3
 69.4 24.3
 69.6 24.3
 69.7 24.2
 70.0 24.2
 70.1 24.2
 70.1 24.3
 70.4 24.4
 70.5 24.4
 70.6 24.4
 70.6 24.3
 70.6 24.2
 70.8 24.2
 70.9 24.3
 70.9 24.4
 71.1 24.4
 71.0 24.5
 71.0 24.6
 71.1 24.7
 70.9 25.2
 70.8 25.2
 70.7 25.4
 70.7 25.5
 70.7 25.7
 70.6 25.7
 70.4 25.7
 70.3 25.7
 70.2 25.8
 70.1 26.0
 70.2 26.2
 70.2 26.5
 70.2 26.6
 70.1 26.6
 69.8 26.6
 69.5 26.8
 69.5 26.9
 69.6 27.2
 69.7 27.2
 70.0 27.6
 70.1 27.7
 70.1 27.8
 70.4 28.0
 70.5 28.0
 70.6 28.0
 70.7 27.7
 70.8 27.7
 70.9 27.7
 71.2 27.8
 71.6 27.9
 71.9 28.0
 71.9 28.1
 72.0 28.2
 72.2 28.4
 72.3 28.7
 72.4 28.8
 72.9 29.0
 73.3 29.6
 73.4 29.9
 73.6 30.0
 73.8 30.1
 74.0 30.2
 73.9 30.3
 73.9 30.4
 74.2 30.7
 74.6 31.1
 74.6 31.0
 74.7 31.1
 74.5 31.1
 74.5 31.2
 74.6 31.5
 74.6 31.6
 74.5 31.7
 74.5 31.8
 74.6 31.9
 74.8 31.9
 74.8 32.0
 75.0 32.0
 75.0 32.1
 75.1 32.1
 75.3 32.2
 75.4 32.3
 75.0 32.5
 74.7 32.5
 74.7 32.6
 74.7 32.8
 74.6 32.8
 74.4 32.8
 74.3 32.8
 74.4 32.9
 74.3 33.0
 74.0 33.2
 74.0 33.3
 74.1 33.3
 74.2 33.5
 74.2 33.6
 74.0 33.6
 74.0 33.7
 74.0 33.8
 74.1 33.8
 74.2 33.8
 74.3 33.9
 74.3 34.0
 74.2 34.0
 74.0 34.0
 73.9 34.1
 74.0 34.2
 74.0 34.3
 73.9 34.3
 73.8 34.4
 73.9 34.6
 74.0 34.7
 74.2 34.8
 74.4 34.8
 74.7 34.7
 75.2 34.6
 75.4 34.6
 75.8 34.5
 75.9 34.6
 76.0 34.6
 76.2 34.6
 76.3 34.7
 76.5 34.8
 76.7 34.7
 76.8 34.7
 76.9 34.7
 77.0 34.9
 77.0 35.0
 77.1 35.0
 77.0 35.1
 77.2 35.2
 77.5 35.3
 77.8 35.4
 77.8 35.5
 77.7 35.5
 77.5 35.5
 76.9 35.6
 76.6 35.8
 76.6 35.9
 76.5 35.9
 76.2 35.8
 76.1 36.0
 76.0 36.0
 75.9 36.1
 76.0 36.2
 76.0 36.5
 75.9 36.6
 75.7 36.7
 75.6 36.8
 75.5 36.7
 75.4 36.7
 75.4 36.9
 75.1 37.0
 74.9 37.0
 74.9 36.9
 74.8 37.0
 74.7 37.1
 74.6 37.0
 74.5 37.0
 74.3 37.0
 74.3 36.9
 74.2 36.9
 74.1 36.8
 74.0 36.8
 73.8 36.9
 73.1 36.9
 72.5 36.8
 72.2 36.7
 72.1 36.6
 71.8 36.5
 71.8 36.4
 71.6 36.5
 71.6 36.4
 71.6 36.3
 71.2 36.1
 71.2 36.0
 71.3 36.0
 71.4 35.9
 71.5 35.7
 71.5 35.6
 71.6 35.6
 71.6 35.5
 71.6 35.4
 71.5 35.3
 71.6 35.3
 71.7 35.2
 71.6 35.1
 71.5 35.1
 71.5 35.0
 71.3 34.9
 71.2 34.7
 71.1 34.7
 71.1 34.6
 71.0 34.6
 71.0 34.5
 71.1 34.4
 71.2 34.4
 71.1 34.2
 71.0 34.0
 70.9 34.0
 70.5 33.9
 69.9 34.0
 69.9 33.9
 70.0 33.8
 70.1 33.7
 70.2 33.6
 70.2 33.5
 70.3 33.4
 70.3 33.3
 70.1 33.2
 70.0 33.1
 69.9 33.1
 69.8 33.1
 69.6 33.1
 69.5 33.0
 69.5 32.9
 69.4 32.8
 69.5 32.7
 69.4 32.6
 69.3 32.5
 69.2 32.4
 69.3 32.2
 69.3 32.1
 69.3 31.9
 69.0 31.6
 68.8 31.6
 68.7 31.7
 68.7 31.8
 68.5 31.8
 68.4 31.8
 68.6 31.8
 68.5 31.7
 68.2 31.8
 68.0 31.6
 67.9 31.6
 67.7 31.5
 67.6 31.5
 67.6 31.4
 67.8 31.4
 67.8 31.3
 67.3 31.2
 67.1 31.2
 67.0 31.3
 67.1 31.3
 67.0 31.3
 66.9 31.3
 66.7 31.2
 66.7 31.1
 66.6 31.0
 66.4 30.9
 66.3 30.6
 66.4 30.5
 66.3 30.1
 66.2 30.1
 66.4 30.0
 66.3 29.9
 65.4 29.6
 65.0 29.5
 64.7 29.6
 64.3 29.5
 64.2 29.5
 64.1 29.4
 63.6 29.5
 62.8 29.4
 62.5 29.4
 61.7 29.6
 61.0 29.8
 60.9 29.9
 

60.9 29.9
 61.4 29.4
 61.4 29.2
 61.5 29.1
 61.5 29.0
 61.7 28.8
 62.0 28.5
 62.4 28.4
 62.6 28.2
 62.8 28.3
 62.8 28.0
 62.8 27.8
 62.8 27.5
 62.8 27.3
 62.9 27.2
 63.2 27.3
 63.3 27.2
 63.3 27.1
 63.3 27.0
 63.3 26.9
 63.2 26.8
 63.2 26.6
 63.1 26.6
 62.8 26.6
 62.6 26.6
 62.4 26.5
 62.3 26.4
 62.1 26.4
 62.1 26.3
 61.9 26.2
 61.8 26.2
 61.8 25.8
 61.7 25.8
 61.6 25.3
 61.6 25.2
 61.8 25.2
 61.8 25.1
 61.7 25.1
 61.8 25.0
 61.9 25.1
 62.0 25.1
 62.1 25.1
 62.1 25.2
 62.2 25.2
 62.3 25.2
 62.3 25.1
 62.4 25.1
 62.3 25.1
 62.3 25.2
 62.4 25.2
 62.7 25.3
 63.3 25.2
 63.5 25.2
 63.5 25.3
 63.7 25.4
 63.8 25.4
 64.1 25.3
 64.1 25.4
 64.0 25.4
 64.0 25.5
 64.2 25.5
 64.1 25.4
 64.1 25.3
 64.4 25.3
 64.4 25.2
 64.5 25.3
 64.6 25.2
 64.7 25.2
 64.7 25.3
 65.1 25.3
 65.2 25.3
 65.3 25.4
 65.7 25.3
 66.1 25.4
 66.3 25.5
 66.5 25.4
 66.5 25.5
 66.3 25.6
 66.1 25.5
 66.3 25.6
 66.4 25.6
 66.5 25.5
 66.6 25.4
 66.5 25.4
 66.6 25.3
 66.7 25.2
 66.7 24.9
 66.6 24.8
 66.9 24.9
 67.2 24.8
 67.3 24.7
 67.2 24.7
 67.2 24.6
 67.3 24.6
 67.2 24.6
 67.3 24.4
 67.3 24.1
 67.4 24.1
 67.5 24.1
 67.5 24.0
 67.5 23.9
 67.6 23.8
 67.6 23.9
 67.6 23.8
 67.7 23.8
 67.8 23.8
 67.9 23.9
 67.9 23.8
 68.0 23.8
 68.0 23.9
 68.1 23.9
 68.0 23.9
 68.1 23.8
 68.1 23.7
 68.2 23.7
 68.2 23.8
 68.3 23.9
 68.4 24.0
 68.7 24.0
 68.7 24.3
 68.8 24.3
 68.9 24.2
 68.9 24.3
 69.0 24.3
 69.1 24.3
 69.2 24.3
 69.4 24.3
 69.6 24.3
 69.7 24.2
 70.0 24.2
 70.1 24.2
 70.1 24.3
 70.4 24.4
 70.5 24.4
 70.6 24.4
 70.6 24.3
 70.6 24.2
 70.8 24.2
 70.9 24.3
 70.9 24.4
 71.1 24.4
 71.0 24.5
 71.0 24.6
 71.1 24.7
 70.9 25.2
 70.8 25.2
 70.7 25.4
 70.7 25.5
 70.7 25.7
 70.6 25.7
 70.4 25.7
 70.3 25.7
 70.2 25.8
 70.1 26.0
 70.2 26.2
 70.2 26.5
 70.2 26.6
 70.1 26.6
 69.8 26.6
 69.5 26.8
 69.5 26.9
 69.6 27.2
 69.7 27.2
 70.0 27.6
 70.1 27.7
 70.1 27.8
 70.4 28.0
 70.5 28.0
 70.6 28.0
 70.7 27.7
 70.8 27.7
 70.9 27.7
 71.2 27.8
 71.6 27.9
 71.9 28.0
 71.9 28.1
 72.0 28.2
 72.2 28.4
 72.3 28.7
 72.4 28.8
 72.9 29.0
 73.3 29.6
 73.4 29.9
 73.6 30.0
 73.8 30.1
 74.0 30.2
 73.9 30.3
 73.9 30.4
 74.2 30.7
 74.6 31.1
 74.6 31.0
 74.7 31.1
 74.5 31.1
 74.5 31.2
 74.6 31.5
 74.6 31.6
 74.5 31.7
 74.5 31.8
 74.6 31.9
 74.8 31.9
 74.8 32.0
 75.0 32.0
 75.0 32.1
 75.1 32.1
 75.3 32.2
 75.4 32.3
 75.0 32.5
 74.7 32.5
 74.7 32.6
 74.7 32.8
 74.6 32.8
 74.4 32.8
 74.3 32.8
 74.4 32.9
 74.3 33.0
 74.0 33.2
 74.0 33.3
 74.1 33.3
 74.2 33.5
 74.2 33.6
 74.0 33.6
 74.0 33.7
 74.0 33.8
 74.1 33.8
 74.2 33.8
 74.3 33.9
 74.3 34.0
 74.2 34.0
 74.0 34.0
 73.9 34.1
 74.0 34.2
 74.0 34.3
 73.9 34.3
 73.8 34.4
 73.9 34.6
 74.0 34.7
 74.2 34.8
 74.4 34.8
 74.7 34.7
 75.2 34.6
 75.4 34.6
 75.8 34.5
 75.9 34.6
 76.0 34.6
 76.2 34.6
 76.3 34.7
 76.5 34.8
 76.7 34.7
 76.8 34.7
 76.9 34.7
 77.0 34.9
 77.0 35.0
 77.1 35.0
 77.0 35.1
 77.2 35.2
 77.5 35.3
 77.8 35.4
 77.8 35.5
 77.7 35.5
 77.5 35.5
 76.9 35.6
 76.6 35.8
 76.6 35.9
 76.5 35.9
 76.2 35.8
 76.1 36.0
 76.0 36.0
 75.9 36.1
 76.0 36.2
 76.0 36.5
 75.9 36.6
 75.7 36.7
 75.6 36.8
 75.5 36.7
 75.4 36.7
 75.4 36.9
 75.1 37.0
 74.9 37.0
 74.9 36.9
 74.8 37.0
 74.7 37.1
 74.6 37.0
 74.5 37.0
 74.3 37.0
 74.3 36.9
 74.2 36.9
 74.1 36.8
 74.0 36.8
 73.8 36.9
 73.1 36.9
 72.5 36.8
 72.2 36.7
 72.1 36.6
 71.8 36.5
 71.8 36.4
 71.6 36.5
 71.6 36.4
 71.6 36.3
 71.2 36.1
 71.2 36.0
 71.3 36.0
 71.4 35.9
 71.5 35.7
 71.5 35.6
 71.6 35.6
 71.6 35.5
 71.6 35.4
 71.5 35.3
 71.6 35.3
 71.7 35.2
 71.6 35.1
 71.5 35.1
 71.5 35.0
 71.3 34.9
 71.2 34.7
 71.1 34.7
 71.1 34.6
 71.0 34.6
 71.0 34.5
 71.1 34.4
 71.2 34.4
 71.1 34.2
 71.0 34.0
 70.9 34.0
 70.5 33.9
 69.9 34.0
 69.9 33.9
 70.0 33.8
 70.1 33.7
 70.2 33.6
 70.2 33.5
 70.3 33.4
 70.3 33.3
 70.1 33.2
 70.0 33.1
 69.9 33.1
 69.8 33.1
 69.6 33.1
 69.5 33.0
 69.5 32.9
 69.4 32.8
 69.5 32.7
 69.4 32.6
 69.3 32.5
 69.2 32.4
 69.3 32.2
 69.3 32.1
 69.3 31.9
 69.0 31.6
 68.8 31.6
 68.7 31.7
 68.7 31.8
 68.5 31.8
 68.4 31.8
 68.6 31.8
 68.5 31.7
 68.2 31.8
 68.0 31.6
 67.9 31.6
 67.7 31.5
 67.6 31.5
 67.6 31.4
 67.8 31.4
 67.8 31.3
 67.3 31.2
 67.1 31.2
 67.0 31.3
 67.1 31.3
 67.0 31.3
 66.9 31.3
 66.7 31.2
 66.7 31.1
 66.6 31.0
 66.4 30.9
 66.3 30.6
 66.4 30.5
 66.3 30.1
 66.2 30.1
 66.4 30.0
 66.3 29.9
 65.4 29.6
 65.0 29.5
 64.7 29.6
 64.3 29.5
 64.2 29.5
 64.1 29.4
 63.6 29.5
 62.8 29.4
 62.5 29.4
 61.7 29.6
 61.0 29.8
 60.9 29.9
 

