35.6 32.4
 35.4 32.4
 35.4 32.5
 35.2 32.6
 35.1 32.5
 35.0 32.1
 35.0 32.0
 35.0 31.9
 35.0 31.8
 35.1 31.8
 35.2 31.8
 35.2 31.7
 35.0 31.7
 35.0 31.6
 34.9 31.4
 35.1 31.4
 35.3 31.4
 35.4 31.5
 35.5 31.5
 35.5 31.8
 35.5 31.9
 35.5 32.0
 35.5 32.1
 35.6 32.4
 

35.6 32.4
 35.4 32.4
 35.4 32.5
 35.2 32.6
 35.1 32.5
 35.0 32.1
 35.0 32.0
 35.0 31.9
 35.0 31.8
 35.1 31.8
 35.2 31.8
 35.2 31.7
 35.0 31.7
 35.0 31.6
 34.9 31.4
 35.1 31.4
 35.3 31.4
 35.4 31.5
 35.5 31.5
 35.5 31.8
 35.5 31.9
 35.5 32.0
 35.5 32.1
 35.6 32.4
 

