51.2 24.6
 51.3 24.6
 51.4 24.7
 51.5 24.9
 51.6 25.0
 51.6 25.3
 51.5 25.3
 51.5 25.6
 51.5 25.7
 51.6 25.7
 51.5 25.7
 51.6 25.8
 51.6 25.7
 51.6 25.9
 51.5 25.9
 51.4 25.9
 51.3 26.0
 51.3 26.1
 51.3 26.2
 51.0 26.0
 50.9 25.9
 51.0 25.8
 50.9 25.8
 50.9 25.7
 50.9 25.6
 51.0 25.6
 50.9 25.5
 50.9 25.6
 50.8 25.6
 50.8 25.5
 50.8 25.4
 50.8 25.0
 50.9 24.9
 50.8 24.8
 51.0 24.6
 51.1 24.6
 51.2 24.6
 

51.2 24.6
 51.3 24.6
 51.4 24.7
 51.5 24.9
 51.6 25.0
 51.6 25.3
 51.5 25.3
 51.5 25.6
 51.5 25.7
 51.6 25.7
 51.5 25.7
 51.6 25.8
 51.6 25.7
 51.6 25.9
 51.5 25.9
 51.4 25.9
 51.3 26.0
 51.3 26.1
 51.3 26.2
 51.0 26.0
 50.9 25.9
 51.0 25.8
 50.9 25.8
 50.9 25.7
 50.9 25.6
 51.0 25.6
 50.9 25.5
 50.9 25.6
 50.8 25.6
 50.8 25.5
 50.8 25.4
 50.8 25.0
 50.9 24.9
 50.8 24.8
 51.0 24.6
 51.1 24.6
 51.2 24.6
 

