35.0 29.4
 35.0 29.4
 34.9 29.2
 34.9 29.1
 34.8 28.9
 34.8 28.8
 34.8 28.6
 34.8 28.5
 34.7 28.4
 34.7 28.2
 34.6 28.2
 34.6 28.1
 34.6 28.0
 34.7 28.1
 34.8 28.1
 34.9 28.1
 35.0 28.1
 35.1 28.1
 35.2 28.0
 35.3 27.9
 35.5 27.7
 35.5 27.6
 35.5 27.5
 35.6 27.4
 35.7 27.3
 35.8 27.1
 36.0 26.9
 36.2 26.7
 36.3 26.5
 36.5 26.1
 36.6 26.1
 36.7 26.0
 36.7 25.9
 36.7 25.8
 36.8 25.7
 36.8 25.8
 36.8 25.7
 37.1 25.4
 37.1 25.3
 37.2 25.2
 37.3 25.0
 37.3 24.9
 37.2 24.8
 37.2 24.7
 37.4 24.5
 37.5 24.3
 37.6 24.2
 37.7 24.3
 37.8 24.2
 37.9 24.2
 38.3 23.9
 38.4 23.8
 38.6 23.5
 38.6 23.6
 38.8 23.2
 38.8 23.1
 38.8 23.0
 38.9 23.0
 39.0 22.9
 38.9 22.8
 38.9 22.9
 39.0 22.7
 39.0 22.8
 39.0 22.7
 39.1 22.6
 39.1 22.4
 39.0 22.1
 39.0 21.8
 39.0 21.9
 38.9 21.9
 39.1 21.7
 39.1 21.5
 39.2 21.5
 39.2 21.4
 39.1 21.3
 39.3 20.9
 39.4 20.8
 39.5 20.7
 39.6 20.6
 39.8 20.3
 40.0 20.3
 40.1 20.3
 40.3 20.1
 40.5 20.0
 40.6 19.8
 40.7 19.8
 40.8 19.7
 40.8 19.6
 40.9 19.5
 41.0 19.3
 41.1 19.1
 41.2 19.1
 41.1 19.0
 41.2 18.8
 41.3 18.8
 41.2 18.7
 41.3 18.6
 41.4 18.6
 41.4 18.4
 41.5 18.3
 41.5 18.2
 41.6 18.1
 41.6 18.0
 41.8 17.8
 41.9 17.8
 42.3 17.5
 42.3 17.4
 42.4 17.1
 42.4 17.2
 42.4 17.1
 42.5 17.0
 42.5 16.9
 42.7 16.7
 42.7 16.6
 42.8 16.4
 43.1 16.5
 43.1 16.7
 43.2 16.7
 43.2 16.8
 43.2 17.2
 43.3 17.3
 43.2 17.3
 43.3 17.4
 43.4 17.5
 43.5 17.5
 43.7 17.4
 43.8 17.3
 43.9 17.4
 43.9 17.3
 44.0 17.3
 44.0 17.4
 44.1 17.3
 44.2 17.4
 44.3 17.4
 44.5 17.4
 45.6 15.1
 47.5 17.6
 52.0 19.0
 56.0 21.2
 56.0 22.3
 55.7 22.3
 55.5 22.1
 52.1 22.5
 51.5 23.6
 50.8 24.3
 50.8 24.7
 50.7 24.8
 50.7 25.0
 50.6 25.1
 50.5 25.2
 50.5 25.4
 50.4 25.5
 50.2 25.7
 50.3 25.6
 50.2 25.7
 50.1 25.9
 50.1 26.0
 50.0 26.0
 50.0 26.1
 50.0 26.2
 50.1 26.2
 50.1 26.0
 50.2 26.1
 50.2 26.2
 50.2 26.3
 50.2 26.4
 50.1 26.5
 50.0 26.6
 50.0 26.7
 50.1 26.7
 50.2 26.7
 50.0 26.8
 49.7 27.0
 49.6 27.1
 49.5 27.2
 49.5 27.1
 49.4 27.2
 49.3 27.2
 49.3 27.3
 49.2 27.3
 49.3 27.4
 49.2 27.4
 49.1 27.4
 49.3 27.4
 49.2 27.5
 49.0 27.6
 48.9 27.6
 48.8 27.7
 48.8 27.8
 48.9 27.8
 48.8 27.9
 48.7 28.0
 48.8 28.0
 48.7 28.0
 48.6 28.1
 48.6 28.2
 48.5 28.3
 48.5 28.4
 48.4 28.5
 47.7 28.6
 47.6 28.7
 47.5 28.9
 47.5 29.0
 46.7 29.1
 46.5 29.1
 45.8 28.9
 45.5 28.8
 44.7 29.2
 44.0 29.5
 43.6 29.6
 43.6 30.1
 43.7 30.4
 43.1 30.4
 43.0 30.7
 42.4 31.0
 41.2 31.5
 40.0 32.1
 39.3 32.2
 39.0 32.0
 38.9 32.0
 38.6 31.9
 38.3 31.8
 38.1 31.8
 37.8 31.7
 37.5 31.6
 37.3 31.6
 37.0 31.5
 37.1 31.4
 37.3 31.2
 37.6 31.0
 37.8 30.7
 38.0 30.5
 37.9 30.5
 37.7 30.3
 37.6 30.2
 37.5 30.0
 37.3 30.0
 37.0 29.9
 36.7 29.9
 36.7 29.8
 36.5 29.6
 36.3 29.4
 36.1 29.2
 36.0 29.2
 35.7 29.2
 35.5 29.3
 35.2 29.3
 35.0 29.4
 

35.0 29.4
 35.0 29.4
 34.9 29.2
 34.9 29.1
 34.8 28.9
 34.8 28.8
 34.8 28.6
 34.8 28.5
 34.7 28.4
 34.7 28.2
 34.6 28.2
 34.6 28.1
 34.6 28.0
 34.7 28.1
 34.8 28.1
 34.9 28.1
 35.0 28.1
 35.1 28.1
 35.2 28.0
 35.3 27.9
 35.5 27.7
 35.5 27.6
 35.5 27.5
 35.6 27.4
 35.7 27.3
 35.8 27.1
 36.0 26.9
 36.2 26.7
 36.3 26.5
 36.5 26.1
 36.6 26.1
 36.7 26.0
 36.7 25.9
 36.7 25.8
 36.8 25.7
 36.8 25.8
 36.8 25.7
 37.1 25.4
 37.1 25.3
 37.2 25.2
 37.3 25.0
 37.3 24.9
 37.2 24.8
 37.2 24.7
 37.4 24.5
 37.5 24.3
 37.6 24.2
 37.7 24.3
 37.8 24.2
 37.9 24.2
 38.3 23.9
 38.4 23.8
 38.6 23.5
 38.6 23.6
 38.8 23.2
 38.8 23.1
 38.8 23.0
 38.9 23.0
 39.0 22.9
 38.9 22.8
 38.9 22.9
 39.0 22.7
 39.0 22.8
 39.0 22.7
 39.1 22.6
 39.1 22.4
 39.0 22.1
 39.0 21.8
 39.0 21.9
 38.9 21.9
 39.1 21.7
 39.1 21.5
 39.2 21.5
 39.2 21.4
 39.1 21.3
 39.3 20.9
 39.4 20.8
 39.5 20.7
 39.6 20.6
 39.8 20.3
 40.0 20.3
 40.1 20.3
 40.3 20.1
 40.5 20.0
 40.6 19.8
 40.7 19.8
 40.8 19.7
 40.8 19.6
 40.9 19.5
 41.0 19.3
 41.1 19.1
 41.2 19.1
 41.1 19.0
 41.2 18.8
 41.3 18.8
 41.2 18.7
 41.3 18.6
 41.4 18.6
 41.4 18.4
 41.5 18.3
 41.5 18.2
 41.6 18.1
 41.6 18.0
 41.8 17.8
 41.9 17.8
 42.3 17.5
 42.3 17.4
 42.4 17.1
 42.4 17.2
 42.4 17.1
 42.5 17.0
 42.5 16.9
 42.7 16.7
 42.7 16.6
 42.8 16.4
 43.1 16.5
 43.1 16.7
 43.2 16.7
 43.2 16.8
 43.2 17.2
 43.3 17.3
 43.2 17.3
 43.3 17.4
 43.4 17.5
 43.5 17.5
 43.7 17.4
 43.8 17.3
 43.9 17.4
 43.9 17.3
 44.0 17.3
 44.0 17.4
 44.1 17.3
 44.2 17.4
 44.3 17.4
 44.5 17.4
 45.6 15.1
 47.5 17.6
 52.0 19.0
 56.0 21.2
 56.0 22.3
 55.7 22.3
 55.5 22.1
 52.1 22.5
 51.5 23.6
 50.8 24.3
 50.8 24.7
 50.7 24.8
 50.7 25.0
 50.6 25.1
 50.5 25.2
 50.5 25.4
 50.4 25.5
 50.2 25.7
 50.3 25.6
 50.2 25.7
 50.1 25.9
 50.1 26.0
 50.0 26.0
 50.0 26.1
 50.0 26.2
 50.1 26.2
 50.1 26.0
 50.2 26.1
 50.2 26.2
 50.2 26.3
 50.2 26.4
 50.1 26.5
 50.0 26.6
 50.0 26.7
 50.1 26.7
 50.2 26.7
 50.0 26.8
 49.7 27.0
 49.6 27.1
 49.5 27.2
 49.5 27.1
 49.4 27.2
 49.3 27.2
 49.3 27.3
 49.2 27.3
 49.3 27.4
 49.2 27.4
 49.1 27.4
 49.3 27.4
 49.2 27.5
 49.0 27.6
 48.9 27.6
 48.8 27.7
 48.8 27.8
 48.9 27.8
 48.8 27.9
 48.7 28.0
 48.8 28.0
 48.7 28.0
 48.6 28.1
 48.6 28.2
 48.5 28.3
 48.5 28.4
 48.4 28.5
 47.7 28.6
 47.6 28.7
 47.5 28.9
 47.5 29.0
 46.7 29.1
 46.5 29.1
 45.8 28.9
 45.5 28.8
 44.7 29.2
 44.0 29.5
 43.6 29.6
 43.6 30.1
 43.7 30.4
 43.1 30.4
 43.0 30.7
 42.4 31.0
 41.2 31.5
 40.0 32.1
 39.3 32.2
 39.0 32.0
 38.9 32.0
 38.6 31.9
 38.3 31.8
 38.1 31.8
 37.8 31.7
 37.5 31.6
 37.3 31.6
 37.0 31.5
 37.1 31.4
 37.3 31.2
 37.6 31.0
 37.8 30.7
 38.0 30.5
 37.9 30.5
 37.7 30.3
 37.6 30.2
 37.5 30.0
 37.3 30.0
 37.0 29.9
 36.7 29.9
 36.7 29.8
 36.5 29.6
 36.3 29.4
 36.1 29.2
 36.0 29.2
 35.7 29.2
 35.5 29.3
 35.2 29.3
 35.0 29.4
 

