35.9 35.9
 35.9 35.8
 35.8 35.8
 35.8 35.7
 35.8 35.6
 35.7 35.6
 35.9 35.4
 36.0 35.2
 35.9 35.2
 35.9 35.0
 35.9 34.9
 35.9 34.7
 36.0 34.6
 36.2 34.6
 36.3 34.7
 36.4 34.6
 36.3 34.5
 36.4 34.5
 36.6 34.4
 36.6 34.3
 36.6 34.2
 36.4 34.1
 36.3 33.9
 36.4 33.8
 36.1 33.8
 36.0 33.7
 35.9 33.6
 36.1 33.6
 35.8 33.4
 35.6 33.2
 35.7 33.3
 35.6 33.0
 35.6 32.9
 35.6 32.8
 35.6 32.7
 35.8 32.7
 35.9 32.7
 36.1 32.5
 36.3 32.5
 36.4 32.4
 36.7 32.3
 36.8 32.3
 37.1 32.5
 37.4 32.6
 37.6 32.8
 37.9 32.9
 38.2 33.1
 38.4 33.2
 38.7 33.3
 38.8 33.4
 40.3 34.1
 41.0 34.4
 41.2 34.8
 41.2 35.2
 41.3 35.5
 41.4 35.6
 41.4 35.8
 41.3 36.1
 41.3 36.4
 41.4 36.5
 41.8 36.6
 42.4 37.1
 42.3 37.2
 42.2 37.3
 42.1 37.2
 41.8 37.1
 41.4 37.1
 41.1 37.1
 40.8 37.1
 40.4 37.0
 40.0 36.8
 39.8 36.8
 39.4 36.7
 39.2 36.7
 38.9 36.7
 38.7 36.7
 38.4 36.9
 38.2 36.9
 37.8 36.8
 37.5 36.7
 37.4 36.6
 37.1 36.7
 37.1 36.6
 37.0 36.7
 37.0 36.8
 36.7 36.8
 36.6 36.5
 36.6 36.4
 36.7 36.3
 36.7 36.2
 36.6 36.2
 36.5 36.2
 36.4 36.2
 36.4 36.0
 36.2 36.0
 36.2 35.8
 36.0 35.9
 35.9 35.9
 

35.9 35.9
 35.9 35.8
 35.8 35.8
 35.8 35.7
 35.8 35.6
 35.7 35.6
 35.9 35.4
 36.0 35.2
 35.9 35.2
 35.9 35.0
 35.9 34.9
 35.9 34.7
 36.0 34.6
 36.2 34.6
 36.3 34.7
 36.4 34.6
 36.3 34.5
 36.4 34.5
 36.6 34.4
 36.6 34.3
 36.6 34.2
 36.4 34.1
 36.3 33.9
 36.4 33.8
 36.1 33.8
 36.0 33.7
 35.9 33.6
 36.1 33.6
 35.8 33.4
 35.6 33.2
 35.7 33.3
 35.6 33.0
 35.6 32.9
 35.6 32.8
 35.6 32.7
 35.8 32.7
 35.9 32.7
 36.1 32.5
 36.3 32.5
 36.4 32.4
 36.7 32.3
 36.8 32.3
 37.1 32.5
 37.4 32.6
 37.6 32.8
 37.9 32.9
 38.2 33.1
 38.4 33.2
 38.7 33.3
 38.8 33.4
 40.3 34.1
 41.0 34.4
 41.2 34.8
 41.2 35.2
 41.3 35.5
 41.4 35.6
 41.4 35.8
 41.3 36.1
 41.3 36.4
 41.4 36.5
 41.8 36.6
 42.4 37.1
 42.3 37.2
 42.2 37.3
 42.1 37.2
 41.8 37.1
 41.4 37.1
 41.1 37.1
 40.8 37.1
 40.4 37.0
 40.0 36.8
 39.8 36.8
 39.4 36.7
 39.2 36.7
 38.9 36.7
 38.7 36.7
 38.4 36.9
 38.2 36.9
 37.8 36.8
 37.5 36.7
 37.4 36.6
 37.1 36.7
 37.1 36.6
 37.0 36.7
 37.0 36.8
 36.7 36.8
 36.6 36.5
 36.6 36.4
 36.7 36.3
 36.7 36.2
 36.6 36.2
 36.5 36.2
 36.4 36.2
 36.4 36.0
 36.2 36.0
 36.2 35.8
 36.0 35.9
 35.9 35.9
 

