98.7 10.3
 98.7 10.1
 98.6 10.0
 98.6 9.9
 98.5 9.9
 98.5 9.8
 98.5 9.7
 98.6 9.7
 98.5 9.7
 98.5 9.6
 98.5 9.5
 98.5 9.6
 98.3 9.1
 98.4 9.1
 98.3 9.0
 98.4 9.0
 98.2 8.7
 98.3 8.5
 98.2 8.5
 98.2 8.6
 98.3 8.2
 98.4 8.1
 98.5 8.2
 98.4 8.3
 98.6 8.4
 98.6 8.3
 98.7 8.3
 98.8 8.0
 98.9 8.1
 99.0 7.9
 99.1 7.9
 99.0 7.8
 99.0 7.7
 99.1 7.7
 99.1 7.8
 99.2 7.7
 99.3 7.7
 99.3 7.4
 99.4 7.3
 99.5 7.3
 99.5 7.4
 99.5 7.3
 99.6 7.4
 99.5 7.2
 99.6 7.1
 99.7 7.2
 99.7 7.1
 99.7 7.0
 99.7 6.9
 100.0 6.7
 100.0 6.5
 100.1 6.5
 100.1 6.4
 100.2 6.5
 100.2 6.7
 100.3 6.7
 100.4 6.5
 100.7 6.4
 100.7 6.5
 100.9 6.3
 100.9 6.2
 101.0 6.3
 101.1 6.2
 101.1 6.0
 101.0 5.8
 101.0 5.7
 101.1 5.7
 101.1 5.6
 101.2 5.7
 101.3 5.8
 101.6 5.9
 101.7 5.9
 101.7 5.8
 101.8 5.7
 101.9 5.9
 101.9 6.0
 102.1 6.1
 102.1 6.2
 101.8 6.5
 101.5 6.9
 101.3 6.9
 101.4 6.9
 101.3 6.9
 101.2 6.9
 101.0 6.8
 100.8 7.0
 100.6 7.2
 100.6 7.1
 100.5 7.1
 100.4 7.2
 100.4 7.3
 100.3 7.4
 100.2 7.6
 100.1 7.7
 100.3 7.8
 100.3 7.6
 100.3 7.5
 100.3 7.6
 100.4 7.6
 100.4 7.5
 100.4 7.3
 100.6 7.2
 100.4 7.4
 100.3 8.0
 100.2 8.4
 100.2 8.5
 100.2 8.4
 100.1 8.4
 100.0 8.6
 99.9 9.0
 99.9 9.1
 99.8 9.3
 99.7 9.3
 99.6 9.3
 99.5 9.3
 99.5 9.2
 99.4 9.2
 99.3 9.2
 99.2 9.3
 99.3 9.4
 99.2 9.5
 99.1 9.8
 99.2 10.1
 99.2 10.2
 99.3 10.2
 99.2 10.3
 99.1 10.4
 99.3 10.4
 99.2 10.5
 99.3 10.6
 99.4 10.8
 99.5 10.9
 99.5 11.1
 99.6 11.2
 99.6 11.3
 99.7 11.7
 99.8 11.8
 99.8 11.9
 99.9 12.0
 100.0 12.2
 100.0 12.7
 100.1 13.0
 100.0 13.2
 100.0 13.3
 100.0 13.4
 100.3 13.5
 100.6 13.5
 100.6 13.6
 100.8 13.5
 100.9 13.5
 101.0 13.5
 101.0 13.4
 100.9 13.3
 100.9 13.2
 100.9 13.1
 100.9 13.0
 100.9 12.9
 100.9 12.8
 100.9 12.7
 100.8 12.7
 100.9 12.6
 100.9 12.7
 100.9 12.6
 101.1 12.7
 101.2 12.7
 101.4 12.6
 101.5 12.6
 101.6 12.6
 101.7 12.7
 101.8 12.7
 101.9 12.7
 101.9 12.5
 102.0 12.5
 102.1 12.5
 102.3 12.3
 102.2 12.4
 102.3 12.4
 102.3 12.3
 102.3 12.4
 102.4 12.3
 102.3 12.3
 102.3 12.2
 102.5 12.1
 102.6 12.1
 102.6 12.2
 102.7 12.1
 102.8 12.0
 102.8 11.9
 102.9 11.7
 102.9 11.6
 102.9 11.7
 102.8 12.0
 102.7 12.3
 102.8 12.4
 102.6 12.6
 102.5 12.7
 102.5 12.8
 102.5 13.0
 102.4 13.3
 102.4 13.6
 102.5 13.6
 102.6 13.6
 102.6 13.7
 102.7 13.8
 102.8 13.9
 102.9 14.1
 103.0 14.2
 103.2 14.3
 103.5 14.4
 103.7 14.4
 104.0 14.4
 104.2 14.4
 104.4 14.4
 104.6 14.4
 104.7 14.4
 104.8 14.4
 104.9 14.4
 105.0 14.4
 105.0 14.2
 105.1 14.2
 105.2 14.4
 105.4 14.4
 105.5 14.6
 105.5 14.8
 105.6 15.0
 105.5 15.1
 105.5 15.2
 105.6 15.3
 105.5 15.3
 105.5 15.4
 105.6 15.4
 105.6 15.6
 105.6 15.7
 105.4 15.8
 105.3 15.9
 105.4 16.0
 105.2 16.1
 105.0 16.1
 105.0 16.2
 104.9 16.3
 104.7 16.5
 104.8 16.7
 104.8 16.9
 104.8 17.2
 104.8 17.4
 104.7 17.5
 104.4 17.7
 104.3 17.9
 104.2 18.1
 104.0 18.3
 103.9 18.3
 103.7 18.4
 103.4 18.4
 103.3 18.4
 103.2 18.3
 103.3 18.3
 103.2 18.2
 103.1 18.2
 103.1 18.1
 103.1 18.0
 103.0 18.0
 102.9 18.0
 102.7 17.9
 102.7 17.8
 102.6 17.8
 102.6 17.9
 102.6 18.0
 102.3 18.1
 102.2 18.2
 102.1 18.2
 101.9 18.0
 101.8 18.1
 101.7 17.9
 101.6 17.9
 101.6 17.8
 101.4 17.7
 101.2 17.5
 101.1 17.5
 100.9 17.6
 101.0 17.7
 101.0 17.8
 101.2 18.1
 101.2 18.3
 101.1 18.4
 101.1 18.5
 101.3 18.7
 101.2 18.7
 101.3 18.8
 101.4 19.1
 101.3 19.1
 101.2 19.4
 101.3 19.5
 101.3 19.6
 101.2 19.6
 101.0 19.6
 100.9 19.6
 100.8 19.5
 100.6 19.6
 100.6 19.5
 100.5 19.5
 100.4 19.8
 100.5 19.9
 100.6 20.2
 100.5 20.1
 100.5 20.2
 100.4 20.3
 100.3 20.4
 100.2 20.4
 100.2 20.2
 100.1 20.3
 100.0 20.5
 99.8 20.3
 99.7 20.3
 99.5 20.4
 99.6 20.2
 99.5 20.1
 99.3 20.1
 99.2 20.1
 99.1 20.1
 99.0 19.8
 98.9 19.7
 98.8 19.8
 98.7 19.7
 98.6 19.7
 98.5 19.7
 98.3 19.7
 98.1 19.8
 98.0 19.8
 98.0 19.6
 97.8 19.4
 97.8 19.3
 97.8 19.2
 97.8 19.1
 97.7 18.9
 97.8 18.6
 97.7 18.6
 97.5 18.5
 97.4 18.5
 97.4 18.6
 97.3 18.5
 97.4 18.4
 97.5 18.3
 97.6 18.3
 97.6 18.2
 97.8 18.0
 97.7 17.8
 97.8 17.7
 97.9 17.6
 98.0 17.5
 98.1 17.4
 98.3 17.0
 98.4 17.1
 98.5 16.9
 98.5 16.8
 98.5 16.7
 98.6 16.5
 98.7 16.3
 98.9 16.5
 98.9 16.4
 98.9 16.2
 98.8 16.1
 98.6 16.0
 98.6 15.7
 98.6 15.4
 98.6 15.3
 98.5 15.4
 98.4 15.4
 98.4 15.3
 98.3 15.3
 98.2 15.2
 98.3 14.8
 98.4 14.6
 98.6 14.4
 98.7 14.3
 98.8 14.2
 98.9 14.1
 99.2 13.7
 99.2 13.3
 99.2 13.2
 99.1 13.2
 99.1 13.1
 99.2 13.0
 99.2 12.8
 99.4 12.6
 99.4 12.5
 99.5 12.3
 99.5 12.1
 99.6 12.1
 99.6 11.9
 99.7 11.8
 99.6 11.6
 99.5 11.6
 99.4 11.4
 99.4 11.3
 99.1 10.9
 99.0 11.0
 99.0 10.8
 98.9 10.8
 98.8 10.7
 98.8 10.5
 98.7 10.3
 

98.7 10.3
 98.7 10.1
 98.6 10.0
 98.6 9.9
 98.5 9.9
 98.5 9.8
 98.5 9.7
 98.6 9.7
 98.5 9.7
 98.5 9.6
 98.5 9.5
 98.5 9.6
 98.3 9.1
 98.4 9.1
 98.3 9.0
 98.4 9.0
 98.2 8.7
 98.3 8.5
 98.2 8.5
 98.2 8.6
 98.3 8.2
 98.4 8.1
 98.5 8.2
 98.4 8.3
 98.6 8.4
 98.6 8.3
 98.7 8.3
 98.8 8.0
 98.9 8.1
 99.0 7.9
 99.1 7.9
 99.0 7.8
 99.0 7.7
 99.1 7.7
 99.1 7.8
 99.2 7.7
 99.3 7.7
 99.3 7.4
 99.4 7.3
 99.5 7.3
 99.5 7.4
 99.5 7.3
 99.6 7.4
 99.5 7.2
 99.6 7.1
 99.7 7.2
 99.7 7.1
 99.7 7.0
 99.7 6.9
 100.0 6.7
 100.0 6.5
 100.1 6.5
 100.1 6.4
 100.2 6.5
 100.2 6.7
 100.3 6.7
 100.4 6.5
 100.7 6.4
 100.7 6.5
 100.9 6.3
 100.9 6.2
 101.0 6.3
 101.1 6.2
 101.1 6.0
 101.0 5.8
 101.0 5.7
 101.1 5.7
 101.1 5.6
 101.2 5.7
 101.3 5.8
 101.6 5.9
 101.7 5.9
 101.7 5.8
 101.8 5.7
 101.9 5.9
 101.9 6.0
 102.1 6.1
 102.1 6.2
 101.8 6.5
 101.5 6.9
 101.3 6.9
 101.4 6.9
 101.3 6.9
 101.2 6.9
 101.0 6.8
 100.8 7.0
 100.6 7.2
 100.6 7.1
 100.5 7.1
 100.4 7.2
 100.4 7.3
 100.3 7.4
 100.2 7.6
 100.1 7.7
 100.3 7.8
 100.3 7.6
 100.3 7.5
 100.3 7.6
 100.4 7.6
 100.4 7.5
 100.4 7.3
 100.6 7.2
 100.4 7.4
 100.3 8.0
 100.2 8.4
 100.2 8.5
 100.2 8.4
 100.1 8.4
 100.0 8.6
 99.9 9.0
 99.9 9.1
 99.8 9.3
 99.7 9.3
 99.6 9.3
 99.5 9.3
 99.5 9.2
 99.4 9.2
 99.3 9.2
 99.2 9.3
 99.3 9.4
 99.2 9.5
 99.1 9.8
 99.2 10.1
 99.2 10.2
 99.3 10.2
 99.2 10.3
 99.1 10.4
 99.3 10.4
 99.2 10.5
 99.3 10.6
 99.4 10.8
 99.5 10.9
 99.5 11.1
 99.6 11.2
 99.6 11.3
 99.7 11.7
 99.8 11.8
 99.8 11.9
 99.9 12.0
 100.0 12.2
 100.0 12.7
 100.1 13.0
 100.0 13.2
 100.0 13.3
 100.0 13.4
 100.3 13.5
 100.6 13.5
 100.6 13.6
 100.8 13.5
 100.9 13.5
 101.0 13.5
 101.0 13.4
 100.9 13.3
 100.9 13.2
 100.9 13.1
 100.9 13.0
 100.9 12.9
 100.9 12.8
 100.9 12.7
 100.8 12.7
 100.9 12.6
 100.9 12.7
 100.9 12.6
 101.1 12.7
 101.2 12.7
 101.4 12.6
 101.5 12.6
 101.6 12.6
 101.7 12.7
 101.8 12.7
 101.9 12.7
 101.9 12.5
 102.0 12.5
 102.1 12.5
 102.3 12.3
 102.2 12.4
 102.3 12.4
 102.3 12.3
 102.3 12.4
 102.4 12.3
 102.3 12.3
 102.3 12.2
 102.5 12.1
 102.6 12.1
 102.6 12.2
 102.7 12.1
 102.8 12.0
 102.8 11.9
 102.9 11.7
 102.9 11.6
 102.9 11.7
 102.8 12.0
 102.7 12.3
 102.8 12.4
 102.6 12.6
 102.5 12.7
 102.5 12.8
 102.5 13.0
 102.4 13.3
 102.4 13.6
 102.5 13.6
 102.6 13.6
 102.6 13.7
 102.7 13.8
 102.8 13.9
 102.9 14.1
 103.0 14.2
 103.2 14.3
 103.5 14.4
 103.7 14.4
 104.0 14.4
 104.2 14.4
 104.4 14.4
 104.6 14.4
 104.7 14.4
 104.8 14.4
 104.9 14.4
 105.0 14.4
 105.0 14.2
 105.1 14.2
 105.2 14.4
 105.4 14.4
 105.5 14.6
 105.5 14.8
 105.6 15.0
 105.5 15.1
 105.5 15.2
 105.6 15.3
 105.5 15.3
 105.5 15.4
 105.6 15.4
 105.6 15.6
 105.6 15.7
 105.4 15.8
 105.3 15.9
 105.4 16.0
 105.2 16.1
 105.0 16.1
 105.0 16.2
 104.9 16.3
 104.7 16.5
 104.8 16.7
 104.8 16.9
 104.8 17.2
 104.8 17.4
 104.7 17.5
 104.4 17.7
 104.3 17.9
 104.2 18.1
 104.0 18.3
 103.9 18.3
 103.7 18.4
 103.4 18.4
 103.3 18.4
 103.2 18.3
 103.3 18.3
 103.2 18.2
 103.1 18.2
 103.1 18.1
 103.1 18.0
 103.0 18.0
 102.9 18.0
 102.7 17.9
 102.7 17.8
 102.6 17.8
 102.6 17.9
 102.6 18.0
 102.3 18.1
 102.2 18.2
 102.1 18.2
 101.9 18.0
 101.8 18.1
 101.7 17.9
 101.6 17.9
 101.6 17.8
 101.4 17.7
 101.2 17.5
 101.1 17.5
 100.9 17.6
 101.0 17.7
 101.0 17.8
 101.2 18.1
 101.2 18.3
 101.1 18.4
 101.1 18.5
 101.3 18.7
 101.2 18.7
 101.3 18.8
 101.4 19.1
 101.3 19.1
 101.2 19.4
 101.3 19.5
 101.3 19.6
 101.2 19.6
 101.0 19.6
 100.9 19.6
 100.8 19.5
 100.6 19.6
 100.6 19.5
 100.5 19.5
 100.4 19.8
 100.5 19.9
 100.6 20.2
 100.5 20.1
 100.5 20.2
 100.4 20.3
 100.3 20.4
 100.2 20.4
 100.2 20.2
 100.1 20.3
 100.0 20.5
 99.8 20.3
 99.7 20.3
 99.5 20.4
 99.6 20.2
 99.5 20.1
 99.3 20.1
 99.2 20.1
 99.1 20.1
 99.0 19.8
 98.9 19.7
 98.8 19.8
 98.7 19.7
 98.6 19.7
 98.5 19.7
 98.3 19.7
 98.1 19.8
 98.0 19.8
 98.0 19.6
 97.8 19.4
 97.8 19.3
 97.8 19.2
 97.8 19.1
 97.7 18.9
 97.8 18.6
 97.7 18.6
 97.5 18.5
 97.4 18.5
 97.4 18.6
 97.3 18.5
 97.4 18.4
 97.5 18.3
 97.6 18.3
 97.6 18.2
 97.8 18.0
 97.7 17.8
 97.8 17.7
 97.9 17.6
 98.0 17.5
 98.1 17.4
 98.3 17.0
 98.4 17.1
 98.5 16.9
 98.5 16.8
 98.5 16.7
 98.6 16.5
 98.7 16.3
 98.9 16.5
 98.9 16.4
 98.9 16.2
 98.8 16.1
 98.6 16.0
 98.6 15.7
 98.6 15.4
 98.6 15.3
 98.5 15.4
 98.4 15.4
 98.4 15.3
 98.3 15.3
 98.2 15.2
 98.3 14.8
 98.4 14.6
 98.6 14.4
 98.7 14.3
 98.8 14.2
 98.9 14.1
 99.2 13.7
 99.2 13.3
 99.2 13.2
 99.1 13.2
 99.1 13.1
 99.2 13.0
 99.2 12.8
 99.4 12.6
 99.4 12.5
 99.5 12.3
 99.5 12.1
 99.6 12.1
 99.6 11.9
 99.7 11.8
 99.6 11.6
 99.5 11.6
 99.4 11.4
 99.4 11.3
 99.1 10.9
 99.0 11.0
 99.0 10.8
 98.9 10.8
 98.8 10.7
 98.8 10.5
 98.7 10.3
 

