71.0 40.2
 70.9 40.2
 70.7 40.2
 70.6 40.2
 70.6 40.3
 70.5 40.4
 70.4 40.4
 70.3 40.4
 70.4 40.5
 70.5 40.5
 70.6 40.6
 70.8 40.7
 70.8 40.8
 70.7 40.8
 70.6 40.8
 70.7 40.8
 70.5 41.0
 70.4 41.1
 70.4 41.0
 70.3 40.9
 70.2 40.9
 70.1 40.8
 69.8 40.7
 69.7 40.6
 69.5 40.8
 69.4 40.8
 69.3 40.7
 69.3 40.6
 69.2 40.6
 69.3 40.5
 69.3 40.3
 69.2 40.3
 69.3 40.2
 69.2 40.2
 69.1 40.2
 69.0 40.2
 68.9 40.2
 68.8 40.2
 68.6 40.2
 68.7 40.1
 68.9 40.1
 69.0 40.1
 68.9 40.1
 68.8 40.0
 68.8 40.1
 68.8 40.0
 68.9 39.9
 68.8 40.0
 68.8 39.9
 68.8 39.8
 68.7 39.9
 68.7 39.8
 68.6 39.9
 68.6 39.7
 68.6 39.6
 68.5 39.6
 68.5 39.5
 68.4 39.5
 68.1 39.6
 67.8 39.6
 67.7 39.6
 67.6 39.6
 67.5 39.6
 67.5 39.5
 67.4 39.5
 67.4 39.3
 67.4 39.2
 67.5 39.2
 67.6 39.2
 67.7 39.1
 67.7 39.0
 67.9 39.0
 68.0 39.0
 68.1 39.0
 68.2 38.9
 68.2 38.8
 68.1 38.8
 68.1 38.7
 68.1 38.6
 68.1 38.5
 68.1 38.4
 68.2 38.4
 68.2 38.3
 68.3 38.3
 68.4 38.2
 68.4 38.1
 68.3 38.0
 68.2 37.9
 68.1 37.8
 67.9 37.6
 67.9 37.5
 67.8 37.4
 67.8 37.3
 67.8 37.2
 67.8 37.1
 67.9 37.1
 67.9 37.0
 68.0 36.9
 68.3 37.0
 68.3 37.1
 68.4 37.1
 68.5 37.2
 68.7 37.2
 68.8 37.2
 68.8 37.3
 68.9 37.3
 69.0 37.3
 69.2 37.1
 69.3 37.1
 69.5 37.2
 69.4 37.3
 69.4 37.5
 69.5 37.6
 69.9 37.6
 70.0 37.6
 70.1 37.5
 70.3 37.6
 70.3 37.7
 70.2 37.9
 70.4 38.1
 70.5 38.2
 70.6 38.3
 70.7 38.4
 70.9 38.5
 71.1 38.4
 71.4 38.2
 71.3 38.0
 71.3 37.9
 71.4 37.9
 71.5 37.9
 71.6 37.9
 71.6 37.8
 71.5 37.8
 71.5 37.3
 71.4 37.2
 71.4 37.1
 71.6 36.7
 71.7 36.7
 71.8 36.7
 72.0 36.8
 72.3 37.0
 72.7 37.0
 72.8 37.2
 73.1 37.3
 73.2 37.4
 73.3 37.5
 73.8 37.4
 73.8 37.3
 73.6 37.3
 73.6 37.2
 73.8 37.2
 74.4 37.4
 74.7 37.4
 74.9 37.2
 75.1 37.3
 75.1 37.4
 75.2 37.4
 74.9 37.6
 75.0 37.8
 74.9 37.8
 74.9 37.9
 74.9 38.0
 74.8 38.1
 74.8 38.3
 74.9 38.4
 74.9 38.5
 74.6 38.6
 74.4 38.7
 74.1 38.6
 74.1 38.5
 74.0 38.5
 73.8 38.6
 73.8 38.7
 73.7 38.9
 73.8 38.9
 73.9 39.0
 73.6 39.2
 73.7 39.4
 73.7 39.5
 73.5 39.5
 73.4 39.4
 73.3 39.4
 73.2 39.4
 73.1 39.4
 73.0 39.4
 72.9 39.4
 72.7 39.4
 72.6 39.4
 72.5 39.4
 72.4 39.4
 72.4 39.3
 72.3 39.3
 72.2 39.2
 72.1 39.3
 72.1 39.4
 72.0 39.4
 71.9 39.3
 71.8 39.3
 71.7 39.3
 71.8 39.4
 71.8 39.5
 71.6 39.4
 71.5 39.5
 71.6 39.6
 71.5 39.6
 71.4 39.6
 71.3 39.6
 71.3 39.5
 71.2 39.5
 71.1 39.5
 71.0 39.4
 70.9 39.4
 70.8 39.4
 70.7 39.4
 70.7 39.5
 70.6 39.6
 70.5 39.6
 70.4 39.6
 70.3 39.5
 70.2 39.5
 70.2 39.6
 70.1 39.6
 70.0 39.5
 69.9 39.6
 69.8 39.5
 69.8 39.6
 69.7 39.6
 69.6 39.6
 69.5 39.5
 69.4 39.5
 69.4 39.6
 69.4 39.5
 69.3 39.5
 69.3 39.7
 69.2 39.8
 69.3 39.9
 69.3 40.0
 69.4 40.0
 69.4 39.9
 69.5 39.9
 69.5 40.0
 69.5 40.1
 69.6 40.1
 70.0 40.2
 70.2 40.1
 70.3 40.1
 70.5 40.0
 70.6 40.0
 70.5 40.0
 70.5 39.9
 70.5 40.0
 70.6 40.0
 70.7 40.0
 70.7 40.1
 70.8 40.1
 70.8 40.2
 70.9 40.2
 71.0 40.2
 

71.0 40.2
 70.9 40.2
 70.7 40.2
 70.6 40.2
 70.6 40.3
 70.5 40.4
 70.4 40.4
 70.3 40.4
 70.4 40.5
 70.5 40.5
 70.6 40.6
 70.8 40.7
 70.8 40.8
 70.7 40.8
 70.6 40.8
 70.7 40.8
 70.5 41.0
 70.4 41.1
 70.4 41.0
 70.3 40.9
 70.2 40.9
 70.1 40.8
 69.8 40.7
 69.7 40.6
 69.5 40.8
 69.4 40.8
 69.3 40.7
 69.3 40.6
 69.2 40.6
 69.3 40.5
 69.3 40.3
 69.2 40.3
 69.3 40.2
 69.2 40.2
 69.1 40.2
 69.0 40.2
 68.9 40.2
 68.8 40.2
 68.6 40.2
 68.7 40.1
 68.9 40.1
 69.0 40.1
 68.9 40.1
 68.8 40.0
 68.8 40.1
 68.8 40.0
 68.9 39.9
 68.8 40.0
 68.8 39.9
 68.8 39.8
 68.7 39.9
 68.7 39.8
 68.6 39.9
 68.6 39.7
 68.6 39.6
 68.5 39.6
 68.5 39.5
 68.4 39.5
 68.1 39.6
 67.8 39.6
 67.7 39.6
 67.6 39.6
 67.5 39.6
 67.5 39.5
 67.4 39.5
 67.4 39.3
 67.4 39.2
 67.5 39.2
 67.6 39.2
 67.7 39.1
 67.7 39.0
 67.9 39.0
 68.0 39.0
 68.1 39.0
 68.2 38.9
 68.2 38.8
 68.1 38.8
 68.1 38.7
 68.1 38.6
 68.1 38.5
 68.1 38.4
 68.2 38.4
 68.2 38.3
 68.3 38.3
 68.4 38.2
 68.4 38.1
 68.3 38.0
 68.2 37.9
 68.1 37.8
 67.9 37.6
 67.9 37.5
 67.8 37.4
 67.8 37.3
 67.8 37.2
 67.8 37.1
 67.9 37.1
 67.9 37.0
 68.0 36.9
 68.3 37.0
 68.3 37.1
 68.4 37.1
 68.5 37.2
 68.7 37.2
 68.8 37.2
 68.8 37.3
 68.9 37.3
 69.0 37.3
 69.2 37.1
 69.3 37.1
 69.5 37.2
 69.4 37.3
 69.4 37.5
 69.5 37.6
 69.9 37.6
 70.0 37.6
 70.1 37.5
 70.3 37.6
 70.3 37.7
 70.2 37.9
 70.4 38.1
 70.5 38.2
 70.6 38.3
 70.7 38.4
 70.9 38.5
 71.1 38.4
 71.4 38.2
 71.3 38.0
 71.3 37.9
 71.4 37.9
 71.5 37.9
 71.6 37.9
 71.6 37.8
 71.5 37.8
 71.5 37.3
 71.4 37.2
 71.4 37.1
 71.6 36.7
 71.7 36.7
 71.8 36.7
 72.0 36.8
 72.3 37.0
 72.7 37.0
 72.8 37.2
 73.1 37.3
 73.2 37.4
 73.3 37.5
 73.8 37.4
 73.8 37.3
 73.6 37.3
 73.6 37.2
 73.8 37.2
 74.4 37.4
 74.7 37.4
 74.9 37.2
 75.1 37.3
 75.1 37.4
 75.2 37.4
 74.9 37.6
 75.0 37.8
 74.9 37.8
 74.9 37.9
 74.9 38.0
 74.8 38.1
 74.8 38.3
 74.9 38.4
 74.9 38.5
 74.6 38.6
 74.4 38.7
 74.1 38.6
 74.1 38.5
 74.0 38.5
 73.8 38.6
 73.8 38.7
 73.7 38.9
 73.8 38.9
 73.9 39.0
 73.6 39.2
 73.7 39.4
 73.7 39.5
 73.5 39.5
 73.4 39.4
 73.3 39.4
 73.2 39.4
 73.1 39.4
 73.0 39.4
 72.9 39.4
 72.7 39.4
 72.6 39.4
 72.5 39.4
 72.4 39.4
 72.4 39.3
 72.3 39.3
 72.2 39.2
 72.1 39.3
 72.1 39.4
 72.0 39.4
 71.9 39.3
 71.8 39.3
 71.7 39.3
 71.8 39.4
 71.8 39.5
 71.6 39.4
 71.5 39.5
 71.6 39.6
 71.5 39.6
 71.4 39.6
 71.3 39.6
 71.3 39.5
 71.2 39.5
 71.1 39.5
 71.0 39.4
 70.9 39.4
 70.8 39.4
 70.7 39.4
 70.7 39.5
 70.6 39.6
 70.5 39.6
 70.4 39.6
 70.3 39.5
 70.2 39.5
 70.2 39.6
 70.1 39.6
 70.0 39.5
 69.9 39.6
 69.8 39.5
 69.8 39.6
 69.7 39.6
 69.6 39.6
 69.5 39.5
 69.4 39.5
 69.4 39.6
 69.4 39.5
 69.3 39.5
 69.3 39.7
 69.2 39.8
 69.3 39.9
 69.3 40.0
 69.4 40.0
 69.4 39.9
 69.5 39.9
 69.5 40.0
 69.5 40.1
 69.6 40.1
 70.0 40.2
 70.2 40.1
 70.3 40.1
 70.5 40.0
 70.6 40.0
 70.5 40.0
 70.5 39.9
 70.5 40.0
 70.6 40.0
 70.7 40.0
 70.7 40.1
 70.8 40.1
 70.8 40.2
 70.9 40.2
 71.0 40.2
 

