52.4 41.7
 52.6 41.7
 52.6 41.6
 52.6 41.5
 52.8 41.3
 52.8 41.1
 52.9 41.1
 52.8 41.3
 52.8 41.4
 52.9 41.7
 52.8 41.7
 53.1 42.1
 53.2 42.1
 53.3 42.1
 53.6 42.1
 53.8 42.1
 53.9 42.1
 53.9 42.0
 53.9 41.9
 54.0 41.8
 54.1 41.5
 54.6 41.2
 54.8 41.0
 54.7 41.1
 54.8 41.0
 54.7 40.9
 54.5 40.8
 54.4 40.8
 54.5 40.9
 54.3 40.9
 54.3 40.7
 54.4 40.7
 54.2 40.7
 54.1 40.7
 54.0 40.7
 53.9 40.7
 53.8 40.6
 53.7 40.6
 53.7 40.9
 53.6 40.9
 53.6 40.8
 53.5 40.7
 53.4 40.8
 53.3 40.8
 53.2 40.8
 53.3 40.8
 53.2 40.8
 53.1 40.8
 53.1 40.9
 53.0 41.0
 53.0 41.1
 52.9 41.1
 52.9 40.8
 52.8 40.7
 52.9 40.7
 52.7 40.3
 52.8 40.2
 52.7 40.1
 53.0 39.8
 52.9 40.0
 53.0 40.0
 53.2 40.0
 53.3 39.9
 53.4 40.0
 53.6 40.0
 53.4 39.7
 53.5 39.7
 53.6 39.6
 53.7 39.6
 53.6 39.6
 53.7 39.5
 53.6 39.5
 53.4 39.5
 53.2 39.5
 53.3 39.7
 53.2 39.6
 53.1 39.4
 53.2 39.2
 53.2 39.3
 53.3 39.3
 53.4 39.3
 53.6 39.3
 53.6 39.1
 53.7 39.1
 53.7 39.2
 53.7 39.1
 53.8 39.0
 53.9 39.0
 54.0 38.9
 53.9 38.7
 53.8 38.5
 53.8 38.4
 53.8 38.0
 53.9 37.4
 54.2 37.3
 54.6 37.4
 54.7 37.5
 54.8 37.6
 54.8 37.7
 55.3 38.0
 55.4 38.1
 55.8 38.1
 56.0 38.1
 56.3 38.1
 56.4 38.1
 56.3 38.2
 56.4 38.2
 56.5 38.3
 56.7 38.3
 56.8 38.3
 56.9 38.2
 57.1 38.2
 57.2 38.3
 57.4 38.1
 57.3 38.0
 57.5 37.9
 57.8 37.9
 58.1 37.8
 58.2 37.8
 58.2 37.7
 58.5 37.6
 58.5 37.7
 58.8 37.7
 58.9 37.7
 59.2 37.6
 59.2 37.5
 59.3 37.5
 59.4 37.5
 59.4 37.3
 59.5 37.2
 59.6 37.2
 59.6 37.1
 59.8 37.1
 60.0 37.0
 60.4 36.6
 61.2 36.6
 61.1 36.4
 61.2 36.3
 61.2 36.1
 61.1 36.0
 61.2 35.9
 61.2 35.7
 61.3 35.6
 61.4 35.6
 61.5 35.5
 61.6 35.5
 61.8 35.4
 62.0 35.5
 62.1 35.4
 62.3 35.3
 62.3 35.1
 62.5 35.3
 62.6 35.2
 63.1 35.5
 63.1 35.6
 63.2 35.7
 63.1 35.8
 63.1 35.9
 63.3 35.9
 63.5 35.9
 63.6 36.0
 63.9 36.0
 64.1 36.0
 64.1 36.1
 64.2 36.2
 64.3 36.2
 64.5 36.2
 64.6 36.4
 64.6 36.5
 64.6 36.6
 64.8 36.9
 64.8 37.1
 65.1 37.2
 65.5 37.2
 65.6 37.3
 65.6 37.5
 65.7 37.5
 65.8 37.5
 65.8 37.6
 66.3 37.3
 66.5 37.4
 66.6 37.5
 66.5 37.5
 66.5 37.7
 66.5 37.8
 66.6 37.8
 66.7 37.9
 66.7 38.0
 66.6 38.0
 66.4 38.0
 66.3 38.1
 66.3 38.2
 66.2 38.2
 66.1 38.2
 66.0 38.2
 65.9 38.3
 65.8 38.3
 65.7 38.2
 65.6 38.3
 65.3 38.4
 65.0 38.6
 64.7 38.7
 64.5 38.9
 64.3 39.0
 64.2 39.0
 63.7 39.2
 63.5 39.4
 63.0 39.6
 62.8 39.8
 62.6 39.9
 62.4 40.0
 62.4 40.1
 62.4 40.2
 62.4 40.3
 62.4 40.4
 62.3 40.5
 62.2 40.5
 62.1 40.6
 62.1 40.7
 62.0 40.7
 62.0 40.8
 62.0 41.0
 61.9 41.1
 61.6 41.3
 61.4 41.3
 61.4 41.2
 61.3 41.2
 61.2 41.2
 61.1 41.2
 61.0 41.2
 60.8 41.3
 60.7 41.3
 60.5 41.2
 60.3 41.3
 60.1 41.4
 60.1 41.5
 60.2 41.6
 60.1 41.7
 60.1 41.8
 60.3 41.8
 60.2 41.9
 60.1 41.9
 59.9 42.0
 60.0 42.0
 60.0 42.1
 60.1 42.2
 60.0 42.2
 59.9 42.3
 59.8 42.3
 59.7 42.3
 59.5 42.3
 59.4 42.3
 59.3 42.3
 59.3 42.4
 59.3 42.5
 59.2 42.5
 59.0 42.5
 58.8 42.6
 58.6 42.8
 58.6 42.7
 58.4 42.7
 58.3 42.7
 58.2 42.7
 58.1 42.6
 58.2 42.6
 58.3 42.5
 58.4 42.4
 58.5 42.3
 58.4 42.3
 58.4 42.4
 58.3 42.4
 58.2 42.5
 58.1 42.5
 58.0 42.5
 57.9 42.4
 58.0 42.4
 57.9 42.3
 57.8 42.2
 57.9 42.2
 57.8 42.2
 57.7 42.2
 57.5 42.2
 57.4 42.2
 57.2 42.1
 57.1 41.9
 57.0 41.9
 57.0 41.8
 57.0 41.7
 57.0 41.6
 57.0 41.5
 57.1 41.4
 57.2 41.4
 57.1 41.3
 57.0 41.3
 56.8 41.3
 56.7 41.3
 56.0 41.3
 55.9 41.3
 55.8 41.3
 55.7 41.3
 55.5 41.3
 55.4 41.4
 55.3 41.4
 55.2 41.5
 55.1 41.7
 55.0 41.8
 55.0 41.9
 54.8 42.1
 54.4 42.2
 54.2 42.3
 54.0 42.3
 53.7 42.3
 53.5 42.3
 53.3 42.2
 53.0 42.1
 52.9 42.1
 52.4 41.7
 

52.4 41.7
 52.6 41.7
 52.6 41.6
 52.6 41.5
 52.8 41.3
 52.8 41.1
 52.9 41.1
 52.8 41.3
 52.8 41.4
 52.9 41.7
 52.8 41.7
 53.1 42.1
 53.2 42.1
 53.3 42.1
 53.6 42.1
 53.8 42.1
 53.9 42.1
 53.9 42.0
 53.9 41.9
 54.0 41.8
 54.1 41.5
 54.6 41.2
 54.8 41.0
 54.7 41.1
 54.8 41.0
 54.7 40.9
 54.5 40.8
 54.4 40.8
 54.5 40.9
 54.3 40.9
 54.3 40.7
 54.4 40.7
 54.2 40.7
 54.1 40.7
 54.0 40.7
 53.9 40.7
 53.8 40.6
 53.7 40.6
 53.7 40.9
 53.6 40.9
 53.6 40.8
 53.5 40.7
 53.4 40.8
 53.3 40.8
 53.2 40.8
 53.3 40.8
 53.2 40.8
 53.1 40.8
 53.1 40.9
 53.0 41.0
 53.0 41.1
 52.9 41.1
 52.9 40.8
 52.8 40.7
 52.9 40.7
 52.7 40.3
 52.8 40.2
 52.7 40.1
 53.0 39.8
 52.9 40.0
 53.0 40.0
 53.2 40.0
 53.3 39.9
 53.4 40.0
 53.6 40.0
 53.4 39.7
 53.5 39.7
 53.6 39.6
 53.7 39.6
 53.6 39.6
 53.7 39.5
 53.6 39.5
 53.4 39.5
 53.2 39.5
 53.3 39.7
 53.2 39.6
 53.1 39.4
 53.2 39.2
 53.2 39.3
 53.3 39.3
 53.4 39.3
 53.6 39.3
 53.6 39.1
 53.7 39.1
 53.7 39.2
 53.7 39.1
 53.8 39.0
 53.9 39.0
 54.0 38.9
 53.9 38.7
 53.8 38.5
 53.8 38.4
 53.8 38.0
 53.9 37.4
 54.2 37.3
 54.6 37.4
 54.7 37.5
 54.8 37.6
 54.8 37.7
 55.3 38.0
 55.4 38.1
 55.8 38.1
 56.0 38.1
 56.3 38.1
 56.4 38.1
 56.3 38.2
 56.4 38.2
 56.5 38.3
 56.7 38.3
 56.8 38.3
 56.9 38.2
 57.1 38.2
 57.2 38.3
 57.4 38.1
 57.3 38.0
 57.5 37.9
 57.8 37.9
 58.1 37.8
 58.2 37.8
 58.2 37.7
 58.5 37.6
 58.5 37.7
 58.8 37.7
 58.9 37.7
 59.2 37.6
 59.2 37.5
 59.3 37.5
 59.4 37.5
 59.4 37.3
 59.5 37.2
 59.6 37.2
 59.6 37.1
 59.8 37.1
 60.0 37.0
 60.4 36.6
 61.2 36.6
 61.1 36.4
 61.2 36.3
 61.2 36.1
 61.1 36.0
 61.2 35.9
 61.2 35.7
 61.3 35.6
 61.4 35.6
 61.5 35.5
 61.6 35.5
 61.8 35.4
 62.0 35.5
 62.1 35.4
 62.3 35.3
 62.3 35.1
 62.5 35.3
 62.6 35.2
 63.1 35.5
 63.1 35.6
 63.2 35.7
 63.1 35.8
 63.1 35.9
 63.3 35.9
 63.5 35.9
 63.6 36.0
 63.9 36.0
 64.1 36.0
 64.1 36.1
 64.2 36.2
 64.3 36.2
 64.5 36.2
 64.6 36.4
 64.6 36.5
 64.6 36.6
 64.8 36.9
 64.8 37.1
 65.1 37.2
 65.5 37.2
 65.6 37.3
 65.6 37.5
 65.7 37.5
 65.8 37.5
 65.8 37.6
 66.3 37.3
 66.5 37.4
 66.6 37.5
 66.5 37.5
 66.5 37.7
 66.5 37.8
 66.6 37.8
 66.7 37.9
 66.7 38.0
 66.6 38.0
 66.4 38.0
 66.3 38.1
 66.3 38.2
 66.2 38.2
 66.1 38.2
 66.0 38.2
 65.9 38.3
 65.8 38.3
 65.7 38.2
 65.6 38.3
 65.3 38.4
 65.0 38.6
 64.7 38.7
 64.5 38.9
 64.3 39.0
 64.2 39.0
 63.7 39.2
 63.5 39.4
 63.0 39.6
 62.8 39.8
 62.6 39.9
 62.4 40.0
 62.4 40.1
 62.4 40.2
 62.4 40.3
 62.4 40.4
 62.3 40.5
 62.2 40.5
 62.1 40.6
 62.1 40.7
 62.0 40.7
 62.0 40.8
 62.0 41.0
 61.9 41.1
 61.6 41.3
 61.4 41.3
 61.4 41.2
 61.3 41.2
 61.2 41.2
 61.1 41.2
 61.0 41.2
 60.8 41.3
 60.7 41.3
 60.5 41.2
 60.3 41.3
 60.1 41.4
 60.1 41.5
 60.2 41.6
 60.1 41.7
 60.1 41.8
 60.3 41.8
 60.2 41.9
 60.1 41.9
 59.9 42.0
 60.0 42.0
 60.0 42.1
 60.1 42.2
 60.0 42.2
 59.9 42.3
 59.8 42.3
 59.7 42.3
 59.5 42.3
 59.4 42.3
 59.3 42.3
 59.3 42.4
 59.3 42.5
 59.2 42.5
 59.0 42.5
 58.8 42.6
 58.6 42.8
 58.6 42.7
 58.4 42.7
 58.3 42.7
 58.2 42.7
 58.1 42.6
 58.2 42.6
 58.3 42.5
 58.4 42.4
 58.5 42.3
 58.4 42.3
 58.4 42.4
 58.3 42.4
 58.2 42.5
 58.1 42.5
 58.0 42.5
 57.9 42.4
 58.0 42.4
 57.9 42.3
 57.8 42.2
 57.9 42.2
 57.8 42.2
 57.7 42.2
 57.5 42.2
 57.4 42.2
 57.2 42.1
 57.1 41.9
 57.0 41.9
 57.0 41.8
 57.0 41.7
 57.0 41.6
 57.0 41.5
 57.1 41.4
 57.2 41.4
 57.1 41.3
 57.0 41.3
 56.8 41.3
 56.7 41.3
 56.0 41.3
 55.9 41.3
 55.8 41.3
 55.7 41.3
 55.5 41.3
 55.4 41.4
 55.3 41.4
 55.2 41.5
 55.1 41.7
 55.0 41.8
 55.0 41.9
 54.8 42.1
 54.4 42.2
 54.2 42.3
 54.0 42.3
 53.7 42.3
 53.5 42.3
 53.3 42.2
 53.0 42.1
 52.9 42.1
 52.4 41.7
 

