30.3 41.2
 30.2 41.2
 29.7 41.2
 29.2 41.2
 29.1 41.2
 29.0 41.0
 29.1 41.0
 29.3 40.8
 29.4 40.8
 29.5 40.8
 29.9 40.8
 29.6 40.7
 29.5 40.7
 29.4 40.7
 29.0 40.6
 28.8 40.6
 28.8 40.5
 29.1 40.5
 29.1 40.4
 29.0 40.4
 28.7 40.4
 28.4 40.4
 27.9 40.4
 28.0 40.5
 27.8 40.5
 27.7 40.5
 27.9 40.4
 27.8 40.3
 27.5 40.3
 27.3 40.4
 27.3 40.5
 27.1 40.4
 27.0 40.4
 26.8 40.4
 26.5 40.2
 26.4 40.2
 26.3 40.0
 26.2 40.0
 26.2 39.6
 26.1 39.6
 26.1 39.5
 26.5 39.5
 26.9 39.6
 27.0 39.6
 26.9 39.5
 26.7 39.3
 26.6 39.3
 26.7 39.2
 26.8 39.2
 26.9 39.1
 26.8 39.0
 27.1 38.9
 26.9 38.8
 26.7 38.7
 26.7 38.6
 26.8 38.6
 26.9 38.5
 27.2 38.4
 26.8 38.4
 26.7 38.4
 26.7 38.3
 26.6 38.3
 26.6 38.5
 26.5 38.6
 26.4 38.7
 26.3 38.6
 26.4 38.5
 26.5 38.4
 26.4 38.3
 26.3 38.3
 26.2 38.3
 26.3 38.2
 26.5 38.2
 26.6 38.1
 26.6 38.2
 26.8 38.2
 26.9 38.0
 27.0 38.1
 27.1 38.0
 27.2 38.0
 27.3 37.9
 27.2 37.7
 27.0 37.7
 27.2 37.6
 27.2 37.5
 27.2 37.3
 27.3 37.4
 27.4 37.4
 27.4 37.3
 27.5 37.3
 27.5 37.2
 27.6 37.3
 27.6 37.2
 27.5 37.2
 27.5 37.1
 27.3 37.2
 27.2 37.1
 27.3 37.0
 27.6 37.0
 27.9 37.0
 28.3 37.0
 28.2 36.9
 28.0 36.9
 28.1 36.8
 27.9 36.8
 27.8 36.8
 27.7 36.8
 27.4 36.7
 27.5 36.7
 27.7 36.7
 27.7 36.8
 28.0 36.7
 28.1 36.8
 28.1 36.7
 28.0 36.7
 28.1 36.6
 28.0 36.6
 28.1 36.6
 28.2 36.7
 28.3 36.7
 28.2 36.8
 28.3 36.8
 28.4 36.8
 28.5 36.9
 28.5 36.8
 28.6 36.8
 28.6 36.7
 28.8 36.7
 28.8 36.6
 28.9 36.6
 28.9 36.8
 29.0 36.7
 29.1 36.6
 29.0 36.5
 29.1 36.5
 29.1 36.4
 29.3 36.2
 29.4 36.3
 29.4 36.2
 29.6 36.2
 29.7 36.1
 29.9 36.2
 30.1 36.2
 30.1 36.3
 30.2 36.3
 30.4 36.3
 30.4 36.2
 30.5 36.3
 30.5 36.4
 30.6 36.6
 30.6 36.8
 30.7 36.9
 30.8 36.8
 31.3 36.8
 31.7 36.7
 32.0 36.5
 32.3 36.3
 32.4 36.1
 32.8 36.0
 32.9 36.1
 33.1 36.1
 33.5 36.2
 33.5 36.1
 33.6 36.2
 33.7 36.2
 33.7 36.1
 33.7 36.2
 33.9 36.3
 34.0 36.2
 34.0 36.3
 34.1 36.3
 34.1 36.4
 34.3 36.6
 34.6 36.8
 34.8 36.8
 35.0 36.7
 35.3 36.5
 35.5 36.6
 35.6 36.6
 35.7 36.7
 35.6 36.7
 35.8 36.8
 36.0 36.9
 36.1 36.9
 36.2 36.8
 36.2 36.6
 36.1 36.6
 35.8 36.4
 35.8 36.3
 35.8 36.2
 36.0 36.0
 35.9 35.9
 36.0 35.9
 36.2 35.8
 36.2 36.0
 36.4 36.0
 36.4 36.2
 36.5 36.2
 36.6 36.2
 36.7 36.2
 36.7 36.3
 36.6 36.4
 36.6 36.5
 36.7 36.8
 37.0 36.8
 37.0 36.7
 37.1 36.6
 37.1 36.7
 37.4 36.6
 37.5 36.7
 37.8 36.8
 38.2 36.9
 38.4 36.9
 38.7 36.7
 38.9 36.7
 39.2 36.7
 39.4 36.7
 39.8 36.8
 40.0 36.8
 40.4 37.0
 40.8 37.1
 41.1 37.1
 41.4 37.1
 41.8 37.1
 42.1 37.2
 42.2 37.3
 42.3 37.2
 42.4 37.1
 42.6 37.2
 42.7 37.4
 42.8 37.4
 43.0 37.3
 43.1 37.4
 43.3 37.3
 43.6 37.2
 43.9 37.2
 44.0 37.3
 44.1 37.3
 44.2 37.3
 44.3 37.2
 44.2 37.1
 44.3 37.0
 44.4 37.0
 44.5 37.1
 44.6 37.2
 44.8 37.1
 44.8 37.2
 44.8 37.3
 44.6 37.4
 44.6 37.6
 44.6 37.7
 44.5 37.8
 44.4 37.8
 44.3 37.9
 44.2 37.9
 44.5 38.3
 44.4 38.4
 44.3 38.4
 44.3 38.6
 44.3 38.7
 44.3 38.8
 44.3 38.9
 44.2 38.9
 44.2 39.0
 44.2 39.1
 44.1 39.3
 44.0 39.4
 44.1 39.4
 44.3 39.4
 44.4 39.4
 44.5 39.7
 44.6 39.8
 44.8 39.7
 44.8 39.6
 44.8 39.7
 44.6 39.8
 44.5 39.9
 44.3 40.0
 44.0 40.0
 43.7 40.1
 43.7 40.2
 43.6 40.3
 43.6 40.4
 43.8 40.7
 43.7 40.8
 43.6 41.0
 43.5 41.0
 43.5 41.1
 43.4 41.2
 43.2 41.2
 43.2 41.3
 43.1 41.3
 43.2 41.3
 42.9 41.5
 42.8 41.5
 42.8 41.6
 42.7 41.6
 42.6 41.6
 42.5 41.4
 42.4 41.5
 42.0 41.5
 41.8 41.4
 41.5 41.5
 41.4 41.4
 41.1 41.3
 40.9 41.2
 40.8 41.2
 40.5 41.0
 40.4 41.0
 40.2 40.9
 40.1 40.9
 40.0 41.0
 39.9 41.0
 39.8 41.0
 39.4 41.1
 39.3 41.0
 39.2 41.1
 38.9 41.0
 38.5 40.9
 38.1 41.0
 37.8 41.0
 37.7 41.1
 37.6 41.1
 37.5 41.0
 37.5 41.1
 37.2 41.1
 37.0 41.2
 37.0 41.3
 36.9 41.3
 36.8 41.4
 36.6 41.3
 36.5 41.2
 36.4 41.2
 36.3 41.3
 36.1 41.5
 36.1 41.6
 36.0 41.7
 35.9 41.7
 35.6 41.6
 35.3 41.7
 35.1 41.9
 35.1 42.0
 35.2 42.0
 35.1 42.0
 35.0 42.1
 34.8 42.0
 34.7 41.9
 34.5 42.0
 34.1 42.0
 33.5 42.0
 33.1 41.9
 32.7 41.8
 32.3 41.7
 32.1 41.6
 31.8 41.5
 31.4 41.3
 31.4 41.2
 31.3 41.1
 30.9 41.1
 30.7 41.1
 30.3 41.2
 

30.3 41.2
 30.2 41.2
 29.7 41.2
 29.2 41.2
 29.1 41.2
 29.0 41.0
 29.1 41.0
 29.3 40.8
 29.4 40.8
 29.5 40.8
 29.9 40.8
 29.6 40.7
 29.5 40.7
 29.4 40.7
 29.0 40.6
 28.8 40.6
 28.8 40.5
 29.1 40.5
 29.1 40.4
 29.0 40.4
 28.7 40.4
 28.4 40.4
 27.9 40.4
 28.0 40.5
 27.8 40.5
 27.7 40.5
 27.9 40.4
 27.8 40.3
 27.5 40.3
 27.3 40.4
 27.3 40.5
 27.1 40.4
 27.0 40.4
 26.8 40.4
 26.5 40.2
 26.4 40.2
 26.3 40.0
 26.2 40.0
 26.2 39.6
 26.1 39.6
 26.1 39.5
 26.5 39.5
 26.9 39.6
 27.0 39.6
 26.9 39.5
 26.7 39.3
 26.6 39.3
 26.7 39.2
 26.8 39.2
 26.9 39.1
 26.8 39.0
 27.1 38.9
 26.9 38.8
 26.7 38.7
 26.7 38.6
 26.8 38.6
 26.9 38.5
 27.2 38.4
 26.8 38.4
 26.7 38.4
 26.7 38.3
 26.6 38.3
 26.6 38.5
 26.5 38.6
 26.4 38.7
 26.3 38.6
 26.4 38.5
 26.5 38.4
 26.4 38.3
 26.3 38.3
 26.2 38.3
 26.3 38.2
 26.5 38.2
 26.6 38.1
 26.6 38.2
 26.8 38.2
 26.9 38.0
 27.0 38.1
 27.1 38.0
 27.2 38.0
 27.3 37.9
 27.2 37.7
 27.0 37.7
 27.2 37.6
 27.2 37.5
 27.2 37.3
 27.3 37.4
 27.4 37.4
 27.4 37.3
 27.5 37.3
 27.5 37.2
 27.6 37.3
 27.6 37.2
 27.5 37.2
 27.5 37.1
 27.3 37.2
 27.2 37.1
 27.3 37.0
 27.6 37.0
 27.9 37.0
 28.3 37.0
 28.2 36.9
 28.0 36.9
 28.1 36.8
 27.9 36.8
 27.8 36.8
 27.7 36.8
 27.4 36.7
 27.5 36.7
 27.7 36.7
 27.7 36.8
 28.0 36.7
 28.1 36.8
 28.1 36.7
 28.0 36.7
 28.1 36.6
 28.0 36.6
 28.1 36.6
 28.2 36.7
 28.3 36.7
 28.2 36.8
 28.3 36.8
 28.4 36.8
 28.5 36.9
 28.5 36.8
 28.6 36.8
 28.6 36.7
 28.8 36.7
 28.8 36.6
 28.9 36.6
 28.9 36.8
 29.0 36.7
 29.1 36.6
 29.0 36.5
 29.1 36.5
 29.1 36.4
 29.3 36.2
 29.4 36.3
 29.4 36.2
 29.6 36.2
 29.7 36.1
 29.9 36.2
 30.1 36.2
 30.1 36.3
 30.2 36.3
 30.4 36.3
 30.4 36.2
 30.5 36.3
 30.5 36.4
 30.6 36.6
 30.6 36.8
 30.7 36.9
 30.8 36.8
 31.3 36.8
 31.7 36.7
 32.0 36.5
 32.3 36.3
 32.4 36.1
 32.8 36.0
 32.9 36.1
 33.1 36.1
 33.5 36.2
 33.5 36.1
 33.6 36.2
 33.7 36.2
 33.7 36.1
 33.7 36.2
 33.9 36.3
 34.0 36.2
 34.0 36.3
 34.1 36.3
 34.1 36.4
 34.3 36.6
 34.6 36.8
 34.8 36.8
 35.0 36.7
 35.3 36.5
 35.5 36.6
 35.6 36.6
 35.7 36.7
 35.6 36.7
 35.8 36.8
 36.0 36.9
 36.1 36.9
 36.2 36.8
 36.2 36.6
 36.1 36.6
 35.8 36.4
 35.8 36.3
 35.8 36.2
 36.0 36.0
 35.9 35.9
 36.0 35.9
 36.2 35.8
 36.2 36.0
 36.4 36.0
 36.4 36.2
 36.5 36.2
 36.6 36.2
 36.7 36.2
 36.7 36.3
 36.6 36.4
 36.6 36.5
 36.7 36.8
 37.0 36.8
 37.0 36.7
 37.1 36.6
 37.1 36.7
 37.4 36.6
 37.5 36.7
 37.8 36.8
 38.2 36.9
 38.4 36.9
 38.7 36.7
 38.9 36.7
 39.2 36.7
 39.4 36.7
 39.8 36.8
 40.0 36.8
 40.4 37.0
 40.8 37.1
 41.1 37.1
 41.4 37.1
 41.8 37.1
 42.1 37.2
 42.2 37.3
 42.3 37.2
 42.4 37.1
 42.6 37.2
 42.7 37.4
 42.8 37.4
 43.0 37.3
 43.1 37.4
 43.3 37.3
 43.6 37.2
 43.9 37.2
 44.0 37.3
 44.1 37.3
 44.2 37.3
 44.3 37.2
 44.2 37.1
 44.3 37.0
 44.4 37.0
 44.5 37.1
 44.6 37.2
 44.8 37.1
 44.8 37.2
 44.8 37.3
 44.6 37.4
 44.6 37.6
 44.6 37.7
 44.5 37.8
 44.4 37.8
 44.3 37.9
 44.2 37.9
 44.5 38.3
 44.4 38.4
 44.3 38.4
 44.3 38.6
 44.3 38.7
 44.3 38.8
 44.3 38.9
 44.2 38.9
 44.2 39.0
 44.2 39.1
 44.1 39.3
 44.0 39.4
 44.1 39.4
 44.3 39.4
 44.4 39.4
 44.5 39.7
 44.6 39.8
 44.8 39.7
 44.8 39.6
 44.8 39.7
 44.6 39.8
 44.5 39.9
 44.3 40.0
 44.0 40.0
 43.7 40.1
 43.7 40.2
 43.6 40.3
 43.6 40.4
 43.8 40.7
 43.7 40.8
 43.6 41.0
 43.5 41.0
 43.5 41.1
 43.4 41.2
 43.2 41.2
 43.2 41.3
 43.1 41.3
 43.2 41.3
 42.9 41.5
 42.8 41.5
 42.8 41.6
 42.7 41.6
 42.6 41.6
 42.5 41.4
 42.4 41.5
 42.0 41.5
 41.8 41.4
 41.5 41.5
 41.4 41.4
 41.1 41.3
 40.9 41.2
 40.8 41.2
 40.5 41.0
 40.4 41.0
 40.2 40.9
 40.1 40.9
 40.0 41.0
 39.9 41.0
 39.8 41.0
 39.4 41.1
 39.3 41.0
 39.2 41.1
 38.9 41.0
 38.5 40.9
 38.1 41.0
 37.8 41.0
 37.7 41.1
 37.6 41.1
 37.5 41.0
 37.5 41.1
 37.2 41.1
 37.0 41.2
 37.0 41.3
 36.9 41.3
 36.8 41.4
 36.6 41.3
 36.5 41.2
 36.4 41.2
 36.3 41.3
 36.1 41.5
 36.1 41.6
 36.0 41.7
 35.9 41.7
 35.6 41.6
 35.3 41.7
 35.1 41.9
 35.1 42.0
 35.2 42.0
 35.1 42.0
 35.0 42.1
 34.8 42.0
 34.7 41.9
 34.5 42.0
 34.1 42.0
 33.5 42.0
 33.1 41.9
 32.7 41.8
 32.3 41.7
 32.1 41.6
 31.8 41.5
 31.4 41.3
 31.4 41.2
 31.3 41.1
 30.9 41.1
 30.7 41.1
 30.3 41.2
 

