120.8 21.9
 120.8 22.0
 120.9 22.0
 120.9 22.2
 120.9 22.5
 121.2 22.9
 121.5 23.3
 121.6 23.9
 121.6 24.1
 121.7 24.2
 121.8 24.4
 121.9 24.5
 121.8 24.6
 121.8 24.8
 121.8 24.9
 122.0 25.0
 121.9 25.0
 121.9 25.1
 121.7 25.2
 121.6 25.3
 121.5 25.3
 121.4 25.2
 121.4 25.1
 121.3 25.1
 121.2 25.1
 121.0 25.0
 120.9 24.7
 120.8 24.6
 120.7 24.5
 120.4 24.1
 120.1 23.6
 120.1 23.4
 120.1 23.2
 120.1 23.1
 120.1 23.0
 120.2 23.0
 120.2 22.9
 120.3 22.5
 120.6 22.4
 120.7 22.1
 120.7 22.0
 120.7 21.9
 120.8 22.0
 120.8 21.9
 

120.8 21.9
 120.8 22.0
 120.9 22.0
 120.9 22.2
 120.9 22.5
 121.2 22.9
 121.5 23.3
 121.6 23.9
 121.6 24.1
 121.7 24.2
 121.8 24.4
 121.9 24.5
 121.8 24.6
 121.8 24.8
 121.8 24.9
 122.0 25.0
 121.9 25.0
 121.9 25.1
 121.7 25.2
 121.6 25.3
 121.5 25.3
 121.4 25.2
 121.4 25.1
 121.3 25.1
 121.2 25.1
 121.0 25.0
 120.9 24.7
 120.8 24.6
 120.7 24.5
 120.4 24.1
 120.1 23.6
 120.1 23.4
 120.1 23.2
 120.1 23.1
 120.1 23.0
 120.2 23.0
 120.2 22.9
 120.3 22.5
 120.6 22.4
 120.7 22.1
 120.7 22.0
 120.7 21.9
 120.8 22.0
 120.8 21.9
 

