58.6 45.6
 56.0 45.0
 56.0 41.3
 56.7 41.3
 56.8 41.3
 57.0 41.3
 57.1 41.3
 57.2 41.4
 57.1 41.4
 57.0 41.5
 57.0 41.6
 57.0 41.7
 57.0 41.8
 57.0 41.9
 57.1 41.9
 57.2 42.1
 57.4 42.2
 57.5 42.2
 57.7 42.2
 57.8 42.2
 57.9 42.2
 57.8 42.2
 57.9 42.3
 58.0 42.4
 57.9 42.4
 58.0 42.5
 58.1 42.5
 58.2 42.5
 58.3 42.4
 58.4 42.4
 58.4 42.3
 58.5 42.3
 58.4 42.4
 58.3 42.5
 58.2 42.6
 58.1 42.6
 58.2 42.7
 58.3 42.7
 58.4 42.7
 58.6 42.7
 58.6 42.8
 58.8 42.6
 59.0 42.5
 59.2 42.5
 59.3 42.5
 59.3 42.4
 59.3 42.3
 59.4 42.3
 59.5 42.3
 59.7 42.3
 59.8 42.3
 59.9 42.3
 60.0 42.2
 60.1 42.2
 60.0 42.1
 60.0 42.0
 59.9 42.0
 60.1 41.9
 60.2 41.9
 60.3 41.8
 60.1 41.8
 60.1 41.7
 60.2 41.6
 60.1 41.5
 60.1 41.4
 60.3 41.3
 60.5 41.2
 60.7 41.3
 60.8 41.3
 61.0 41.2
 61.1 41.2
 61.2 41.2
 61.3 41.2
 61.4 41.2
 61.4 41.3
 61.6 41.3
 61.9 41.1
 62.0 41.0
 62.0 40.8
 62.0 40.7
 62.1 40.7
 62.1 40.6
 62.2 40.5
 62.3 40.5
 62.4 40.4
 62.4 40.3
 62.4 40.2
 62.4 40.1
 62.4 40.0
 62.6 39.9
 62.8 39.8
 63.0 39.6
 63.5 39.4
 63.7 39.2
 64.2 39.0
 64.3 39.0
 64.5 38.9
 64.7 38.7
 65.0 38.6
 65.3 38.4
 65.6 38.3
 65.7 38.2
 65.8 38.3
 65.9 38.3
 66.0 38.2
 66.1 38.2
 66.2 38.2
 66.3 38.2
 66.3 38.1
 66.4 38.0
 66.6 38.0
 66.7 38.0
 66.7 37.9
 66.6 37.8
 66.5 37.8
 66.5 37.7
 66.5 37.5
 66.6 37.5
 66.5 37.4
 66.6 37.4
 66.7 37.3
 66.7 37.4
 67.0 37.4
 67.2 37.2
 67.3 37.2
 67.4 37.2
 67.5 37.3
 67.6 37.2
 67.8 37.2
 67.8 37.3
 67.8 37.4
 67.9 37.5
 67.9 37.6
 68.1 37.8
 68.2 37.9
 68.3 38.0
 68.4 38.1
 68.4 38.2
 68.3 38.3
 68.2 38.3
 68.2 38.4
 68.1 38.4
 68.1 38.5
 68.1 38.6
 68.1 38.7
 68.1 38.8
 68.2 38.8
 68.2 38.9
 68.1 39.0
 68.0 39.0
 67.9 39.0
 67.7 39.0
 67.7 39.1
 67.6 39.2
 67.5 39.2
 67.4 39.2
 67.4 39.3
 67.4 39.5
 67.5 39.5
 67.5 39.6
 67.6 39.6
 67.7 39.6
 67.8 39.6
 68.1 39.6
 68.4 39.5
 68.5 39.5
 68.5 39.6
 68.6 39.6
 68.6 39.7
 68.6 39.9
 68.7 39.8
 68.7 39.9
 68.8 39.8
 68.8 39.9
 68.8 40.0
 68.9 39.9
 68.8 40.0
 68.8 40.1
 68.8 40.0
 68.9 40.1
 69.0 40.1
 68.9 40.1
 68.7 40.1
 68.6 40.2
 68.8 40.2
 68.9 40.2
 69.0 40.2
 69.1 40.2
 69.2 40.2
 69.3 40.2
 69.2 40.3
 69.3 40.3
 69.3 40.5
 69.2 40.6
 69.3 40.6
 69.3 40.7
 69.4 40.8
 69.5 40.8
 69.7 40.6
 69.8 40.7
 70.1 40.8
 70.2 40.9
 70.3 40.9
 70.4 41.0
 70.4 41.1
 70.5 41.0
 70.7 40.8
 70.6 40.8
 70.7 40.8
 70.8 40.8
 70.8 40.7
 70.6 40.6
 70.5 40.5
 70.4 40.5
 70.3 40.4
 70.4 40.4
 70.5 40.4
 70.6 40.3
 70.6 40.2
 70.7 40.2
 70.9 40.2
 71.0 40.2
 71.0 40.3
 71.1 40.3
 71.2 40.3
 71.3 40.3
 71.4 40.3
 71.5 40.3
 71.5 40.2
 71.6 40.2
 71.6 40.3
 71.7 40.3
 71.7 40.2
 71.7 40.1
 71.8 40.2
 71.9 40.3
 72.0 40.2
 72.0 40.3
 72.0 40.2
 72.0 40.3
 72.1 40.4
 72.2 40.5
 72.3 40.5
 72.3 40.4
 72.2 40.4
 72.3 40.4
 72.4 40.4
 72.5 40.5
 72.4 40.5
 72.4 40.6
 72.5 40.6
 72.6 40.5
 72.7 40.5
 72.7 40.6
 72.8 40.6
 72.8 40.7
 72.9 40.7
 73.1 40.8
 73.2 40.8
 73.1 40.8
 73.0 40.9
 72.9 40.8
 72.9 40.9
 72.7 40.9
 72.6 40.9
 72.6 41.0
 72.5 41.0
 72.4 41.0
 72.4 41.1
 72.3 41.0
 72.2 41.0
 72.2 41.1
 72.2 41.2
 72.1 41.2
 72.0 41.2
 71.9 41.2
 71.9 41.3
 71.8 41.5
 71.7 41.4
 71.7 41.5
 71.7 41.4
 71.7 41.5
 71.7 41.6
 71.6 41.6
 71.6 41.5
 71.7 41.4
 71.6 41.3
 71.4 41.3
 71.4 41.1
 71.3 41.2
 71.3 41.1
 71.3 41.2
 71.2 41.2
 71.2 41.1
 71.2 41.2
 71.1 41.2
 70.9 41.2
 70.8 41.3
 70.8 41.2
 70.8 41.4
 70.7 41.5
 70.5 41.4
 70.4 41.5
 70.2 41.5
 70.2 41.6
 70.5 41.7
 70.5 41.8
 70.7 41.9
 70.8 41.9
 70.9 42.0
 71.0 42.0
 71.1 42.1
 71.2 42.1
 71.3 42.2
 71.1 42.3
 71.0 42.3
 70.9 42.2
 70.8 42.2
 70.7 42.1
 70.6 42.0
 70.5 42.0
 70.5 42.1
 70.4 42.1
 70.3 42.0
 70.2 41.9
 70.1 41.8
 70.0 41.8
 69.9 41.7
 69.8 41.7
 69.6 41.7
 69.5 41.6
 69.4 41.6
 69.4 41.5
 69.3 41.5
 69.2 41.5
 69.2 41.4
 69.1 41.4
 69.1 41.2
 69.0 41.2
 68.9 41.2
 68.9 41.1
 68.8 41.1
 68.7 41.0
 68.6 40.9
 68.6 40.7
 68.7 40.7
 68.6 40.6
 68.5 40.6
 68.2 40.7
 68.1 40.8
 68.0 40.8
 68.1 40.9
 68.1 41.0
 68.2 41.0
 68.1 41.1
 68.1 41.0
 68.1 41.1
 68.0 41.0
 68.0 41.1
 67.9 41.2
 67.8 41.2
 67.5 41.2
 67.1 41.1
 66.9 41.2
 66.7 41.2
 66.6 41.7
 66.5 42.0
 66.0 42.0
 66.0 42.4
 66.1 42.4
 66.1 43.0
 65.8 42.9
 65.5 43.3
 65.3 43.4
 64.9 43.7
 64.5 43.5
 64.0 43.6
 63.2 43.6
 62.0 43.5
 61.1 44.2
 61.0 44.4
 61.0 44.3
 61.1 44.2
 61.0 44.2
 61.0 44.3
 61.0 44.2
 60.9 44.2
 60.9 44.1
 60.8 44.0
 60.7 44.0
 60.7 43.9
 60.8 43.9
 60.9 43.9
 60.9 43.8
 61.0 43.8
 61.0 43.7
 60.9 43.7
 60.9 43.6
 60.8 43.6
 60.8 43.7
 60.8 43.6
 60.6 43.6
 60.5 43.6
 60.4 43.6
 60.2 43.6
 60.2 43.5
 60.1 43.5
 59.8 43.4
 59.7 43.4
 59.8 43.4
 59.7 43.5
 59.7 43.6
 59.8 43.6
 59.5 43.7
 59.5 43.8
 59.4 43.7
 59.3 43.8
 59.2 43.8
 59.1 43.7
 59.0 43.8
 58.9 43.9
 58.7 43.9
 58.9 43.9
 58.8 43.9
 58.8 43.8
 58.9 43.8
 59.0 43.8
 59.0 43.7
 58.7 43.7
 58.4 43.6
 58.3 43.8
 58.4 44.2
 58.2 44.3
 58.2 44.5
 58.3 44.6
 58.2 44.7
 58.2 44.9
 58.4 45.3
 58.5 45.4
 58.6 45.6
 

58.6 45.6
 56.0 45.0
 56.0 41.3
 56.7 41.3
 56.8 41.3
 57.0 41.3
 57.1 41.3
 57.2 41.4
 57.1 41.4
 57.0 41.5
 57.0 41.6
 57.0 41.7
 57.0 41.8
 57.0 41.9
 57.1 41.9
 57.2 42.1
 57.4 42.2
 57.5 42.2
 57.7 42.2
 57.8 42.2
 57.9 42.2
 57.8 42.2
 57.9 42.3
 58.0 42.4
 57.9 42.4
 58.0 42.5
 58.1 42.5
 58.2 42.5
 58.3 42.4
 58.4 42.4
 58.4 42.3
 58.5 42.3
 58.4 42.4
 58.3 42.5
 58.2 42.6
 58.1 42.6
 58.2 42.7
 58.3 42.7
 58.4 42.7
 58.6 42.7
 58.6 42.8
 58.8 42.6
 59.0 42.5
 59.2 42.5
 59.3 42.5
 59.3 42.4
 59.3 42.3
 59.4 42.3
 59.5 42.3
 59.7 42.3
 59.8 42.3
 59.9 42.3
 60.0 42.2
 60.1 42.2
 60.0 42.1
 60.0 42.0
 59.9 42.0
 60.1 41.9
 60.2 41.9
 60.3 41.8
 60.1 41.8
 60.1 41.7
 60.2 41.6
 60.1 41.5
 60.1 41.4
 60.3 41.3
 60.5 41.2
 60.7 41.3
 60.8 41.3
 61.0 41.2
 61.1 41.2
 61.2 41.2
 61.3 41.2
 61.4 41.2
 61.4 41.3
 61.6 41.3
 61.9 41.1
 62.0 41.0
 62.0 40.8
 62.0 40.7
 62.1 40.7
 62.1 40.6
 62.2 40.5
 62.3 40.5
 62.4 40.4
 62.4 40.3
 62.4 40.2
 62.4 40.1
 62.4 40.0
 62.6 39.9
 62.8 39.8
 63.0 39.6
 63.5 39.4
 63.7 39.2
 64.2 39.0
 64.3 39.0
 64.5 38.9
 64.7 38.7
 65.0 38.6
 65.3 38.4
 65.6 38.3
 65.7 38.2
 65.8 38.3
 65.9 38.3
 66.0 38.2
 66.1 38.2
 66.2 38.2
 66.3 38.2
 66.3 38.1
 66.4 38.0
 66.6 38.0
 66.7 38.0
 66.7 37.9
 66.6 37.8
 66.5 37.8
 66.5 37.7
 66.5 37.5
 66.6 37.5
 66.5 37.4
 66.6 37.4
 66.7 37.3
 66.7 37.4
 67.0 37.4
 67.2 37.2
 67.3 37.2
 67.4 37.2
 67.5 37.3
 67.6 37.2
 67.8 37.2
 67.8 37.3
 67.8 37.4
 67.9 37.5
 67.9 37.6
 68.1 37.8
 68.2 37.9
 68.3 38.0
 68.4 38.1
 68.4 38.2
 68.3 38.3
 68.2 38.3
 68.2 38.4
 68.1 38.4
 68.1 38.5
 68.1 38.6
 68.1 38.7
 68.1 38.8
 68.2 38.8
 68.2 38.9
 68.1 39.0
 68.0 39.0
 67.9 39.0
 67.7 39.0
 67.7 39.1
 67.6 39.2
 67.5 39.2
 67.4 39.2
 67.4 39.3
 67.4 39.5
 67.5 39.5
 67.5 39.6
 67.6 39.6
 67.7 39.6
 67.8 39.6
 68.1 39.6
 68.4 39.5
 68.5 39.5
 68.5 39.6
 68.6 39.6
 68.6 39.7
 68.6 39.9
 68.7 39.8
 68.7 39.9
 68.8 39.8
 68.8 39.9
 68.8 40.0
 68.9 39.9
 68.8 40.0
 68.8 40.1
 68.8 40.0
 68.9 40.1
 69.0 40.1
 68.9 40.1
 68.7 40.1
 68.6 40.2
 68.8 40.2
 68.9 40.2
 69.0 40.2
 69.1 40.2
 69.2 40.2
 69.3 40.2
 69.2 40.3
 69.3 40.3
 69.3 40.5
 69.2 40.6
 69.3 40.6
 69.3 40.7
 69.4 40.8
 69.5 40.8
 69.7 40.6
 69.8 40.7
 70.1 40.8
 70.2 40.9
 70.3 40.9
 70.4 41.0
 70.4 41.1
 70.5 41.0
 70.7 40.8
 70.6 40.8
 70.7 40.8
 70.8 40.8
 70.8 40.7
 70.6 40.6
 70.5 40.5
 70.4 40.5
 70.3 40.4
 70.4 40.4
 70.5 40.4
 70.6 40.3
 70.6 40.2
 70.7 40.2
 70.9 40.2
 71.0 40.2
 71.0 40.3
 71.1 40.3
 71.2 40.3
 71.3 40.3
 71.4 40.3
 71.5 40.3
 71.5 40.2
 71.6 40.2
 71.6 40.3
 71.7 40.3
 71.7 40.2
 71.7 40.1
 71.8 40.2
 71.9 40.3
 72.0 40.2
 72.0 40.3
 72.0 40.2
 72.0 40.3
 72.1 40.4
 72.2 40.5
 72.3 40.5
 72.3 40.4
 72.2 40.4
 72.3 40.4
 72.4 40.4
 72.5 40.5
 72.4 40.5
 72.4 40.6
 72.5 40.6
 72.6 40.5
 72.7 40.5
 72.7 40.6
 72.8 40.6
 72.8 40.7
 72.9 40.7
 73.1 40.8
 73.2 40.8
 73.1 40.8
 73.0 40.9
 72.9 40.8
 72.9 40.9
 72.7 40.9
 72.6 40.9
 72.6 41.0
 72.5 41.0
 72.4 41.0
 72.4 41.1
 72.3 41.0
 72.2 41.0
 72.2 41.1
 72.2 41.2
 72.1 41.2
 72.0 41.2
 71.9 41.2
 71.9 41.3
 71.8 41.5
 71.7 41.4
 71.7 41.5
 71.7 41.4
 71.7 41.5
 71.7 41.6
 71.6 41.6
 71.6 41.5
 71.7 41.4
 71.6 41.3
 71.4 41.3
 71.4 41.1
 71.3 41.2
 71.3 41.1
 71.3 41.2
 71.2 41.2
 71.2 41.1
 71.2 41.2
 71.1 41.2
 70.9 41.2
 70.8 41.3
 70.8 41.2
 70.8 41.4
 70.7 41.5
 70.5 41.4
 70.4 41.5
 70.2 41.5
 70.2 41.6
 70.5 41.7
 70.5 41.8
 70.7 41.9
 70.8 41.9
 70.9 42.0
 71.0 42.0
 71.1 42.1
 71.2 42.1
 71.3 42.2
 71.1 42.3
 71.0 42.3
 70.9 42.2
 70.8 42.2
 70.7 42.1
 70.6 42.0
 70.5 42.0
 70.5 42.1
 70.4 42.1
 70.3 42.0
 70.2 41.9
 70.1 41.8
 70.0 41.8
 69.9 41.7
 69.8 41.7
 69.6 41.7
 69.5 41.6
 69.4 41.6
 69.4 41.5
 69.3 41.5
 69.2 41.5
 69.2 41.4
 69.1 41.4
 69.1 41.2
 69.0 41.2
 68.9 41.2
 68.9 41.1
 68.8 41.1
 68.7 41.0
 68.6 40.9
 68.6 40.7
 68.7 40.7
 68.6 40.6
 68.5 40.6
 68.2 40.7
 68.1 40.8
 68.0 40.8
 68.1 40.9
 68.1 41.0
 68.2 41.0
 68.1 41.1
 68.1 41.0
 68.1 41.1
 68.0 41.0
 68.0 41.1
 67.9 41.2
 67.8 41.2
 67.5 41.2
 67.1 41.1
 66.9 41.2
 66.7 41.2
 66.6 41.7
 66.5 42.0
 66.0 42.0
 66.0 42.4
 66.1 42.4
 66.1 43.0
 65.8 42.9
 65.5 43.3
 65.3 43.4
 64.9 43.7
 64.5 43.5
 64.0 43.6
 63.2 43.6
 62.0 43.5
 61.1 44.2
 61.0 44.4
 61.0 44.3
 61.1 44.2
 61.0 44.2
 61.0 44.3
 61.0 44.2
 60.9 44.2
 60.9 44.1
 60.8 44.0
 60.7 44.0
 60.7 43.9
 60.8 43.9
 60.9 43.9
 60.9 43.8
 61.0 43.8
 61.0 43.7
 60.9 43.7
 60.9 43.6
 60.8 43.6
 60.8 43.7
 60.8 43.6
 60.6 43.6
 60.5 43.6
 60.4 43.6
 60.2 43.6
 60.2 43.5
 60.1 43.5
 59.8 43.4
 59.7 43.4
 59.8 43.4
 59.7 43.5
 59.7 43.6
 59.8 43.6
 59.5 43.7
 59.5 43.8
 59.4 43.7
 59.3 43.8
 59.2 43.8
 59.1 43.7
 59.0 43.8
 58.9 43.9
 58.7 43.9
 58.9 43.9
 58.8 43.9
 58.8 43.8
 58.9 43.8
 59.0 43.8
 59.0 43.7
 58.7 43.7
 58.4 43.6
 58.3 43.8
 58.4 44.2
 58.2 44.3
 58.2 44.5
 58.3 44.6
 58.2 44.7
 58.2 44.9
 58.4 45.3
 58.5 45.4
 58.6 45.6
 

