104.4 10.4
 104.5 10.4
 104.5 10.3
 104.6 10.3
 104.6 10.1
 104.7 10.2
 104.8 10.2
 104.9 10.1
 105.0 10.1
 105.1 10.0
 105.1 9.9
 105.0 9.9
 104.9 9.8
 104.8 9.6
 104.8 9.2
 104.8 8.9
 104.8 8.8
 104.9 8.8
 104.9 8.7
 104.8 8.7
 104.9 8.7
 104.8 8.7
 104.7 8.6
 104.9 8.6
 105.1 8.6
 105.3 8.8
 105.5 9.1
 105.6 9.2
 105.9 9.3
 106.2 9.4
 106.2 9.5
 106.1 9.8
 105.9 10.0
 105.8 10.0
 106.0 9.9
 106.2 9.7
 106.4 9.5
 106.5 9.5
 106.6 9.6
 106.6 9.7
 106.4 9.9
 106.2 10.1
 106.1 10.2
 106.2 10.2
 106.4 10.0
 106.6 9.8
 106.7 9.8
 106.7 9.9
 106.6 10.0
 106.5 10.0
 106.3 10.2
 106.4 10.2
 106.5 10.0
 106.6 10.0
 106.8 10.1
 106.7 10.2
 106.4 10.3
 106.7 10.3
 106.8 10.3
 106.8 10.4
 106.7 10.5
 106.6 10.4
 106.6 10.5
 106.6 10.4
 106.7 10.5
 106.8 10.7
 106.9 10.6
 107.0 10.5
 107.0 10.6
 107.0 10.5
 107.2 10.5
 107.2 10.4
 107.3 10.4
 107.5 10.5
 107.7 10.6
 108.0 10.7
 108.1 10.9
 108.2 10.9
 108.3 10.9
 108.4 11.0
 108.5 11.0
 108.5 11.1
 108.6 11.2
 108.7 11.2
 108.8 11.3
 108.9 11.3
 109.0 11.3
 109.0 11.4
 109.0 11.6
 109.1 11.6
 109.2 11.7
 109.2 11.9
 109.2 11.8
 109.1 11.8
 109.1 11.9
 109.2 11.9
 109.2 12.0
 109.2 12.1
 109.2 11.9
 109.3 11.9
 109.3 12.0
 109.2 12.0
 109.2 12.2
 109.2 12.4
 109.3 12.3
 109.3 12.4
 109.2 12.5
 109.2 12.6
 109.3 12.8
 109.4 12.7
 109.4 12.6
 109.4 12.7
 109.4 12.8
 109.5 12.9
 109.4 12.9
 109.3 13.1
 109.3 13.2
 109.3 13.3
 109.2 13.4
 109.2 13.5
 109.3 13.5
 109.3 13.4
 109.3 13.5
 109.2 13.6
 109.3 13.6
 109.2 13.6
 109.2 13.9
 109.3 13.8
 109.3 13.7
 109.3 13.9
 109.2 14.2
 109.2 14.1
 109.1 14.4
 109.1 14.6
 109.1 14.7
 109.0 14.9
 108.9 15.2
 108.9 15.3
 108.8 15.4
 108.7 15.5
 108.7 15.4
 108.6 15.5
 108.7 15.5
 108.6 15.5
 108.5 15.7
 108.4 15.9
 108.3 16.0
 108.3 16.1
 108.2 16.2
 108.2 16.0
 108.2 16.1
 108.1 16.1
 108.2 16.2
 108.1 16.3
 108.0 16.3
 107.9 16.4
 107.9 16.3
 107.8 16.3
 107.8 16.4
 107.7 16.5
 107.6 16.5
 107.5 16.6
 107.4 16.6
 107.5 16.7
 107.6 16.6
 107.3 16.8
 107.2 16.9
 107.1 17.0
 107.1 17.1
 106.9 17.2
 106.7 17.4
 106.5 17.7
 106.4 17.7
 106.5 17.7
 106.4 17.8
 106.5 17.9
 106.5 18.0
 106.4 18.1
 106.2 18.2
 106.1 18.3
 105.9 18.5
 105.8 18.6
 105.8 18.7
 105.7 18.7
 105.8 18.8
 105.6 18.9
 105.6 19.0
 105.7 19.1
 105.7 19.2
 105.8 19.3
 105.8 19.4
 105.8 19.6
 105.9 19.7
 105.9 19.8
 106.0 19.9
 106.0 20.0
 106.1 20.0
 106.2 20.0
 106.3 20.1
 106.4 20.2
 106.5 20.2
 106.6 20.3
 106.5 20.3
 106.6 20.3
 106.6 20.4
 106.6 20.5
 106.6 20.6
 106.7 20.7
 106.8 20.7
 106.7 20.9
 106.8 20.9
 106.7 21.0
 106.8 21.0
 106.8 20.9
 106.9 20.9
 106.9 21.0
 107.0 20.9
 107.0 21.0
 107.1 21.0
 107.2 20.9
 107.2 21.0
 107.4 21.0
 107.4 21.2
 107.4 21.3
 107.5 21.3
 107.6 21.3
 107.8 21.4
 107.8 21.5
 107.9 21.5
 107.9 21.4
 108.0 21.5
 108.0 21.4
 108.1 21.5
 108.0 21.5
 107.9 21.6
 107.8 21.7
 107.7 21.6
 107.5 21.6
 107.5 21.7
 107.4 21.6
 107.3 21.7
 107.2 21.7
 107.0 21.8
 107.0 21.9
 106.7 22.0
 106.7 22.1
 106.7 22.3
 106.6 22.3
 106.6 22.4
 106.6 22.6
 106.7 22.6
 106.8 22.8
 106.7 22.9
 106.6 22.9
 106.3 22.9
 106.2 23.0
 106.1 23.0
 105.9 22.9
 105.8 23.0
 105.6 23.1
 105.6 23.2
 105.5 23.2
 105.3 23.4
 105.2 23.3
 105.1 23.2
 104.8 23.1
 104.9 22.9
 104.7 22.8
 104.6 22.8
 104.4 22.7
 104.3 22.7
 104.3 22.8
 104.1 22.8
 104.0 22.7
 104.0 22.5
 103.9 22.6
 103.7 22.8
 103.6 22.7
 103.6 22.6
 103.5 22.6
 103.4 22.8
 103.3 22.8
 103.3 22.7
 103.2 22.6
 103.2 22.5
 103.1 22.5
 103.1 22.4
 103.0 22.4
 102.9 22.5
 102.9 22.6
 102.7 22.7
 102.6 22.7
 102.5 22.8
 102.4 22.7
 102.4 22.6
 102.3 22.5
 102.3 22.4
 102.2 22.4
 102.1 22.4
 102.3 22.2
 102.4 22.1
 102.5 22.0
 102.6 21.9
 102.7 21.7
 102.8 21.7
 102.8 21.8
 102.9 21.8
 102.9 21.7
 103.0 21.7
 103.0 21.5
 102.9 21.4
 102.9 21.5
 102.9 21.3
 102.8 21.3
 102.9 21.2
 103.0 21.1
 103.2 20.9
 103.4 20.8
 103.7 20.7
 103.8 20.7
 103.8 20.8
 104.1 21.0
 104.3 20.8
 104.6 20.7
 104.6 20.5
 104.5 20.5
 104.4 20.5
 104.4 20.4
 104.5 20.4
 104.6 20.4
 104.7 20.3
 104.7 20.2
 104.9 20.2
 105.0 20.0
 104.9 19.9
 104.8 19.9
 104.8 19.8
 104.7 19.7
 104.6 19.6
 104.5 19.6
 104.4 19.7
 104.3 19.7
 104.2 19.7
 104.1 19.7
 104.0 19.7
 104.0 19.6
 104.1 19.5
 104.1 19.4
 104.0 19.4
 103.9 19.3
 104.0 19.3
 104.2 19.1
 104.5 19.0
 104.7 18.8
 105.0 18.7
 105.1 18.7
 105.2 18.6
 105.1 18.6
 105.1 18.5
 105.1 18.4
 105.2 18.4
 105.2 18.3
 105.4 18.2
 105.5 18.2
 105.6 17.9
 105.7 17.7
 105.8 17.7
 105.9 17.6
 106.0 17.4
 106.2 17.3
 106.3 17.2
 106.3 17.3
 106.3 17.2
 106.4 17.1
 106.5 17.0
 106.6 17.0
 106.6 16.9
 106.6 16.6
 106.7 16.5
 106.7 16.4
 106.8 16.5
 106.9 16.5
 106.9 16.4
 107.0 16.3
 107.1 16.3
 107.2 16.2
 107.3 16.1
 107.5 16.1
 107.5 16.0
 107.4 15.9
 107.2 15.9
 107.2 15.8
 107.3 15.7
 107.5 15.5
 107.6 15.3
 107.7 15.3
 107.6 15.0
 107.5 15.0
 107.6 14.9
 107.5 14.8
 107.5 14.7
 107.5 14.6
 107.5 14.4
 107.4 14.4
 107.4 14.3
 107.4 14.0
 107.5 13.9
 107.5 13.8
 107.6 13.5
 107.6 13.4
 107.5 13.0
 107.5 12.9
 107.6 12.8
 107.6 12.5
 107.5 12.4
 107.4 12.3
 107.3 12.3
 107.2 12.3
 107.0 12.1
 106.8 12.1
 106.7 12.0
 106.5 12.0
 106.4 12.0
 106.5 11.9
 106.4 11.8
 106.5 11.7
 106.2 11.7
 106.0 11.8
 106.0 11.6
 105.8 11.6
 105.9 11.4
 105.9 11.3
 106.1 11.1
 106.2 11.1
 106.2 11.0
 106.1 10.9
 106.2 10.8
 106.0 10.9
 105.9 10.8
 105.9 10.9
 105.8 11.0
 105.5 11.0
 105.4 11.0
 105.4 10.8
 105.1 11.0
 105.0 10.9
 105.1 10.8
 105.1 10.7
 104.9 10.5
 104.8 10.5
 104.6 10.5
 104.4 10.4
 

104.4 10.4
 104.5 10.4
 104.5 10.3
 104.6 10.3
 104.6 10.1
 104.7 10.2
 104.8 10.2
 104.9 10.1
 105.0 10.1
 105.1 10.0
 105.1 9.9
 105.0 9.9
 104.9 9.8
 104.8 9.6
 104.8 9.2
 104.8 8.9
 104.8 8.8
 104.9 8.8
 104.9 8.7
 104.8 8.7
 104.9 8.7
 104.8 8.7
 104.7 8.6
 104.9 8.6
 105.1 8.6
 105.3 8.8
 105.5 9.1
 105.6 9.2
 105.9 9.3
 106.2 9.4
 106.2 9.5
 106.1 9.8
 105.9 10.0
 105.8 10.0
 106.0 9.9
 106.2 9.7
 106.4 9.5
 106.5 9.5
 106.6 9.6
 106.6 9.7
 106.4 9.9
 106.2 10.1
 106.1 10.2
 106.2 10.2
 106.4 10.0
 106.6 9.8
 106.7 9.8
 106.7 9.9
 106.6 10.0
 106.5 10.0
 106.3 10.2
 106.4 10.2
 106.5 10.0
 106.6 10.0
 106.8 10.1
 106.7 10.2
 106.4 10.3
 106.7 10.3
 106.8 10.3
 106.8 10.4
 106.7 10.5
 106.6 10.4
 106.6 10.5
 106.6 10.4
 106.7 10.5
 106.8 10.7
 106.9 10.6
 107.0 10.5
 107.0 10.6
 107.0 10.5
 107.2 10.5
 107.2 10.4
 107.3 10.4
 107.5 10.5
 107.7 10.6
 108.0 10.7
 108.1 10.9
 108.2 10.9
 108.3 10.9
 108.4 11.0
 108.5 11.0
 108.5 11.1
 108.6 11.2
 108.7 11.2
 108.8 11.3
 108.9 11.3
 109.0 11.3
 109.0 11.4
 109.0 11.6
 109.1 11.6
 109.2 11.7
 109.2 11.9
 109.2 11.8
 109.1 11.8
 109.1 11.9
 109.2 11.9
 109.2 12.0
 109.2 12.1
 109.2 11.9
 109.3 11.9
 109.3 12.0
 109.2 12.0
 109.2 12.2
 109.2 12.4
 109.3 12.3
 109.3 12.4
 109.2 12.5
 109.2 12.6
 109.3 12.8
 109.4 12.7
 109.4 12.6
 109.4 12.7
 109.4 12.8
 109.5 12.9
 109.4 12.9
 109.3 13.1
 109.3 13.2
 109.3 13.3
 109.2 13.4
 109.2 13.5
 109.3 13.5
 109.3 13.4
 109.3 13.5
 109.2 13.6
 109.3 13.6
 109.2 13.6
 109.2 13.9
 109.3 13.8
 109.3 13.7
 109.3 13.9
 109.2 14.2
 109.2 14.1
 109.1 14.4
 109.1 14.6
 109.1 14.7
 109.0 14.9
 108.9 15.2
 108.9 15.3
 108.8 15.4
 108.7 15.5
 108.7 15.4
 108.6 15.5
 108.7 15.5
 108.6 15.5
 108.5 15.7
 108.4 15.9
 108.3 16.0
 108.3 16.1
 108.2 16.2
 108.2 16.0
 108.2 16.1
 108.1 16.1
 108.2 16.2
 108.1 16.3
 108.0 16.3
 107.9 16.4
 107.9 16.3
 107.8 16.3
 107.8 16.4
 107.7 16.5
 107.6 16.5
 107.5 16.6
 107.4 16.6
 107.5 16.7
 107.6 16.6
 107.3 16.8
 107.2 16.9
 107.1 17.0
 107.1 17.1
 106.9 17.2
 106.7 17.4
 106.5 17.7
 106.4 17.7
 106.5 17.7
 106.4 17.8
 106.5 17.9
 106.5 18.0
 106.4 18.1
 106.2 18.2
 106.1 18.3
 105.9 18.5
 105.8 18.6
 105.8 18.7
 105.7 18.7
 105.8 18.8
 105.6 18.9
 105.6 19.0
 105.7 19.1
 105.7 19.2
 105.8 19.3
 105.8 19.4
 105.8 19.6
 105.9 19.7
 105.9 19.8
 106.0 19.9
 106.0 20.0
 106.1 20.0
 106.2 20.0
 106.3 20.1
 106.4 20.2
 106.5 20.2
 106.6 20.3
 106.5 20.3
 106.6 20.3
 106.6 20.4
 106.6 20.5
 106.6 20.6
 106.7 20.7
 106.8 20.7
 106.7 20.9
 106.8 20.9
 106.7 21.0
 106.8 21.0
 106.8 20.9
 106.9 20.9
 106.9 21.0
 107.0 20.9
 107.0 21.0
 107.1 21.0
 107.2 20.9
 107.2 21.0
 107.4 21.0
 107.4 21.2
 107.4 21.3
 107.5 21.3
 107.6 21.3
 107.8 21.4
 107.8 21.5
 107.9 21.5
 107.9 21.4
 108.0 21.5
 108.0 21.4
 108.1 21.5
 108.0 21.5
 107.9 21.6
 107.8 21.7
 107.7 21.6
 107.5 21.6
 107.5 21.7
 107.4 21.6
 107.3 21.7
 107.2 21.7
 107.0 21.8
 107.0 21.9
 106.7 22.0
 106.7 22.1
 106.7 22.3
 106.6 22.3
 106.6 22.4
 106.6 22.6
 106.7 22.6
 106.8 22.8
 106.7 22.9
 106.6 22.9
 106.3 22.9
 106.2 23.0
 106.1 23.0
 105.9 22.9
 105.8 23.0
 105.6 23.1
 105.6 23.2
 105.5 23.2
 105.3 23.4
 105.2 23.3
 105.1 23.2
 104.8 23.1
 104.9 22.9
 104.7 22.8
 104.6 22.8
 104.4 22.7
 104.3 22.7
 104.3 22.8
 104.1 22.8
 104.0 22.7
 104.0 22.5
 103.9 22.6
 103.7 22.8
 103.6 22.7
 103.6 22.6
 103.5 22.6
 103.4 22.8
 103.3 22.8
 103.3 22.7
 103.2 22.6
 103.2 22.5
 103.1 22.5
 103.1 22.4
 103.0 22.4
 102.9 22.5
 102.9 22.6
 102.7 22.7
 102.6 22.7
 102.5 22.8
 102.4 22.7
 102.4 22.6
 102.3 22.5
 102.3 22.4
 102.2 22.4
 102.1 22.4
 102.3 22.2
 102.4 22.1
 102.5 22.0
 102.6 21.9
 102.7 21.7
 102.8 21.7
 102.8 21.8
 102.9 21.8
 102.9 21.7
 103.0 21.7
 103.0 21.5
 102.9 21.4
 102.9 21.5
 102.9 21.3
 102.8 21.3
 102.9 21.2
 103.0 21.1
 103.2 20.9
 103.4 20.8
 103.7 20.7
 103.8 20.7
 103.8 20.8
 104.1 21.0
 104.3 20.8
 104.6 20.7
 104.6 20.5
 104.5 20.5
 104.4 20.5
 104.4 20.4
 104.5 20.4
 104.6 20.4
 104.7 20.3
 104.7 20.2
 104.9 20.2
 105.0 20.0
 104.9 19.9
 104.8 19.9
 104.8 19.8
 104.7 19.7
 104.6 19.6
 104.5 19.6
 104.4 19.7
 104.3 19.7
 104.2 19.7
 104.1 19.7
 104.0 19.7
 104.0 19.6
 104.1 19.5
 104.1 19.4
 104.0 19.4
 103.9 19.3
 104.0 19.3
 104.2 19.1
 104.5 19.0
 104.7 18.8
 105.0 18.7
 105.1 18.7
 105.2 18.6
 105.1 18.6
 105.1 18.5
 105.1 18.4
 105.2 18.4
 105.2 18.3
 105.4 18.2
 105.5 18.2
 105.6 17.9
 105.7 17.7
 105.8 17.7
 105.9 17.6
 106.0 17.4
 106.2 17.3
 106.3 17.2
 106.3 17.3
 106.3 17.2
 106.4 17.1
 106.5 17.0
 106.6 17.0
 106.6 16.9
 106.6 16.6
 106.7 16.5
 106.7 16.4
 106.8 16.5
 106.9 16.5
 106.9 16.4
 107.0 16.3
 107.1 16.3
 107.2 16.2
 107.3 16.1
 107.5 16.1
 107.5 16.0
 107.4 15.9
 107.2 15.9
 107.2 15.8
 107.3 15.7
 107.5 15.5
 107.6 15.3
 107.7 15.3
 107.6 15.0
 107.5 15.0
 107.6 14.9
 107.5 14.8
 107.5 14.7
 107.5 14.6
 107.5 14.4
 107.4 14.4
 107.4 14.3
 107.4 14.0
 107.5 13.9
 107.5 13.8
 107.6 13.5
 107.6 13.4
 107.5 13.0
 107.5 12.9
 107.6 12.8
 107.6 12.5
 107.5 12.4
 107.4 12.3
 107.3 12.3
 107.2 12.3
 107.0 12.1
 106.8 12.1
 106.7 12.0
 106.5 12.0
 106.4 12.0
 106.5 11.9
 106.4 11.8
 106.5 11.7
 106.2 11.7
 106.0 11.8
 106.0 11.6
 105.8 11.6
 105.9 11.4
 105.9 11.3
 106.1 11.1
 106.2 11.1
 106.2 11.0
 106.1 10.9
 106.2 10.8
 106.0 10.9
 105.9 10.8
 105.9 10.9
 105.8 11.0
 105.5 11.0
 105.4 11.0
 105.4 10.8
 105.1 11.0
 105.0 10.9
 105.1 10.8
 105.1 10.7
 104.9 10.5
 104.8 10.5
 104.6 10.5
 104.4 10.4
 

