42.8 16.4
 42.8 16.3
 42.8 15.9
 42.7 15.7
 42.7 15.6
 42.8 15.5
 42.8 15.2
 42.7 15.4
 42.7 15.2
 42.6 15.2
 42.7 15.2
 42.9 15.1
 42.9 14.8
 43.0 14.7
 43.0 14.6
 43.0 14.4
 43.1 14.2
 43.1 14.0
 43.2 13.8
 43.3 13.6
 43.2 13.4
 43.2 13.3
 43.5 12.9
 43.5 12.8
 43.5 12.7
 43.6 12.8
 43.9 12.7
 43.9 12.6
 44.1 12.6
 44.2 12.7
 44.1 12.6
 44.3 12.6
 44.5 12.7
 44.5 12.8
 44.6 12.8
 44.7 12.8
 44.7 12.7
 44.8 12.8
 44.9 12.7
 44.9 12.8
 45.0 12.9
 45.0 12.8
 45.1 12.8
 45.1 12.9
 45.2 13.0
 45.4 13.1
 45.6 13.3
 46.0 13.4
 46.6 13.4
 46.8 13.5
 47.1 13.6
 47.4 13.6
 47.8 13.9
 48.0 14.0
 48.1 14.0
 48.3 14.0
 48.4 14.0
 48.5 14.0
 48.7 14.0
 49.0 14.3
 49.1 14.5
 49.2 14.5
 49.6 14.8
 50.0 14.8
 50.3 14.9
 50.5 15.0
 51.0 15.1
 51.5 15.3
 51.7 15.3
 51.7 15.4
 51.8 15.5
 52.2 15.7
 52.2 16.0
 52.3 16.2
 52.5 16.4
 52.7 16.5
 53.1 16.6
 52.7 17.1
 52.7 17.3
 52.6 17.5
 51.9 18.5
 52.0 19.0
 47.5 17.6
 45.6 15.1
 44.5 17.4
 44.3 17.4
 44.2 17.4
 44.1 17.3
 44.0 17.4
 44.0 17.3
 43.9 17.3
 43.9 17.4
 43.8 17.3
 43.7 17.4
 43.5 17.5
 43.4 17.5
 43.3 17.4
 43.2 17.3
 43.3 17.3
 43.2 17.2
 43.2 16.8
 43.2 16.7
 43.1 16.7
 43.1 16.5
 42.8 16.4
 

42.8 16.4
 42.8 16.3
 42.8 15.9
 42.7 15.7
 42.7 15.6
 42.8 15.5
 42.8 15.2
 42.7 15.4
 42.7 15.2
 42.6 15.2
 42.7 15.2
 42.9 15.1
 42.9 14.8
 43.0 14.7
 43.0 14.6
 43.0 14.4
 43.1 14.2
 43.1 14.0
 43.2 13.8
 43.3 13.6
 43.2 13.4
 43.2 13.3
 43.5 12.9
 43.5 12.8
 43.5 12.7
 43.6 12.8
 43.9 12.7
 43.9 12.6
 44.1 12.6
 44.2 12.7
 44.1 12.6
 44.3 12.6
 44.5 12.7
 44.5 12.8
 44.6 12.8
 44.7 12.8
 44.7 12.7
 44.8 12.8
 44.9 12.7
 44.9 12.8
 45.0 12.9
 45.0 12.8
 45.1 12.8
 45.1 12.9
 45.2 13.0
 45.4 13.1
 45.6 13.3
 46.0 13.4
 46.6 13.4
 46.8 13.5
 47.1 13.6
 47.4 13.6
 47.8 13.9
 48.0 14.0
 48.1 14.0
 48.3 14.0
 48.4 14.0
 48.5 14.0
 48.7 14.0
 49.0 14.3
 49.1 14.5
 49.2 14.5
 49.6 14.8
 50.0 14.8
 50.3 14.9
 50.5 15.0
 51.0 15.1
 51.5 15.3
 51.7 15.3
 51.7 15.4
 51.8 15.5
 52.2 15.7
 52.2 16.0
 52.3 16.2
 52.5 16.4
 52.7 16.5
 53.1 16.6
 52.7 17.1
 52.7 17.3
 52.6 17.5
 51.9 18.5
 52.0 19.0
 47.5 17.6
 45.6 15.1
 44.5 17.4
 44.3 17.4
 44.2 17.4
 44.1 17.3
 44.0 17.4
 44.0 17.3
 43.9 17.3
 43.9 17.4
 43.8 17.3
 43.7 17.4
 43.5 17.5
 43.4 17.5
 43.3 17.4
 43.2 17.3
 43.3 17.3
 43.2 17.2
 43.2 16.8
 43.2 16.7
 43.1 16.7
 43.1 16.5
 42.8 16.4
 

