19.4 41.8
 19.6 41.8
 19.6 41.6
 19.5 41.6
 19.4 41.6
 19.5 41.6
 19.5 41.5
 19.4 41.4
 19.4 41.3
 19.5 41.3
 19.4 41.0
 19.5 41.0
 19.5 40.9
 19.4 40.9
 19.3 40.6
 19.4 40.6
 19.5 40.6
 19.4 40.5
 19.5 40.4
 19.5 40.3
 19.4 40.3
 19.3 40.4
 19.5 40.2
 19.8 40.1
 20.0 39.8
 20.0 39.7
 20.3 39.7
 20.3 39.8
 20.4 39.8
 20.4 39.9
 20.3 40.0
 20.4 40.0
 20.4 40.1
 20.5 40.1
 20.6 40.1
 20.7 40.1
 20.8 40.4
 20.8 40.5
 20.9 40.5
 21.1 40.6
 21.1 40.7
 21.0 40.7
 21.0 40.8
 21.0 40.9
 20.9 40.9
 20.8 40.9
 20.7 40.9
 20.7 41.1
 20.6 41.1
 20.5 41.3
 20.6 41.4
 20.5 41.6
 20.6 41.6
 20.5 41.7
 20.6 41.9
 20.5 42.2
 20.4 42.3
 20.3 42.3
 20.2 42.5
 20.1 42.6
 19.8 42.5
 19.7 42.5
 19.8 42.6
 19.7 42.7
 19.6 42.6
 19.5 42.4
 19.4 42.3
 19.3 42.2
 19.4 42.1
 19.4 42.0
 19.4 41.8
 

19.4 41.8
 19.6 41.8
 19.6 41.6
 19.5 41.6
 19.4 41.6
 19.5 41.6
 19.5 41.5
 19.4 41.4
 19.4 41.3
 19.5 41.3
 19.4 41.0
 19.5 41.0
 19.5 40.9
 19.4 40.9
 19.3 40.6
 19.4 40.6
 19.5 40.6
 19.4 40.5
 19.5 40.4
 19.5 40.3
 19.4 40.3
 19.3 40.4
 19.5 40.2
 19.8 40.1
 20.0 39.8
 20.0 39.7
 20.3 39.7
 20.3 39.8
 20.4 39.8
 20.4 39.9
 20.3 40.0
 20.4 40.0
 20.4 40.1
 20.5 40.1
 20.6 40.1
 20.7 40.1
 20.8 40.4
 20.8 40.5
 20.9 40.5
 21.1 40.6
 21.1 40.7
 21.0 40.7
 21.0 40.8
 21.0 40.9
 20.9 40.9
 20.8 40.9
 20.7 40.9
 20.7 41.1
 20.6 41.1
 20.5 41.3
 20.6 41.4
 20.5 41.6
 20.6 41.6
 20.5 41.7
 20.6 41.9
 20.5 42.2
 20.4 42.3
 20.3 42.3
 20.2 42.5
 20.1 42.6
 19.8 42.5
 19.7 42.5
 19.8 42.6
 19.7 42.7
 19.6 42.6
 19.5 42.4
 19.4 42.3
 19.3 42.2
 19.4 42.1
 19.4 42.0
 19.4 41.8
 

