9.6 47.5
 9.6 47.5
 9.7 47.5
 9.7 47.4
 9.6 47.4
 9.5 47.3
 9.6 47.3
 9.6 47.2
 9.6 47.1
 9.6 47.0
 9.9 47.0
 10.1 46.9
 10.2 46.9
 10.3 47.0
 10.4 47.0
 10.5 46.9
 10.6 46.8
 10.7 46.9
 10.8 46.8
 10.7 46.8
 11.0 46.8
 11.2 47.0
 11.3 47.0
 11.4 47.0
 11.6 47.0
 11.8 47.0
 12.2 47.1
 12.2 47.0
 12.1 47.0
 12.1 46.9
 12.3 46.9
 12.3 46.8
 12.4 46.8
 12.4 46.7
 12.9 46.6
 13.4 46.6
 13.7 46.5
 14.1 46.5
 14.2 46.4
 14.4 46.4
 14.6 46.4
 14.8 46.5
 14.9 46.6
 15.1 46.7
 15.5 46.6
 15.6 46.7
 16.0 46.7
 16.0 46.8
 16.1 46.9
 16.3 47.0
 16.5 47.0
 16.5 47.1
 16.5 47.2
 16.5 47.1
 16.4 47.3
 16.5 47.3
 16.5 47.4
 16.6 47.5
 16.7 47.5
 16.6 47.6
 16.4 47.7
 16.5 47.7
 16.6 47.8
 16.7 47.7
 16.8 47.7
 17.1 47.7
 17.1 47.8
 17.0 47.9
 17.1 47.9
 17.1 48.0
 17.2 48.0
 17.1 48.1
 17.0 48.2
 16.9 48.3
 16.8 48.4
 16.9 48.4
 16.9 48.5
 16.9 48.6
 16.9 48.7
 16.8 48.7
 16.7 48.8
 16.5 48.8
 16.4 48.7
 16.1 48.8
 16.0 48.8
 15.8 48.9
 15.3 49.0
 15.2 48.9
 15.2 49.0
 15.0 49.0
 15.0 48.8
 14.8 48.8
 14.7 48.6
 14.5 48.6
 14.4 48.6
 14.0 48.6
 14.0 48.7
 13.8 48.8
 13.8 48.7
 13.7 48.5
 13.5 48.6
 13.4 48.6
 13.4 48.4
 12.9 48.2
 12.8 48.1
 13.0 47.9
 12.9 47.8
 12.9 47.7
 13.1 47.7
 13.1 47.6
 13.1 47.5
 13.0 47.5
 12.8 47.6
 12.8 47.7
 12.5 47.6
 12.4 47.7
 12.2 47.7
 12.3 47.7
 12.2 47.7
 12.2 47.6
 11.9 47.6
 11.6 47.6
 11.6 47.5
 11.4 47.5
 11.2 47.4
 11.1 47.4
 11.0 47.4
 11.0 47.5
 10.9 47.5
 10.8 47.5
 10.7 47.6
 10.6 47.5
 10.5 47.6
 10.4 47.6
 10.5 47.4
 10.3 47.3
 10.2 47.3
 10.2 47.4
 10.1 47.4
 10.1 47.5
 10.0 47.5
 9.9 47.5
 9.8 47.6
 9.7 47.5
 9.6 47.5
 

9.6 47.5
 9.6 47.5
 9.7 47.5
 9.7 47.4
 9.6 47.4
 9.5 47.3
 9.6 47.3
 9.6 47.2
 9.6 47.1
 9.6 47.0
 9.9 47.0
 10.1 46.9
 10.2 46.9
 10.3 47.0
 10.4 47.0
 10.5 46.9
 10.6 46.8
 10.7 46.9
 10.8 46.8
 10.7 46.8
 11.0 46.8
 11.2 47.0
 11.3 47.0
 11.4 47.0
 11.6 47.0
 11.8 47.0
 12.2 47.1
 12.2 47.0
 12.1 47.0
 12.1 46.9
 12.3 46.9
 12.3 46.8
 12.4 46.8
 12.4 46.7
 12.9 46.6
 13.4 46.6
 13.7 46.5
 14.1 46.5
 14.2 46.4
 14.4 46.4
 14.6 46.4
 14.8 46.5
 14.9 46.6
 15.1 46.7
 15.5 46.6
 15.6 46.7
 16.0 46.7
 16.0 46.8
 16.1 46.9
 16.3 47.0
 16.5 47.0
 16.5 47.1
 16.5 47.2
 16.5 47.1
 16.4 47.3
 16.5 47.3
 16.5 47.4
 16.6 47.5
 16.7 47.5
 16.6 47.6
 16.4 47.7
 16.5 47.7
 16.6 47.8
 16.7 47.7
 16.8 47.7
 17.1 47.7
 17.1 47.8
 17.0 47.9
 17.1 47.9
 17.1 48.0
 17.2 48.0
 17.1 48.1
 17.0 48.2
 16.9 48.3
 16.8 48.4
 16.9 48.4
 16.9 48.5
 16.9 48.6
 16.9 48.7
 16.8 48.7
 16.7 48.8
 16.5 48.8
 16.4 48.7
 16.1 48.8
 16.0 48.8
 15.8 48.9
 15.3 49.0
 15.2 48.9
 15.2 49.0
 15.0 49.0
 15.0 48.8
 14.8 48.8
 14.7 48.6
 14.5 48.6
 14.4 48.6
 14.0 48.6
 14.0 48.7
 13.8 48.8
 13.8 48.7
 13.7 48.5
 13.5 48.6
 13.4 48.6
 13.4 48.4
 12.9 48.2
 12.8 48.1
 13.0 47.9
 12.9 47.8
 12.9 47.7
 13.1 47.7
 13.1 47.6
 13.1 47.5
 13.0 47.5
 12.8 47.6
 12.8 47.7
 12.5 47.6
 12.4 47.7
 12.2 47.7
 12.3 47.7
 12.2 47.7
 12.2 47.6
 11.9 47.6
 11.6 47.6
 11.6 47.5
 11.4 47.5
 11.2 47.4
 11.1 47.4
 11.0 47.4
 11.0 47.5
 10.9 47.5
 10.8 47.5
 10.7 47.6
 10.6 47.5
 10.5 47.6
 10.4 47.6
 10.5 47.4
 10.3 47.3
 10.2 47.3
 10.2 47.4
 10.1 47.4
 10.1 47.5
 10.0 47.5
 9.9 47.5
 9.8 47.6
 9.7 47.5
 9.6 47.5
 

