19.0 44.9
 18.8 44.9
 18.8 45.0
 18.7 45.0
 18.7 45.1
 18.6 45.1
 18.5 45.1
 18.5 45.0
 18.5 45.1
 18.4 45.1
 18.3 45.1
 18.2 45.1
 18.1 45.1
 18.0 45.1
 18.0 45.2
 18.0 45.1
 17.9 45.1
 17.9 45.0
 17.7 45.1
 17.6 45.1
 17.5 45.1
 17.4 45.2
 17.4 45.1
 17.3 45.2
 17.2 45.1
 17.1 45.2
 17.0 45.2
 16.9 45.2
 16.9 45.3
 16.8 45.2
 16.6 45.2
 16.5 45.2
 16.5 45.1
 16.4 45.1
 16.4 45.0
 16.3 45.0
 16.2 45.0
 16.2 45.1
 16.1 45.1
 16.1 45.2
 16.0 45.2
 15.9 45.2
 15.8 45.2
 15.8 45.1
 15.8 45.0
 15.8 44.9
 15.7 44.8
 15.8 44.8
 15.9 44.7
 16.0 44.7
 16.0 44.6
 16.1 44.5
 16.2 44.4
 16.2 44.3
 16.2 44.2
 16.1 44.2
 16.2 44.2
 16.3 44.2
 16.4 44.1
 16.4 44.0
 16.5 44.0
 16.7 43.9
 16.7 43.8
 16.8 43.7
 17.0 43.6
 17.1 43.5
 17.3 43.5
 17.3 43.4
 17.3 43.3
 17.4 43.2
 17.5 43.2
 17.6 43.1
 17.7 43.0
 17.6 42.9
 17.7 42.9
 17.8 42.9
 17.9 42.8
 18.0 42.8
 18.1 42.8
 18.3 42.6
 18.4 42.6
 18.5 42.6
 18.6 42.6
 18.6 42.7
 18.5 42.7
 18.5 42.8
 18.5 42.9
 18.5 43.0
 18.6 43.0
 18.7 43.1
 18.6 43.1
 18.7 43.2
 18.7 43.3
 18.9 43.3
 18.8 43.3
 18.9 43.4
 19.0 43.3
 19.0 43.2
 19.1 43.2
 19.1 43.3
 19.0 43.4
 19.0 43.5
 18.9 43.5
 19.0 43.5
 19.0 43.6
 19.1 43.5
 19.2 43.5
 19.3 43.5
 19.3 43.6
 19.4 43.6
 19.5 43.6
 19.5 43.7
 19.5 43.8
 19.3 44.0
 19.2 44.0
 19.4 44.0
 19.5 44.0
 19.6 44.0
 19.6 44.1
 19.5 44.1
 19.5 44.2
 19.4 44.1
 19.4 44.2
 19.3 44.3
 19.2 44.3
 19.1 44.4
 19.1 44.5
 19.2 44.5
 19.2 44.6
 19.3 44.7
 19.3 44.8
 19.4 44.8
 19.4 44.9
 19.3 44.9
 19.2 44.9
 19.0 44.9
 

19.0 44.9
 18.8 44.9
 18.8 45.0
 18.7 45.0
 18.7 45.1
 18.6 45.1
 18.5 45.1
 18.5 45.0
 18.5 45.1
 18.4 45.1
 18.3 45.1
 18.2 45.1
 18.1 45.1
 18.0 45.1
 18.0 45.2
 18.0 45.1
 17.9 45.1
 17.9 45.0
 17.7 45.1
 17.6 45.1
 17.5 45.1
 17.4 45.2
 17.4 45.1
 17.3 45.2
 17.2 45.1
 17.1 45.2
 17.0 45.2
 16.9 45.2
 16.9 45.3
 16.8 45.2
 16.6 45.2
 16.5 45.2
 16.5 45.1
 16.4 45.1
 16.4 45.0
 16.3 45.0
 16.2 45.0
 16.2 45.1
 16.1 45.1
 16.1 45.2
 16.0 45.2
 15.9 45.2
 15.8 45.2
 15.8 45.1
 15.8 45.0
 15.8 44.9
 15.7 44.8
 15.8 44.8
 15.9 44.7
 16.0 44.7
 16.0 44.6
 16.1 44.5
 16.2 44.4
 16.2 44.3
 16.2 44.2
 16.1 44.2
 16.2 44.2
 16.3 44.2
 16.4 44.1
 16.4 44.0
 16.5 44.0
 16.7 43.9
 16.7 43.8
 16.8 43.7
 17.0 43.6
 17.1 43.5
 17.3 43.5
 17.3 43.4
 17.3 43.3
 17.4 43.2
 17.5 43.2
 17.6 43.1
 17.7 43.0
 17.6 42.9
 17.7 42.9
 17.8 42.9
 17.9 42.8
 18.0 42.8
 18.1 42.8
 18.3 42.6
 18.4 42.6
 18.5 42.6
 18.6 42.6
 18.6 42.7
 18.5 42.7
 18.5 42.8
 18.5 42.9
 18.5 43.0
 18.6 43.0
 18.7 43.1
 18.6 43.1
 18.7 43.2
 18.7 43.3
 18.9 43.3
 18.8 43.3
 18.9 43.4
 19.0 43.3
 19.0 43.2
 19.1 43.2
 19.1 43.3
 19.0 43.4
 19.0 43.5
 18.9 43.5
 19.0 43.5
 19.0 43.6
 19.1 43.5
 19.2 43.5
 19.3 43.5
 19.3 43.6
 19.4 43.6
 19.5 43.6
 19.5 43.7
 19.5 43.8
 19.3 44.0
 19.2 44.0
 19.4 44.0
 19.5 44.0
 19.6 44.0
 19.6 44.1
 19.5 44.1
 19.5 44.2
 19.4 44.1
 19.4 44.2
 19.3 44.3
 19.2 44.3
 19.1 44.4
 19.1 44.5
 19.2 44.5
 19.2 44.6
 19.3 44.7
 19.3 44.8
 19.4 44.8
 19.4 44.9
 19.3 44.9
 19.2 44.9
 19.0 44.9
 

