2.5 51.1
 2.6 50.9
 2.6 50.8
 2.8 50.8
 2.9 50.7
 3.0 50.8
 3.1 50.8
 3.2 50.7
 3.3 50.6
 3.3 50.5
 3.4 50.5
 3.6 50.5
 3.7 50.4
 3.7 50.3
 3.8 50.4
 4.1 50.3
 4.2 50.3
 4.1 50.1
 4.2 50.1
 4.2 50.0
 4.5 49.9
 4.7 50.0
 4.8 50.1
 4.9 50.2
 4.9 50.1
 4.8 50.0
 4.9 49.9
 4.9 49.8
 5.1 49.8
 5.2 49.7
 5.3 49.7
 5.3 49.6
 5.4 49.6
 5.5 49.5
 5.7 49.5
 5.8 49.5
 5.8 49.6
 5.9 49.7
 5.8 49.7
 5.7 49.8
 5.8 49.8
 5.7 49.9
 5.8 50.0
 6.0 50.2
 6.1 50.2
 6.1 50.1
 6.2 50.2
 6.4 50.3
 6.4 50.5
 6.2 50.5
 6.3 50.6
 6.2 50.6
 6.1 50.7
 6.0 50.7
 6.0 50.8
 5.7 50.8
 5.7 50.9
 5.8 50.9
 5.7 51.0
 5.8 51.0
 5.8 51.1
 5.9 51.1
 5.5 51.3
 5.2 51.3
 5.1 51.3
 5.1 51.4
 5.0 51.5
 4.9 51.4
 4.8 51.4
 4.8 51.5
 4.7 51.4
 4.5 51.4
 4.5 51.5
 4.4 51.5
 4.4 51.4
 4.2 51.4
 4.3 51.3
 4.2 51.4
 4.2 51.3
 4.0 51.2
 3.8 51.2
 3.8 51.3
 3.5 51.3
 3.4 51.2
 3.4 51.3
 3.4 51.4
 3.0 51.3
 2.5 51.1
 

2.5 51.1
 2.6 50.9
 2.6 50.8
 2.8 50.8
 2.9 50.7
 3.0 50.8
 3.1 50.8
 3.2 50.7
 3.3 50.6
 3.3 50.5
 3.4 50.5
 3.6 50.5
 3.7 50.4
 3.7 50.3
 3.8 50.4
 4.1 50.3
 4.2 50.3
 4.1 50.1
 4.2 50.1
 4.2 50.0
 4.5 49.9
 4.7 50.0
 4.8 50.1
 4.9 50.2
 4.9 50.1
 4.8 50.0
 4.9 49.9
 4.9 49.8
 5.1 49.8
 5.2 49.7
 5.3 49.7
 5.3 49.6
 5.4 49.6
 5.5 49.5
 5.7 49.5
 5.8 49.5
 5.8 49.6
 5.9 49.7
 5.8 49.7
 5.7 49.8
 5.8 49.8
 5.7 49.9
 5.8 50.0
 6.0 50.2
 6.1 50.2
 6.1 50.1
 6.2 50.2
 6.4 50.3
 6.4 50.5
 6.2 50.5
 6.3 50.6
 6.2 50.6
 6.1 50.7
 6.0 50.7
 6.0 50.8
 5.7 50.8
 5.7 50.9
 5.8 50.9
 5.7 51.0
 5.8 51.0
 5.8 51.1
 5.9 51.1
 5.5 51.3
 5.2 51.3
 5.1 51.3
 5.1 51.4
 5.0 51.5
 4.9 51.4
 4.8 51.4
 4.8 51.5
 4.7 51.4
 4.5 51.4
 4.5 51.5
 4.4 51.5
 4.4 51.4
 4.2 51.4
 4.3 51.3
 4.2 51.4
 4.2 51.3
 4.0 51.2
 3.8 51.2
 3.8 51.3
 3.5 51.3
 3.4 51.2
 3.4 51.3
 3.4 51.4
 3.0 51.3
 2.5 51.1
 

