22.7 44.2
 22.6 44.2
 22.6 44.1
 22.4 44.0
 22.4 43.8
 22.5 43.6
 22.5 43.5
 22.8 43.4
 22.8 43.3
 23.0 43.2
 23.0 43.1
 22.7 42.9
 22.6 42.9
 22.4 42.8
 22.5 42.8
 22.4 42.6
 22.5 42.6
 22.6 42.5
 22.5 42.4
 22.4 42.3
 22.6 42.1
 22.8 42.0
 22.9 41.8
 23.0 41.8
 23.0 41.7
 23.0 41.4
 22.9 41.3
 23.2 41.3
 23.3 41.4
 23.7 41.4
 23.9 41.5
 24.0 41.4
 24.1 41.5
 24.2 41.5
 24.2 41.6
 24.3 41.5
 24.4 41.5
 24.5 41.6
 24.7 41.4
 24.8 41.4
 24.9 41.4
 25.2 41.3
 25.4 41.3
 25.7 41.3
 25.8 41.3
 26.1 41.4
 26.2 41.4
 26.1 41.6
 26.1 41.7
 26.2 41.7
 26.4 41.7
 26.3 41.8
 26.4 41.8
 26.5 41.8
 26.6 42.0
 26.8 42.0
 27.1 42.1
 27.2 42.1
 27.6 41.9
 27.8 42.0
 28.0 42.0
 27.7 42.3
 27.8 42.3
 27.7 42.3
 27.7 42.4
 27.6 42.5
 27.5 42.4
 27.5 42.5
 27.5 42.6
 27.7 42.6
 27.6 42.6
 27.7 42.7
 27.9 42.7
 27.9 42.9
 27.9 43.2
 28.0 43.2
 28.1 43.4
 28.2 43.4
 28.4 43.4
 28.5 43.4
 28.6 43.5
 28.6 43.6
 28.6 43.7
 28.2 43.8
 28.0 43.9
 28.0 44.0
 27.9 44.0
 27.8 44.0
 27.7 44.0
 27.4 44.0
 27.3 44.1
 26.9 44.1
 26.5 44.0
 26.1 44.0
 25.9 43.8
 25.6 43.6
 25.4 43.6
 25.2 43.7
 25.1 43.7
 25.0 43.7
 24.5 43.8
 24.3 43.7
 23.9 43.8
 23.4 43.9
 23.1 43.8
 22.9 43.9
 22.8 43.9
 22.9 44.0
 23.0 44.0
 23.0 44.1
 22.9 44.1
 22.7 44.2
 

22.7 44.2
 22.6 44.2
 22.6 44.1
 22.4 44.0
 22.4 43.8
 22.5 43.6
 22.5 43.5
 22.8 43.4
 22.8 43.3
 23.0 43.2
 23.0 43.1
 22.7 42.9
 22.6 42.9
 22.4 42.8
 22.5 42.8
 22.4 42.6
 22.5 42.6
 22.6 42.5
 22.5 42.4
 22.4 42.3
 22.6 42.1
 22.8 42.0
 22.9 41.8
 23.0 41.8
 23.0 41.7
 23.0 41.4
 22.9 41.3
 23.2 41.3
 23.3 41.4
 23.7 41.4
 23.9 41.5
 24.0 41.4
 24.1 41.5
 24.2 41.5
 24.2 41.6
 24.3 41.5
 24.4 41.5
 24.5 41.6
 24.7 41.4
 24.8 41.4
 24.9 41.4
 25.2 41.3
 25.4 41.3
 25.7 41.3
 25.8 41.3
 26.1 41.4
 26.2 41.4
 26.1 41.6
 26.1 41.7
 26.2 41.7
 26.4 41.7
 26.3 41.8
 26.4 41.8
 26.5 41.8
 26.6 42.0
 26.8 42.0
 27.1 42.1
 27.2 42.1
 27.6 41.9
 27.8 42.0
 28.0 42.0
 27.7 42.3
 27.8 42.3
 27.7 42.3
 27.7 42.4
 27.6 42.5
 27.5 42.4
 27.5 42.5
 27.5 42.6
 27.7 42.6
 27.6 42.6
 27.7 42.7
 27.9 42.7
 27.9 42.9
 27.9 43.2
 28.0 43.2
 28.1 43.4
 28.2 43.4
 28.4 43.4
 28.5 43.4
 28.6 43.5
 28.6 43.6
 28.6 43.7
 28.2 43.8
 28.0 43.9
 28.0 44.0
 27.9 44.0
 27.8 44.0
 27.7 44.0
 27.4 44.0
 27.3 44.1
 26.9 44.1
 26.5 44.0
 26.1 44.0
 25.9 43.8
 25.6 43.6
 25.4 43.6
 25.2 43.7
 25.1 43.7
 25.0 43.7
 24.5 43.8
 24.3 43.7
 23.9 43.8
 23.4 43.9
 23.1 43.8
 22.9 43.9
 22.8 43.9
 22.9 44.0
 23.0 44.0
 23.0 44.1
 22.9 44.1
 22.7 44.2
 

