23.5 53.9
 23.5 53.9
 23.7 53.5
 23.9 53.2
 23.9 52.9
 23.9 52.7
 23.6 52.6
 23.4 52.5
 23.2 52.3
 23.2 52.2
 23.3 52.2
 23.5 52.1
 23.6 52.1
 23.7 52.0
 23.6 51.9
 23.6 51.8
 23.6 51.7
 23.5 51.6
 23.6 51.5
 23.6 51.6
 23.7 51.6
 23.8 51.7
 23.9 51.6
 24.0 51.6
 24.3 51.7
 24.3 51.8
 24.4 51.9
 24.9 51.9
 25.2 52.0
 25.4 51.9
 25.5 51.9
 25.7 51.9
 25.8 51.9
 26.0 51.9
 26.1 51.9
 26.2 51.9
 26.4 51.9
 26.4 51.8
 26.5 51.8
 26.6 51.8
 26.9 51.7
 27.0 51.8
 27.2 51.8
 27.2 51.7
 27.3 51.7
 27.3 51.6
 27.4 51.6
 27.5 51.6
 27.7 51.6
 27.7 51.5
 27.8 51.5
 27.8 51.6
 27.9 51.6
 28.0 51.6
 28.1 51.6
 28.2 51.6
 28.3 51.7
 28.3 51.6
 28.4 51.5
 28.5 51.6
 28.6 51.6
 28.7 51.5
 28.7 51.4
 28.7 51.5
 28.7 51.4
 28.8 51.4
 28.8 51.5
 28.8 51.6
 28.9 51.6
 29.0 51.6
 29.1 51.6
 29.2 51.6
 29.2 51.5
 29.3 51.5
 29.2 51.5
 29.3 51.4
 29.4 51.4
 29.5 51.4
 29.5 51.5
 29.6 51.5
 29.7 51.5
 29.8 51.4
 29.9 51.4
 29.9 51.5
 30.0 51.5
 30.2 51.5
 30.3 51.4
 30.4 51.4
 30.3 51.3
 30.4 51.3
 30.5 51.3
 30.6 51.3
 30.6 51.4
 30.6 51.5
 30.5 51.6
 30.6 51.6
 30.6 51.7
 30.6 51.8
 30.7 51.8
 30.7 51.9
 30.8 51.9
 30.9 52.0
 31.0 52.0
 30.9 52.0
 30.9 52.1
 31.0 52.1
 31.2 52.1
 31.3 52.0
 31.3 52.1
 31.4 52.1
 31.8 52.1
 31.8 52.2
 31.7 52.2
 31.7 52.3
 31.6 52.3
 31.6 52.4
 31.6 52.5
 31.6 52.6
 31.7 52.6
 31.6 52.6
 31.5 52.7
 31.6 52.7
 31.6 52.8
 31.5 52.8
 31.5 52.9
 31.4 52.9
 31.4 53.0
 31.3 53.0
 31.3 53.1
 31.4 53.1
 31.4 53.2
 31.6 53.2
 31.8 53.2
 31.8 53.1
 31.9 53.1
 32.0 53.1
 32.1 53.1
 32.2 53.1
 32.3 53.1
 32.4 53.2
 32.5 53.3
 32.6 53.3
 32.7 53.3
 32.7 53.4
 32.7 53.5
 32.6 53.5
 32.4 53.6
 32.5 53.7
 32.4 53.7
 32.3 53.8
 32.2 53.8
 32.1 53.8
 31.9 53.8
 31.8 53.8
 31.8 53.9
 31.9 54.0
 31.8 54.1
 31.7 54.1
 31.6 54.1
 31.5 54.1
 31.3 54.2
 31.3 54.3
 31.3 54.4
 31.2 54.5
 31.1 54.5
 31.1 54.6
 31.2 54.6
 31.0 54.7
 30.8 54.8
 30.8 54.9
 30.9 55.0
 31.0 55.0
 30.9 55.0
 31.0 55.0
 31.0 55.1
 30.9 55.2
 30.9 55.3
 30.8 55.3
 30.9 55.4
 30.9 55.5
 30.9 55.6
 30.8 55.6
 30.7 55.7
 30.6 55.7
 30.5 55.8
 30.3 55.8
 30.2 55.9
 30.1 55.8
 30.0 55.9
 29.9 55.9
 29.9 55.8
 29.8 55.8
 29.7 55.8
 29.6 55.8
 29.5 55.7
 29.4 55.8
 29.4 55.9
 29.5 55.9
 29.4 56.0
 29.1 56.0
 28.9 56.0
 28.8 55.9
 28.7 56.0
 28.6 56.1
 28.5 56.1
 28.4 56.1
 28.3 56.0
 28.2 56.2
 28.1 56.2
 28.1 56.1
 27.9 56.1
 27.8 56.0
 27.6 55.9
 27.6 55.8
 27.4 55.8
 27.3 55.8
 27.2 55.8
 27.0 55.8
 26.9 55.8
 26.9 55.7
 26.7 55.7
 26.6 55.7
 26.6 55.6
 26.5 55.5
 26.6 55.5
 26.5 55.4
 26.5 55.3
 26.6 55.3
 26.8 55.3
 26.7 55.2
 26.6 55.2
 26.6 55.1
 26.5 55.2
 26.5 55.1
 26.3 55.1
 26.2 55.1
 26.2 55.0
 25.9 54.9
 25.8 54.9
 25.8 54.8
 25.7 54.8
 25.7 54.7
 25.8 54.6
 25.6 54.5
 25.6 54.4
 25.5 54.3
 25.6 54.3
 25.7 54.3
 25.8 54.3
 25.8 54.2
 25.7 54.2
 25.7 54.1
 25.5 54.1
 25.5 54.2
 25.6 54.2
 25.5 54.3
 25.4 54.3
 25.2 54.3
 25.2 54.2
 25.1 54.1
 25.0 54.1
 25.0 54.2
 24.8 54.1
 24.8 54.0
 24.7 54.0
 24.6 54.0
 24.4 53.9
 24.3 53.9
 24.2 54.0
 24.1 53.9
 24.0 53.9
 23.9 54.0
 23.8 53.9
 23.7 53.9
 23.6 53.9
 23.5 53.9
 

23.5 53.9
 23.5 53.9
 23.7 53.5
 23.9 53.2
 23.9 52.9
 23.9 52.7
 23.6 52.6
 23.4 52.5
 23.2 52.3
 23.2 52.2
 23.3 52.2
 23.5 52.1
 23.6 52.1
 23.7 52.0
 23.6 51.9
 23.6 51.8
 23.6 51.7
 23.5 51.6
 23.6 51.5
 23.6 51.6
 23.7 51.6
 23.8 51.7
 23.9 51.6
 24.0 51.6
 24.3 51.7
 24.3 51.8
 24.4 51.9
 24.9 51.9
 25.2 52.0
 25.4 51.9
 25.5 51.9
 25.7 51.9
 25.8 51.9
 26.0 51.9
 26.1 51.9
 26.2 51.9
 26.4 51.9
 26.4 51.8
 26.5 51.8
 26.6 51.8
 26.9 51.7
 27.0 51.8
 27.2 51.8
 27.2 51.7
 27.3 51.7
 27.3 51.6
 27.4 51.6
 27.5 51.6
 27.7 51.6
 27.7 51.5
 27.8 51.5
 27.8 51.6
 27.9 51.6
 28.0 51.6
 28.1 51.6
 28.2 51.6
 28.3 51.7
 28.3 51.6
 28.4 51.5
 28.5 51.6
 28.6 51.6
 28.7 51.5
 28.7 51.4
 28.7 51.5
 28.7 51.4
 28.8 51.4
 28.8 51.5
 28.8 51.6
 28.9 51.6
 29.0 51.6
 29.1 51.6
 29.2 51.6
 29.2 51.5
 29.3 51.5
 29.2 51.5
 29.3 51.4
 29.4 51.4
 29.5 51.4
 29.5 51.5
 29.6 51.5
 29.7 51.5
 29.8 51.4
 29.9 51.4
 29.9 51.5
 30.0 51.5
 30.2 51.5
 30.3 51.4
 30.4 51.4
 30.3 51.3
 30.4 51.3
 30.5 51.3
 30.6 51.3
 30.6 51.4
 30.6 51.5
 30.5 51.6
 30.6 51.6
 30.6 51.7
 30.6 51.8
 30.7 51.8
 30.7 51.9
 30.8 51.9
 30.9 52.0
 31.0 52.0
 30.9 52.0
 30.9 52.1
 31.0 52.1
 31.2 52.1
 31.3 52.0
 31.3 52.1
 31.4 52.1
 31.8 52.1
 31.8 52.2
 31.7 52.2
 31.7 52.3
 31.6 52.3
 31.6 52.4
 31.6 52.5
 31.6 52.6
 31.7 52.6
 31.6 52.6
 31.5 52.7
 31.6 52.7
 31.6 52.8
 31.5 52.8
 31.5 52.9
 31.4 52.9
 31.4 53.0
 31.3 53.0
 31.3 53.1
 31.4 53.1
 31.4 53.2
 31.6 53.2
 31.8 53.2
 31.8 53.1
 31.9 53.1
 32.0 53.1
 32.1 53.1
 32.2 53.1
 32.3 53.1
 32.4 53.2
 32.5 53.3
 32.6 53.3
 32.7 53.3
 32.7 53.4
 32.7 53.5
 32.6 53.5
 32.4 53.6
 32.5 53.7
 32.4 53.7
 32.3 53.8
 32.2 53.8
 32.1 53.8
 31.9 53.8
 31.8 53.8
 31.8 53.9
 31.9 54.0
 31.8 54.1
 31.7 54.1
 31.6 54.1
 31.5 54.1
 31.3 54.2
 31.3 54.3
 31.3 54.4
 31.2 54.5
 31.1 54.5
 31.1 54.6
 31.2 54.6
 31.0 54.7
 30.8 54.8
 30.8 54.9
 30.9 55.0
 31.0 55.0
 30.9 55.0
 31.0 55.0
 31.0 55.1
 30.9 55.2
 30.9 55.3
 30.8 55.3
 30.9 55.4
 30.9 55.5
 30.9 55.6
 30.8 55.6
 30.7 55.7
 30.6 55.7
 30.5 55.8
 30.3 55.8
 30.2 55.9
 30.1 55.8
 30.0 55.9
 29.9 55.9
 29.9 55.8
 29.8 55.8
 29.7 55.8
 29.6 55.8
 29.5 55.7
 29.4 55.8
 29.4 55.9
 29.5 55.9
 29.4 56.0
 29.1 56.0
 28.9 56.0
 28.8 55.9
 28.7 56.0
 28.6 56.1
 28.5 56.1
 28.4 56.1
 28.3 56.0
 28.2 56.2
 28.1 56.2
 28.1 56.1
 27.9 56.1
 27.8 56.0
 27.6 55.9
 27.6 55.8
 27.4 55.8
 27.3 55.8
 27.2 55.8
 27.0 55.8
 26.9 55.8
 26.9 55.7
 26.7 55.7
 26.6 55.7
 26.6 55.6
 26.5 55.5
 26.6 55.5
 26.5 55.4
 26.5 55.3
 26.6 55.3
 26.8 55.3
 26.7 55.2
 26.6 55.2
 26.6 55.1
 26.5 55.2
 26.5 55.1
 26.3 55.1
 26.2 55.1
 26.2 55.0
 25.9 54.9
 25.8 54.9
 25.8 54.8
 25.7 54.8
 25.7 54.7
 25.8 54.6
 25.6 54.5
 25.6 54.4
 25.5 54.3
 25.6 54.3
 25.7 54.3
 25.8 54.3
 25.8 54.2
 25.7 54.2
 25.7 54.1
 25.5 54.1
 25.5 54.2
 25.6 54.2
 25.5 54.3
 25.4 54.3
 25.2 54.3
 25.2 54.2
 25.1 54.1
 25.0 54.1
 25.0 54.2
 24.8 54.1
 24.8 54.0
 24.7 54.0
 24.6 54.0
 24.4 53.9
 24.3 53.9
 24.2 54.0
 24.1 53.9
 24.0 53.9
 23.9 54.0
 23.8 53.9
 23.7 53.9
 23.6 53.9
 23.5 53.9
 

