7.6 47.6
 7.5 47.5
 7.4 47.4
 7.2 47.4
 7.2 47.5
 7.0 47.5
 7.0 47.4
 6.9 47.4
 7.0 47.4
 7.1 47.3
 7.0 47.3
 6.9 47.3
 6.7 47.1
 6.7 47.0
 6.6 47.0
 6.4 46.9
 6.5 46.8
 6.3 46.7
 6.1 46.6
 6.1 46.5
 6.1 46.4
 6.1 46.3
 6.0 46.2
 6.0 46.1
 6.2 46.2
 6.3 46.3
 6.2 46.3
 6.2 46.4
 6.3 46.4
 6.6 46.5
 6.8 46.4
 6.8 46.3
 6.8 46.2
 6.8 46.1
 6.9 46.1
 7.0 45.9
 7.1 45.9
 7.4 45.9
 7.6 46.0
 7.7 46.0
 7.9 45.9
 7.9 46.0
 8.0 46.0
 8.2 46.2
 8.1 46.3
 8.4 46.5
 8.5 46.5
 8.5 46.3
 8.4 46.2
 8.7 46.1
 8.8 46.1
 8.9 46.1
 8.8 46.0
 8.9 46.0
 8.9 45.9
 9.0 45.8
 9.1 45.9
 9.0 46.0
 9.1 46.1
 9.3 46.3
 9.3 46.5
 9.4 46.5
 9.5 46.5
 9.5 46.3
 9.6 46.3
 9.7 46.3
 9.7 46.4
 9.9 46.4
 10.0 46.3
 10.1 46.2
 10.2 46.2
 10.2 46.3
 10.1 46.3
 10.2 46.4
 10.1 46.5
 10.1 46.6
 10.2 46.6
 10.3 46.6
 10.4 46.5
 10.5 46.6
 10.4 46.6
 10.4 46.7
 10.4 46.8
 10.5 46.9
 10.4 47.0
 10.3 47.0
 10.2 46.9
 10.1 46.9
 9.9 47.0
 9.6 47.0
 9.5 47.1
 9.5 47.2
 9.5 47.3
 9.6 47.4
 9.7 47.4
 9.7 47.5
 9.6 47.5
 9.3 47.7
 8.9 47.7
 8.8 47.7
 8.7 47.7
 8.7 47.8
 8.6 47.8
 8.4 47.7
 8.6 47.7
 8.6 47.6
 8.5 47.6
 8.3 47.6
 8.2 47.6
 7.9 47.6
 7.8 47.6
 7.7 47.5
 7.6 47.6
 7.7 47.6
 7.6 47.6
 

7.6 47.6
 7.5 47.5
 7.4 47.4
 7.2 47.4
 7.2 47.5
 7.0 47.5
 7.0 47.4
 6.9 47.4
 7.0 47.4
 7.1 47.3
 7.0 47.3
 6.9 47.3
 6.7 47.1
 6.7 47.0
 6.6 47.0
 6.4 46.9
 6.5 46.8
 6.3 46.7
 6.1 46.6
 6.1 46.5
 6.1 46.4
 6.1 46.3
 6.0 46.2
 6.0 46.1
 6.2 46.2
 6.3 46.3
 6.2 46.3
 6.2 46.4
 6.3 46.4
 6.6 46.5
 6.8 46.4
 6.8 46.3
 6.8 46.2
 6.8 46.1
 6.9 46.1
 7.0 45.9
 7.1 45.9
 7.4 45.9
 7.6 46.0
 7.7 46.0
 7.9 45.9
 7.9 46.0
 8.0 46.0
 8.2 46.2
 8.1 46.3
 8.4 46.5
 8.5 46.5
 8.5 46.3
 8.4 46.2
 8.7 46.1
 8.8 46.1
 8.9 46.1
 8.8 46.0
 8.9 46.0
 8.9 45.9
 9.0 45.8
 9.1 45.9
 9.0 46.0
 9.1 46.1
 9.3 46.3
 9.3 46.5
 9.4 46.5
 9.5 46.5
 9.5 46.3
 9.6 46.3
 9.7 46.3
 9.7 46.4
 9.9 46.4
 10.0 46.3
 10.1 46.2
 10.2 46.2
 10.2 46.3
 10.1 46.3
 10.2 46.4
 10.1 46.5
 10.1 46.6
 10.2 46.6
 10.3 46.6
 10.4 46.5
 10.5 46.6
 10.4 46.6
 10.4 46.7
 10.4 46.8
 10.5 46.9
 10.4 47.0
 10.3 47.0
 10.2 46.9
 10.1 46.9
 9.9 47.0
 9.6 47.0
 9.5 47.1
 9.5 47.2
 9.5 47.3
 9.6 47.4
 9.7 47.4
 9.7 47.5
 9.6 47.5
 9.3 47.7
 8.9 47.7
 8.8 47.7
 8.7 47.7
 8.7 47.8
 8.6 47.8
 8.4 47.7
 8.6 47.7
 8.6 47.6
 8.5 47.6
 8.3 47.6
 8.2 47.6
 7.9 47.6
 7.8 47.6
 7.7 47.5
 7.6 47.6
 7.7 47.6
 7.6 47.6
 

