18.8 45.9
 18.9 45.8
 19.0 45.8
 19.0 45.7
 18.9 45.7
 19.0 45.7
 18.9 45.6
 18.9 45.5
 19.0 45.6
 19.0 45.5
 19.1 45.5
 19.0 45.5
 19.0 45.4
 19.0 45.3
 19.1 45.3
 19.2 45.3
 19.3 45.3
 19.3 45.2
 19.4 45.2
 19.3 45.2
 19.2 45.2
 19.2 45.1
 19.1 45.1
 19.1 45.0
 19.1 44.9
 19.0 44.9
 19.2 44.9
 19.3 44.9
 19.4 44.9
 19.4 44.8
 19.3 44.8
 19.3 44.7
 19.2 44.6
 19.2 44.5
 19.1 44.5
 19.1 44.4
 19.2 44.3
 19.3 44.3
 19.4 44.2
 19.4 44.1
 19.5 44.2
 19.5 44.1
 19.6 44.1
 19.6 44.0
 19.5 44.0
 19.4 44.0
 19.2 44.0
 19.3 44.0
 19.5 43.8
 19.5 43.7
 19.5 43.6
 19.4 43.6
 19.3 43.6
 19.3 43.5
 19.2 43.5
 19.1 43.5
 19.0 43.6
 19.0 43.5
 18.9 43.5
 19.0 43.5
 19.0 43.4
 19.1 43.3
 19.1 43.2
 19.0 43.2
 19.0 43.3
 18.9 43.4
 18.8 43.3
 18.9 43.3
 18.7 43.3
 18.7 43.2
 18.6 43.1
 18.7 43.1
 18.6 43.0
 18.5 43.0
 18.5 42.9
 18.5 42.8
 18.5 42.7
 18.6 42.7
 18.6 42.6
 18.5 42.6
 18.5 42.5
 18.5 42.4
 18.5 42.5
 18.6 42.4
 18.7 42.5
 18.7 42.4
 18.6 42.4
 18.7 42.4
 18.8 42.3
 18.9 42.3
 19.1 42.0
 19.4 41.8
 19.4 42.0
 19.4 42.1
 19.3 42.2
 19.4 42.3
 19.5 42.4
 19.6 42.6
 19.7 42.7
 19.8 42.6
 19.7 42.5
 19.8 42.5
 20.1 42.6
 20.2 42.5
 20.3 42.3
 20.4 42.3
 20.5 42.2
 20.6 41.9
 20.7 41.9
 20.8 41.9
 20.8 42.0
 20.8 42.1
 21.0 42.2
 21.1 42.2
 21.2 42.2
 21.2 42.1
 21.3 42.1
 21.3 42.2
 21.4 42.2
 21.5 42.3
 21.6 42.2
 21.6 42.3
 21.7 42.2
 21.8 42.3
 21.9 42.3
 22.0 42.3
 22.1 42.3
 22.2 42.3
 22.3 42.4
 22.4 42.3
 22.5 42.4
 22.6 42.5
 22.5 42.6
 22.4 42.6
 22.5 42.8
 22.4 42.8
 22.6 42.9
 22.7 42.9
 23.0 43.1
 23.0 43.2
 22.8 43.3
 22.8 43.4
 22.5 43.5
 22.5 43.6
 22.4 43.8
 22.4 44.0
 22.6 44.1
 22.6 44.2
 22.7 44.2
 22.5 44.3
 22.5 44.5
 22.6 44.6
 22.7 44.5
 22.8 44.5
 22.8 44.6
 22.4 44.7
 22.3 44.7
 22.2 44.5
 22.1 44.5
 22.0 44.6
 21.6 44.7
 21.6 44.8
 21.4 44.8
 21.4 44.9
 21.6 44.9
 21.4 45.0
 21.5 45.1
 21.5 45.2
 21.1 45.3
 21.0 45.3
 20.8 45.5
 20.8 45.6
 20.8 45.7
 20.8 45.8
 20.7 45.7
 20.6 45.9
 20.4 46.0
 20.3 46.1
 20.1 46.2
 19.8 46.1
 19.7 46.2
 19.6 46.2
 19.2 46.0
 19.1 46.0
 19.0 46.0
 18.8 45.9
 

18.8 45.9
 18.9 45.8
 19.0 45.8
 19.0 45.7
 18.9 45.7
 19.0 45.7
 18.9 45.6
 18.9 45.5
 19.0 45.6
 19.0 45.5
 19.1 45.5
 19.0 45.5
 19.0 45.4
 19.0 45.3
 19.1 45.3
 19.2 45.3
 19.3 45.3
 19.3 45.2
 19.4 45.2
 19.3 45.2
 19.2 45.2
 19.2 45.1
 19.1 45.1
 19.1 45.0
 19.1 44.9
 19.0 44.9
 19.2 44.9
 19.3 44.9
 19.4 44.9
 19.4 44.8
 19.3 44.8
 19.3 44.7
 19.2 44.6
 19.2 44.5
 19.1 44.5
 19.1 44.4
 19.2 44.3
 19.3 44.3
 19.4 44.2
 19.4 44.1
 19.5 44.2
 19.5 44.1
 19.6 44.1
 19.6 44.0
 19.5 44.0
 19.4 44.0
 19.2 44.0
 19.3 44.0
 19.5 43.8
 19.5 43.7
 19.5 43.6
 19.4 43.6
 19.3 43.6
 19.3 43.5
 19.2 43.5
 19.1 43.5
 19.0 43.6
 19.0 43.5
 18.9 43.5
 19.0 43.5
 19.0 43.4
 19.1 43.3
 19.1 43.2
 19.0 43.2
 19.0 43.3
 18.9 43.4
 18.8 43.3
 18.9 43.3
 18.7 43.3
 18.7 43.2
 18.6 43.1
 18.7 43.1
 18.6 43.0
 18.5 43.0
 18.5 42.9
 18.5 42.8
 18.5 42.7
 18.6 42.7
 18.6 42.6
 18.5 42.6
 18.5 42.5
 18.5 42.4
 18.5 42.5
 18.6 42.4
 18.7 42.5
 18.7 42.4
 18.6 42.4
 18.7 42.4
 18.8 42.3
 18.9 42.3
 19.1 42.0
 19.4 41.8
 19.4 42.0
 19.4 42.1
 19.3 42.2
 19.4 42.3
 19.5 42.4
 19.6 42.6
 19.7 42.7
 19.8 42.6
 19.7 42.5
 19.8 42.5
 20.1 42.6
 20.2 42.5
 20.3 42.3
 20.4 42.3
 20.5 42.2
 20.6 41.9
 20.7 41.9
 20.8 41.9
 20.8 42.0
 20.8 42.1
 21.0 42.2
 21.1 42.2
 21.2 42.2
 21.2 42.1
 21.3 42.1
 21.3 42.2
 21.4 42.2
 21.5 42.3
 21.6 42.2
 21.6 42.3
 21.7 42.2
 21.8 42.3
 21.9 42.3
 22.0 42.3
 22.1 42.3
 22.2 42.3
 22.3 42.4
 22.4 42.3
 22.5 42.4
 22.6 42.5
 22.5 42.6
 22.4 42.6
 22.5 42.8
 22.4 42.8
 22.6 42.9
 22.7 42.9
 23.0 43.1
 23.0 43.2
 22.8 43.3
 22.8 43.4
 22.5 43.5
 22.5 43.6
 22.4 43.8
 22.4 44.0
 22.6 44.1
 22.6 44.2
 22.7 44.2
 22.5 44.3
 22.5 44.5
 22.6 44.6
 22.7 44.5
 22.8 44.5
 22.8 44.6
 22.4 44.7
 22.3 44.7
 22.2 44.5
 22.1 44.5
 22.0 44.6
 21.6 44.7
 21.6 44.8
 21.4 44.8
 21.4 44.9
 21.6 44.9
 21.4 45.0
 21.5 45.1
 21.5 45.2
 21.1 45.3
 21.0 45.3
 20.8 45.5
 20.8 45.6
 20.8 45.7
 20.8 45.8
 20.7 45.7
 20.6 45.9
 20.4 46.0
 20.3 46.1
 20.1 46.2
 19.8 46.1
 19.7 46.2
 19.6 46.2
 19.2 46.0
 19.1 46.0
 19.0 46.0
 18.8 45.9
 

