33.0 34.6
 33.0 34.6
 33.1 34.7
 33.3 34.7
 33.6 34.8
 33.6 34.9
 33.7 35.0
 33.8 35.0
 33.9 34.9
 34.0 35.0
 34.1 35.0
 33.9 35.2
 34.2 35.4
 34.5 35.6
 34.6 35.7
 34.4 35.6
 34.0 35.5
 33.6 35.4
 33.3 35.3
 32.9 35.4
 32.9 35.3
 32.9 35.2
 32.8 35.1
 32.7 35.2
 32.6 35.2
 32.4 35.0
 32.3 35.1
 32.3 34.9
 32.4 34.8
 32.5 34.7
 32.7 34.6
 32.9 34.7
 32.9 34.6
 33.0 34.6
 

33.0 34.6
 33.0 34.6
 33.1 34.7
 33.3 34.7
 33.6 34.8
 33.6 34.9
 33.7 35.0
 33.8 35.0
 33.9 34.9
 34.0 35.0
 34.1 35.0
 33.9 35.2
 34.2 35.4
 34.5 35.6
 34.6 35.7
 34.4 35.6
 34.0 35.5
 33.6 35.4
 33.3 35.3
 32.9 35.4
 32.9 35.3
 32.9 35.2
 32.8 35.1
 32.7 35.2
 32.6 35.2
 32.4 35.0
 32.3 35.1
 32.3 34.9
 32.4 34.8
 32.5 34.7
 32.7 34.6
 32.9 34.7
 32.9 34.6
 33.0 34.6
 

