14.8 50.9
 14.8 50.8
 14.6 50.9
 14.7 50.9
 14.6 50.9
 14.6 51.0
 14.5 51.0
 14.3 51.0
 14.4 50.9
 14.0 50.8
 13.9 50.8
 13.9 50.7
 13.6 50.7
 13.5 50.6
 13.4 50.6
 13.3 50.6
 13.2 50.6
 13.2 50.5
 13.0 50.5
 13.0 50.4
 12.9 50.4
 12.8 50.4
 12.5 50.4
 12.4 50.3
 12.3 50.2
 12.3 50.3
 12.1 50.3
 12.1 50.2
 12.2 50.2
 12.2 50.1
 12.4 50.0
 12.5 50.0
 12.5 49.9
 12.5 49.8
 12.4 49.8
 12.4 49.7
 12.5 49.6
 12.7 49.4
 12.9 49.3
 13.0 49.3
 13.2 49.2
 13.2 49.1
 13.4 49.1
 13.4 49.0
 13.5 48.9
 13.5 49.0
 13.6 49.0
 13.7 48.9
 13.8 48.8
 14.0 48.7
 14.0 48.6
 14.4 48.6
 14.5 48.6
 14.7 48.6
 14.8 48.8
 15.0 48.8
 15.0 49.0
 15.2 49.0
 15.2 48.9
 15.3 49.0
 15.8 48.9
 16.0 48.8
 16.1 48.8
 16.4 48.7
 16.5 48.8
 16.7 48.8
 16.8 48.7
 16.9 48.7
 16.9 48.6
 17.0 48.6
 17.0 48.7
 17.0 48.8
 17.1 48.8
 17.2 48.8
 17.2 48.9
 17.3 48.9
 17.3 48.8
 17.4 48.8
 17.5 48.9
 17.5 48.8
 17.6 48.8
 17.6 48.9
 17.7 48.9
 17.8 48.9
 17.9 48.9
 17.9 49.0
 18.0 49.0
 18.1 49.0
 18.1 49.1
 18.2 49.1
 18.1 49.1
 18.2 49.2
 18.2 49.3
 18.3 49.3
 18.4 49.3
 18.4 49.4
 18.5 49.4
 18.5 49.5
 18.6 49.5
 18.7 49.5
 18.8 49.5
 18.9 49.5
 18.8 49.7
 18.6 49.7
 18.5 49.9
 18.4 49.9
 18.2 50.0
 18.1 50.0
 18.0 50.1
 18.0 50.0
 17.9 50.0
 17.8 50.0
 17.8 50.1
 17.6 50.1
 17.6 50.2
 17.8 50.2
 17.7 50.3
 17.4 50.3
 17.2 50.3
 17.0 50.4
 16.9 50.4
 17.0 50.2
 16.8 50.2
 16.7 50.1
 16.6 50.1
 16.5 50.3
 16.2 50.4
 16.3 50.5
 16.4 50.5
 16.4 50.6
 16.3 50.7
 16.2 50.7
 16.2 50.6
 16.1 50.6
 16.0 50.6
 16.0 50.7
 15.9 50.7
 15.8 50.7
 15.5 50.8
 15.3 50.9
 15.3 51.0
 15.2 51.0
 15.1 51.0
 15.0 51.0
 15.0 50.9
 14.8 50.9
 

14.8 50.9
 14.8 50.8
 14.6 50.9
 14.7 50.9
 14.6 50.9
 14.6 51.0
 14.5 51.0
 14.3 51.0
 14.4 50.9
 14.0 50.8
 13.9 50.8
 13.9 50.7
 13.6 50.7
 13.5 50.6
 13.4 50.6
 13.3 50.6
 13.2 50.6
 13.2 50.5
 13.0 50.5
 13.0 50.4
 12.9 50.4
 12.8 50.4
 12.5 50.4
 12.4 50.3
 12.3 50.2
 12.3 50.3
 12.1 50.3
 12.1 50.2
 12.2 50.2
 12.2 50.1
 12.4 50.0
 12.5 50.0
 12.5 49.9
 12.5 49.8
 12.4 49.8
 12.4 49.7
 12.5 49.6
 12.7 49.4
 12.9 49.3
 13.0 49.3
 13.2 49.2
 13.2 49.1
 13.4 49.1
 13.4 49.0
 13.5 48.9
 13.5 49.0
 13.6 49.0
 13.7 48.9
 13.8 48.8
 14.0 48.7
 14.0 48.6
 14.4 48.6
 14.5 48.6
 14.7 48.6
 14.8 48.8
 15.0 48.8
 15.0 49.0
 15.2 49.0
 15.2 48.9
 15.3 49.0
 15.8 48.9
 16.0 48.8
 16.1 48.8
 16.4 48.7
 16.5 48.8
 16.7 48.8
 16.8 48.7
 16.9 48.7
 16.9 48.6
 17.0 48.6
 17.0 48.7
 17.0 48.8
 17.1 48.8
 17.2 48.8
 17.2 48.9
 17.3 48.9
 17.3 48.8
 17.4 48.8
 17.5 48.9
 17.5 48.8
 17.6 48.8
 17.6 48.9
 17.7 48.9
 17.8 48.9
 17.9 48.9
 17.9 49.0
 18.0 49.0
 18.1 49.0
 18.1 49.1
 18.2 49.1
 18.1 49.1
 18.2 49.2
 18.2 49.3
 18.3 49.3
 18.4 49.3
 18.4 49.4
 18.5 49.4
 18.5 49.5
 18.6 49.5
 18.7 49.5
 18.8 49.5
 18.9 49.5
 18.8 49.7
 18.6 49.7
 18.5 49.9
 18.4 49.9
 18.2 50.0
 18.1 50.0
 18.0 50.1
 18.0 50.0
 17.9 50.0
 17.8 50.0
 17.8 50.1
 17.6 50.1
 17.6 50.2
 17.8 50.2
 17.7 50.3
 17.4 50.3
 17.2 50.3
 17.0 50.4
 16.9 50.4
 17.0 50.2
 16.8 50.2
 16.7 50.1
 16.6 50.1
 16.5 50.3
 16.2 50.4
 16.3 50.5
 16.4 50.5
 16.4 50.6
 16.3 50.7
 16.2 50.7
 16.2 50.6
 16.1 50.6
 16.0 50.6
 16.0 50.7
 15.9 50.7
 15.8 50.7
 15.5 50.8
 15.3 50.9
 15.3 51.0
 15.2 51.0
 15.1 51.0
 15.0 51.0
 15.0 50.9
 14.8 50.9
 

