9.5 54.8
 9.4 54.8
 8.9 54.9
 8.7 54.9
 8.6 54.8
 8.7 54.8
 8.8 54.7
 8.9 54.6
 9.0 54.5
 8.9 54.4
 8.7 54.4
 8.6 54.3
 8.8 54.3
 9.0 54.3
 8.9 54.3
 8.8 54.2
 8.8 54.1
 9.0 54.1
 9.0 54.0
 8.9 54.0
 9.0 53.9
 9.4 53.8
 9.4 53.7
 9.5 53.7
 9.5 53.6
 9.7 53.6
 9.8 53.6
 9.8 53.5
 9.6 53.6
 9.4 53.8
 9.3 53.8
 9.1 53.9
 8.9 53.8
 8.7 53.9
 8.6 53.9
 8.5 53.7
 8.5 53.6
 8.6 53.5
 8.5 53.4
 8.5 53.5
 8.3 53.6
 8.2 53.6
 8.2 53.5
 8.3 53.5
 8.3 53.4
 8.2 53.4
 8.1 53.5
 8.2 53.5
 8.2 53.6
 8.1 53.6
 8.0 53.7
 7.8 53.7
 7.4 53.7
 7.3 53.7
 7.1 53.6
 7.1 53.5
 7.0 53.5
 7.0 53.4
 7.1 53.3
 7.3 53.3
 7.2 53.2
 7.2 53.0
 7.1 52.8
 7.1 52.7
 7.0 52.6
 6.8 52.7
 6.7 52.6
 6.8 52.6
 6.7 52.6
 6.7 52.5
 6.9 52.4
 7.0 52.5
 7.1 52.4
 7.1 52.2
 6.9 52.2
 6.9 52.1
 6.7 52.1
 6.7 52.0
 6.8 52.0
 6.7 51.9
 6.5 51.9
 6.4 51.8
 6.2 51.9
 6.1 51.9
 6.2 51.8
 6.0 51.8
 6.0 51.7
 6.1 51.7
 6.1 51.6
 6.2 51.5
 6.2 51.4
 6.1 51.2
 6.2 51.2
 6.0 51.0
 5.9 51.1
 5.9 51.0
 6.0 51.0
 6.0 50.9
 6.1 50.9
 6.0 50.8
 6.0 50.7
 6.1 50.7
 6.2 50.6
 6.3 50.6
 6.2 50.5
 6.4 50.5
 6.4 50.3
 6.2 50.2
 6.1 50.1
 6.1 50.0
 6.3 49.8
 6.5 49.8
 6.5 49.7
 6.4 49.6
 6.4 49.5
 6.5 49.4
 6.6 49.4
 6.6 49.3
 6.8 49.2
 7.0 49.2
 7.0 49.1
 7.1 49.1
 7.4 49.1
 7.4 49.2
 7.5 49.2
 7.5 49.1
 7.7 49.0
 7.9 49.0
 8.2 49.0
 8.1 48.9
 7.9 48.7
 7.8 48.6
 7.8 48.5
 7.8 48.3
 7.6 48.2
 7.6 48.0
 7.5 47.7
 7.6 47.6
 7.7 47.6
 7.6 47.6
 7.7 47.5
 7.8 47.6
 7.9 47.6
 8.2 47.6
 8.3 47.6
 8.5 47.6
 8.6 47.6
 8.6 47.7
 8.4 47.7
 8.6 47.8
 8.7 47.8
 8.7 47.7
 8.8 47.7
 8.9 47.7
 9.3 47.7
 9.6 47.5
 9.7 47.5
 9.8 47.6
 9.9 47.5
 10.0 47.5
 10.1 47.5
 10.1 47.4
 10.2 47.4
 10.2 47.3
 10.3 47.3
 10.5 47.4
 10.4 47.6
 10.5 47.6
 10.6 47.5
 10.7 47.6
 10.8 47.5
 10.9 47.5
 11.0 47.5
 11.0 47.4
 11.1 47.4
 11.2 47.4
 11.4 47.5
 11.6 47.5
 11.6 47.6
 11.9 47.6
 12.2 47.6
 12.2 47.7
 12.3 47.7
 12.2 47.7
 12.4 47.7
 12.5 47.6
 12.8 47.7
 12.8 47.6
 13.0 47.5
 13.1 47.5
 13.1 47.6
 13.1 47.7
 12.9 47.7
 12.9 47.8
 13.0 47.9
 12.8 48.1
 12.9 48.2
 13.4 48.4
 13.4 48.6
 13.5 48.6
 13.7 48.5
 13.8 48.7
 13.8 48.8
 13.7 48.9
 13.6 49.0
 13.5 49.0
 13.5 48.9
 13.4 49.0
 13.4 49.1
 13.2 49.1
 13.2 49.2
 13.0 49.3
 12.9 49.3
 12.7 49.4
 12.5 49.6
 12.4 49.7
 12.4 49.8
 12.5 49.8
 12.5 49.9
 12.5 50.0
 12.4 50.0
 12.2 50.1
 12.2 50.2
 12.1 50.2
 12.1 50.3
 12.3 50.3
 12.3 50.2
 12.4 50.3
 12.5 50.4
 12.8 50.4
 12.9 50.4
 13.0 50.4
 13.0 50.5
 13.2 50.5
 13.2 50.6
 13.3 50.6
 13.4 50.6
 13.5 50.6
 13.6 50.7
 13.9 50.7
 13.9 50.8
 14.0 50.8
 14.4 50.9
 14.3 51.0
 14.5 51.0
 14.6 51.0
 14.6 50.9
 14.7 50.9
 14.6 50.9
 14.8 50.8
 14.8 50.9
 15.0 51.1
 15.0 51.3
 14.9 51.5
 14.7 51.6
 14.8 51.7
 14.6 51.8
 14.6 51.9
 14.7 51.9
 14.7 52.1
 14.8 52.1
 14.7 52.1
 14.7 52.2
 14.6 52.3
 14.5 52.4
 14.6 52.6
 14.3 52.8
 14.1 52.8
 14.2 53.0
 14.3 53.0
 14.4 53.1
 14.4 53.2
 14.4 53.3
 14.4 53.4
 14.3 53.7
 14.2 53.7
 14.3 53.7
 14.2 53.8
 14.1 53.7
 13.9 53.8
 13.8 53.9
 13.9 53.9
 13.8 54.0
 13.8 54.1
 13.7 54.2
 13.5 54.1
 13.4 54.1
 13.2 54.3
 13.1 54.3
 13.1 54.4
 13.0 54.4
 12.8 54.3
 12.7 54.4
 12.5 54.3
 12.4 54.3
 12.5 54.4
 12.6 54.4
 12.8 54.4
 12.9 54.4
 12.5 54.5
 12.3 54.3
 12.1 54.2
 12.0 54.2
 11.6 54.1
 11.6 54.0
 11.5 54.0
 11.5 53.9
 11.3 54.0
 11.3 53.9
 11.2 53.9
 11.2 54.0
 11.0 54.0
 10.9 54.0
 10.8 54.0
 10.8 54.1
 10.9 54.1
 11.1 54.2
 11.1 54.3
 11.1 54.4
 10.8 54.3
 10.7 54.3
 10.4 54.4
 10.2 54.4
 10.2 54.5
 10.1 54.5
 9.9 54.5
 10.0 54.6
 10.0 54.7
 9.9 54.7
 10.0 54.7
 9.9 54.8
 9.6 54.8
 9.6 54.9
 9.5 54.8
 

9.5 54.8
 9.4 54.8
 8.9 54.9
 8.7 54.9
 8.6 54.8
 8.7 54.8
 8.8 54.7
 8.9 54.6
 9.0 54.5
 8.9 54.4
 8.7 54.4
 8.6 54.3
 8.8 54.3
 9.0 54.3
 8.9 54.3
 8.8 54.2
 8.8 54.1
 9.0 54.1
 9.0 54.0
 8.9 54.0
 9.0 53.9
 9.4 53.8
 9.4 53.7
 9.5 53.7
 9.5 53.6
 9.7 53.6
 9.8 53.6
 9.8 53.5
 9.6 53.6
 9.4 53.8
 9.3 53.8
 9.1 53.9
 8.9 53.8
 8.7 53.9
 8.6 53.9
 8.5 53.7
 8.5 53.6
 8.6 53.5
 8.5 53.4
 8.5 53.5
 8.3 53.6
 8.2 53.6
 8.2 53.5
 8.3 53.5
 8.3 53.4
 8.2 53.4
 8.1 53.5
 8.2 53.5
 8.2 53.6
 8.1 53.6
 8.0 53.7
 7.8 53.7
 7.4 53.7
 7.3 53.7
 7.1 53.6
 7.1 53.5
 7.0 53.5
 7.0 53.4
 7.1 53.3
 7.3 53.3
 7.2 53.2
 7.2 53.0
 7.1 52.8
 7.1 52.7
 7.0 52.6
 6.8 52.7
 6.7 52.6
 6.8 52.6
 6.7 52.6
 6.7 52.5
 6.9 52.4
 7.0 52.5
 7.1 52.4
 7.1 52.2
 6.9 52.2
 6.9 52.1
 6.7 52.1
 6.7 52.0
 6.8 52.0
 6.7 51.9
 6.5 51.9
 6.4 51.8
 6.2 51.9
 6.1 51.9
 6.2 51.8
 6.0 51.8
 6.0 51.7
 6.1 51.7
 6.1 51.6
 6.2 51.5
 6.2 51.4
 6.1 51.2
 6.2 51.2
 6.0 51.0
 5.9 51.1
 5.9 51.0
 6.0 51.0
 6.0 50.9
 6.1 50.9
 6.0 50.8
 6.0 50.7
 6.1 50.7
 6.2 50.6
 6.3 50.6
 6.2 50.5
 6.4 50.5
 6.4 50.3
 6.2 50.2
 6.1 50.1
 6.1 50.0
 6.3 49.8
 6.5 49.8
 6.5 49.7
 6.4 49.6
 6.4 49.5
 6.5 49.4
 6.6 49.4
 6.6 49.3
 6.8 49.2
 7.0 49.2
 7.0 49.1
 7.1 49.1
 7.4 49.1
 7.4 49.2
 7.5 49.2
 7.5 49.1
 7.7 49.0
 7.9 49.0
 8.2 49.0
 8.1 48.9
 7.9 48.7
 7.8 48.6
 7.8 48.5
 7.8 48.3
 7.6 48.2
 7.6 48.0
 7.5 47.7
 7.6 47.6
 7.7 47.6
 7.6 47.6
 7.7 47.5
 7.8 47.6
 7.9 47.6
 8.2 47.6
 8.3 47.6
 8.5 47.6
 8.6 47.6
 8.6 47.7
 8.4 47.7
 8.6 47.8
 8.7 47.8
 8.7 47.7
 8.8 47.7
 8.9 47.7
 9.3 47.7
 9.6 47.5
 9.7 47.5
 9.8 47.6
 9.9 47.5
 10.0 47.5
 10.1 47.5
 10.1 47.4
 10.2 47.4
 10.2 47.3
 10.3 47.3
 10.5 47.4
 10.4 47.6
 10.5 47.6
 10.6 47.5
 10.7 47.6
 10.8 47.5
 10.9 47.5
 11.0 47.5
 11.0 47.4
 11.1 47.4
 11.2 47.4
 11.4 47.5
 11.6 47.5
 11.6 47.6
 11.9 47.6
 12.2 47.6
 12.2 47.7
 12.3 47.7
 12.2 47.7
 12.4 47.7
 12.5 47.6
 12.8 47.7
 12.8 47.6
 13.0 47.5
 13.1 47.5
 13.1 47.6
 13.1 47.7
 12.9 47.7
 12.9 47.8
 13.0 47.9
 12.8 48.1
 12.9 48.2
 13.4 48.4
 13.4 48.6
 13.5 48.6
 13.7 48.5
 13.8 48.7
 13.8 48.8
 13.7 48.9
 13.6 49.0
 13.5 49.0
 13.5 48.9
 13.4 49.0
 13.4 49.1
 13.2 49.1
 13.2 49.2
 13.0 49.3
 12.9 49.3
 12.7 49.4
 12.5 49.6
 12.4 49.7
 12.4 49.8
 12.5 49.8
 12.5 49.9
 12.5 50.0
 12.4 50.0
 12.2 50.1
 12.2 50.2
 12.1 50.2
 12.1 50.3
 12.3 50.3
 12.3 50.2
 12.4 50.3
 12.5 50.4
 12.8 50.4
 12.9 50.4
 13.0 50.4
 13.0 50.5
 13.2 50.5
 13.2 50.6
 13.3 50.6
 13.4 50.6
 13.5 50.6
 13.6 50.7
 13.9 50.7
 13.9 50.8
 14.0 50.8
 14.4 50.9
 14.3 51.0
 14.5 51.0
 14.6 51.0
 14.6 50.9
 14.7 50.9
 14.6 50.9
 14.8 50.8
 14.8 50.9
 15.0 51.1
 15.0 51.3
 14.9 51.5
 14.7 51.6
 14.8 51.7
 14.6 51.8
 14.6 51.9
 14.7 51.9
 14.7 52.1
 14.8 52.1
 14.7 52.1
 14.7 52.2
 14.6 52.3
 14.5 52.4
 14.6 52.6
 14.3 52.8
 14.1 52.8
 14.2 53.0
 14.3 53.0
 14.4 53.1
 14.4 53.2
 14.4 53.3
 14.4 53.4
 14.3 53.7
 14.2 53.7
 14.3 53.7
 14.2 53.8
 14.1 53.7
 13.9 53.8
 13.8 53.9
 13.9 53.9
 13.8 54.0
 13.8 54.1
 13.7 54.2
 13.5 54.1
 13.4 54.1
 13.2 54.3
 13.1 54.3
 13.1 54.4
 13.0 54.4
 12.8 54.3
 12.7 54.4
 12.5 54.3
 12.4 54.3
 12.5 54.4
 12.6 54.4
 12.8 54.4
 12.9 54.4
 12.5 54.5
 12.3 54.3
 12.1 54.2
 12.0 54.2
 11.6 54.1
 11.6 54.0
 11.5 54.0
 11.5 53.9
 11.3 54.0
 11.3 53.9
 11.2 53.9
 11.2 54.0
 11.0 54.0
 10.9 54.0
 10.8 54.0
 10.8 54.1
 10.9 54.1
 11.1 54.2
 11.1 54.3
 11.1 54.4
 10.8 54.3
 10.7 54.3
 10.4 54.4
 10.2 54.4
 10.2 54.5
 10.1 54.5
 9.9 54.5
 10.0 54.6
 10.0 54.7
 9.9 54.7
 10.0 54.7
 9.9 54.8
 9.6 54.8
 9.6 54.9
 9.5 54.8
 

