8.7 54.9
 8.7 54.9
 8.9 54.9
 9.4 54.8
 9.5 54.8
 9.6 54.9
 9.7 54.8
 9.8 54.8
 9.7 54.9
 9.8 54.9
 9.7 55.0
 9.6 55.0
 9.5 55.0
 9.4 55.0
 9.6 55.1
 9.5 55.1
 9.7 55.2
 9.7 55.3
 9.6 55.4
 9.7 55.5
 9.6 55.5
 9.5 55.5
 9.8 55.6
 9.6 55.7
 9.8 55.7
 10.0 55.7
 10.0 55.8
 9.9 55.8
 9.9 55.9
 10.1 55.9
 10.2 55.8
 10.3 56.0
 10.3 56.1
 10.2 56.2
 10.4 56.3
 10.5 56.3
 10.4 56.2
 10.5 56.2
 10.5 56.1
 10.6 56.1
 10.6 56.2
 10.7 56.2
 10.7 56.1
 10.8 56.2
 10.8 56.3
 11.0 56.4
 10.8 56.5
 10.7 56.5
 10.4 56.5
 10.3 56.6
 10.2 56.5
 10.2 56.6
 10.3 56.6
 10.4 56.6
 10.3 56.7
 10.2 56.7
 9.9 56.6
 10.2 56.7
 10.3 56.7
 10.3 56.9
 10.3 57.0
 10.0 57.1
 10.2 57.0
 10.3 57.0
 10.4 57.2
 10.5 57.2
 10.5 57.4
 10.4 57.5
 10.4 57.6
 10.5 57.7
 10.6 57.7
 10.4 57.7
 9.9 57.6
 9.5 57.2
 9.4 57.2
 9.2 57.1
 9.1 57.1
 8.8 57.1
 8.6 57.1
 8.5 57.0
 8.2 56.8
 8.2 56.7
 8.3 56.7
 8.3 56.8
 8.6 56.6
 8.5 56.7
 8.5 56.8
 8.6 56.8
 8.7 56.9
 8.7 57.0
 9.1 57.0
 9.1 57.1
 9.2 57.0
 9.3 57.0
 9.6 57.0
 9.8 57.1
 9.9 57.1
 9.7 57.0
 9.6 57.0
 9.5 57.0
 9.4 57.0
 9.2 57.0
 9.2 56.9
 9.2 56.8
 9.2 56.7
 9.3 56.7
 9.3 56.6
 9.4 56.6
 9.4 56.5
 9.3 56.5
 9.3 56.6
 9.2 56.6
 9.1 56.6
 9.0 56.6
 9.1 56.6
 9.2 56.7
 9.1 56.8
 8.9 56.8
 8.8 56.7
 8.9 56.7
 8.7 56.6
 8.8 56.6
 8.7 56.5
 8.6 56.5
 8.6 56.6
 8.4 56.6
 8.3 56.5
 8.2 56.6
 8.2 56.7
 8.1 56.6
 8.1 56.3
 8.1 56.1
 8.1 56.0
 8.1 56.1
 8.3 56.1
 8.4 55.9
 8.2 55.8
 8.2 55.9
 8.1 56.0
 8.2 55.7
 8.1 55.5
 8.3 55.5
 8.2 55.6
 8.3 55.6
 8.4 55.5
 8.6 55.4
 8.7 55.1
 8.6 55.1
 8.6 55.2
 8.5 55.2
 8.5 55.1
 8.6 55.1
 8.7 55.1
 8.7 54.9
 

8.7 54.9
 8.7 54.9
 8.9 54.9
 9.4 54.8
 9.5 54.8
 9.6 54.9
 9.7 54.8
 9.8 54.8
 9.7 54.9
 9.8 54.9
 9.7 55.0
 9.6 55.0
 9.5 55.0
 9.4 55.0
 9.6 55.1
 9.5 55.1
 9.7 55.2
 9.7 55.3
 9.6 55.4
 9.7 55.5
 9.6 55.5
 9.5 55.5
 9.8 55.6
 9.6 55.7
 9.8 55.7
 10.0 55.7
 10.0 55.8
 9.9 55.8
 9.9 55.9
 10.1 55.9
 10.2 55.8
 10.3 56.0
 10.3 56.1
 10.2 56.2
 10.4 56.3
 10.5 56.3
 10.4 56.2
 10.5 56.2
 10.5 56.1
 10.6 56.1
 10.6 56.2
 10.7 56.2
 10.7 56.1
 10.8 56.2
 10.8 56.3
 11.0 56.4
 10.8 56.5
 10.7 56.5
 10.4 56.5
 10.3 56.6
 10.2 56.5
 10.2 56.6
 10.3 56.6
 10.4 56.6
 10.3 56.7
 10.2 56.7
 9.9 56.6
 10.2 56.7
 10.3 56.7
 10.3 56.9
 10.3 57.0
 10.0 57.1
 10.2 57.0
 10.3 57.0
 10.4 57.2
 10.5 57.2
 10.5 57.4
 10.4 57.5
 10.4 57.6
 10.5 57.7
 10.6 57.7
 10.4 57.7
 9.9 57.6
 9.5 57.2
 9.4 57.2
 9.2 57.1
 9.1 57.1
 8.8 57.1
 8.6 57.1
 8.5 57.0
 8.2 56.8
 8.2 56.7
 8.3 56.7
 8.3 56.8
 8.6 56.6
 8.5 56.7
 8.5 56.8
 8.6 56.8
 8.7 56.9
 8.7 57.0
 9.1 57.0
 9.1 57.1
 9.2 57.0
 9.3 57.0
 9.6 57.0
 9.8 57.1
 9.9 57.1
 9.7 57.0
 9.6 57.0
 9.5 57.0
 9.4 57.0
 9.2 57.0
 9.2 56.9
 9.2 56.8
 9.2 56.7
 9.3 56.7
 9.3 56.6
 9.4 56.6
 9.4 56.5
 9.3 56.5
 9.3 56.6
 9.2 56.6
 9.1 56.6
 9.0 56.6
 9.1 56.6
 9.2 56.7
 9.1 56.8
 8.9 56.8
 8.8 56.7
 8.9 56.7
 8.7 56.6
 8.8 56.6
 8.7 56.5
 8.6 56.5
 8.6 56.6
 8.4 56.6
 8.3 56.5
 8.2 56.6
 8.2 56.7
 8.1 56.6
 8.1 56.3
 8.1 56.1
 8.1 56.0
 8.1 56.1
 8.3 56.1
 8.4 55.9
 8.2 55.8
 8.2 55.9
 8.1 56.0
 8.2 55.7
 8.1 55.5
 8.3 55.5
 8.2 55.6
 8.3 55.6
 8.4 55.5
 8.6 55.4
 8.7 55.1
 8.6 55.1
 8.6 55.2
 8.5 55.2
 8.5 55.1
 8.6 55.1
 8.7 55.1
 8.7 54.9
 

