25.4 59.5
 24.8 59.6
 24.8 59.5
 24.8 59.4
 24.7 59.4
 24.7 59.5
 24.6 59.5
 24.7 59.4
 24.4 59.5
 24.3 59.5
 24.3 59.4
 24.2 59.4
 24.2 59.3
 24.1 59.4
 24.0 59.4
 24.1 59.3
 23.7 59.3
 23.7 59.2
 23.5 59.2
 23.5 59.1
 23.4 59.1
 23.4 59.0
 23.5 59.0
 23.6 59.0
 23.4 58.9
 23.5 58.8
 23.4 58.8
 23.8 58.8
 23.8 58.7
 23.5 58.7
 23.5 58.6
 23.7 58.5
 23.7 58.3
 23.9 58.3
 24.1 58.2
 24.1 58.3
 24.2 58.3
 24.3 58.4
 24.4 58.4
 24.5 58.4
 24.6 58.3
 24.5 58.3
 24.5 58.2
 24.5 58.1
 24.3 57.9
 24.4 57.9
 24.5 57.9
 24.6 58.0
 24.7 58.0
 24.8 58.0
 24.9 58.0
 25.0 58.0
 25.1 58.1
 25.2 58.1
 25.2 58.0
 25.3 58.0
 25.3 58.1
 25.3 58.0
 25.4 58.0
 25.5 58.0
 25.6 58.0
 25.6 57.9
 25.7 57.9
 25.8 57.9
 26.0 57.8
 26.2 57.7
 26.3 57.6
 26.5 57.6
 26.5 57.5
 26.6 57.5
 26.6 57.6
 26.7 57.6
 26.8 57.6
 26.9 57.6
 27.0 57.6
 27.1 57.6
 27.2 57.5
 27.3 57.5
 27.4 57.5
 27.3 57.6
 27.4 57.6
 27.4 57.7
 27.5 57.7
 27.5 57.8
 27.6 57.8
 27.5 57.8
 27.7 57.8
 27.8 57.9
 27.7 57.9
 27.7 58.0
 27.6 58.0
 27.7 58.1
 27.6 58.1
 27.5 58.2
 27.5 58.3
 27.5 58.4
 27.4 58.8
 27.5 58.9
 27.7 59.0
 27.8 59.1
 27.8 59.2
 27.9 59.2
 27.9 59.3
 28.1 59.3
 28.0 59.3
 28.2 59.4
 28.0 59.5
 28.0 59.4
 27.9 59.4
 27.0 59.4
 26.7 59.6
 26.1 59.6
 26.0 59.6
 25.9 59.6
 25.8 59.6
 25.7 59.7
 25.7 59.6
 25.6 59.6
 25.5 59.7
 25.5 59.6
 25.5 59.5
 25.4 59.5
 

25.4 59.5
 24.8 59.6
 24.8 59.5
 24.8 59.4
 24.7 59.4
 24.7 59.5
 24.6 59.5
 24.7 59.4
 24.4 59.5
 24.3 59.5
 24.3 59.4
 24.2 59.4
 24.2 59.3
 24.1 59.4
 24.0 59.4
 24.1 59.3
 23.7 59.3
 23.7 59.2
 23.5 59.2
 23.5 59.1
 23.4 59.1
 23.4 59.0
 23.5 59.0
 23.6 59.0
 23.4 58.9
 23.5 58.8
 23.4 58.8
 23.8 58.8
 23.8 58.7
 23.5 58.7
 23.5 58.6
 23.7 58.5
 23.7 58.3
 23.9 58.3
 24.1 58.2
 24.1 58.3
 24.2 58.3
 24.3 58.4
 24.4 58.4
 24.5 58.4
 24.6 58.3
 24.5 58.3
 24.5 58.2
 24.5 58.1
 24.3 57.9
 24.4 57.9
 24.5 57.9
 24.6 58.0
 24.7 58.0
 24.8 58.0
 24.9 58.0
 25.0 58.0
 25.1 58.1
 25.2 58.1
 25.2 58.0
 25.3 58.0
 25.3 58.1
 25.3 58.0
 25.4 58.0
 25.5 58.0
 25.6 58.0
 25.6 57.9
 25.7 57.9
 25.8 57.9
 26.0 57.8
 26.2 57.7
 26.3 57.6
 26.5 57.6
 26.5 57.5
 26.6 57.5
 26.6 57.6
 26.7 57.6
 26.8 57.6
 26.9 57.6
 27.0 57.6
 27.1 57.6
 27.2 57.5
 27.3 57.5
 27.4 57.5
 27.3 57.6
 27.4 57.6
 27.4 57.7
 27.5 57.7
 27.5 57.8
 27.6 57.8
 27.5 57.8
 27.7 57.8
 27.8 57.9
 27.7 57.9
 27.7 58.0
 27.6 58.0
 27.7 58.1
 27.6 58.1
 27.5 58.2
 27.5 58.3
 27.5 58.4
 27.4 58.8
 27.5 58.9
 27.7 59.0
 27.8 59.1
 27.8 59.2
 27.9 59.2
 27.9 59.3
 28.1 59.3
 28.0 59.3
 28.2 59.4
 28.0 59.5
 28.0 59.4
 27.9 59.4
 27.0 59.4
 26.7 59.6
 26.1 59.6
 26.0 59.6
 25.9 59.6
 25.8 59.6
 25.7 59.7
 25.7 59.6
 25.6 59.6
 25.5 59.7
 25.5 59.6
 25.5 59.5
 25.4 59.5
 

