-1.8 43.4
 -1.9 43.3
 -2.3 43.3
 -2.7 43.4
 -2.9 43.4
 -3.0 43.4
 -3.1 43.4
 -3.2 43.4
 -3.4 43.4
 -3.5 43.4
 -3.4 43.5
 -3.5 43.5
 -3.7 43.5
 -3.8 43.4
 -4.1 43.4
 -4.2 43.4
 -4.7 43.4
 -5.2 43.5
 -5.3 43.5
 -5.4 43.5
 -5.4 43.6
 -5.5 43.5
 -5.9 43.7
 -6.0 43.6
 -6.2 43.6
 -6.3 43.6
 -6.9 43.6
 -7.0 43.5
 -7.0 43.6
 -7.2 43.6
 -7.5 43.7
 -7.6 43.7
 -7.7 43.7
 -7.7 43.8
 -7.8 43.7
 -7.9 43.7
 -7.9 43.8
 -8.1 43.7
 -8.3 43.6
 -8.3 43.5
 -8.2 43.5
 -8.3 43.4
 -8.2 43.4
 -8.2 43.3
 -8.3 43.4
 -8.4 43.3
 -8.4 43.4
 -8.5 43.3
 -8.7 43.3
 -8.8 43.3
 -9.0 43.3
 -8.9 43.2
 -9.0 43.2
 -9.1 43.2
 -9.3 43.0
 -9.3 42.9
 -9.2 42.9
 -9.2 43.0
 -9.1 42.9
 -9.1 42.8
 -9.0 42.8
 -8.9 42.8
 -9.1 42.6
 -9.0 42.6
 -9.0 42.5
 -8.9 42.6
 -8.8 42.7
 -8.7 42.7
 -8.8 42.6
 -8.8 42.5
 -8.9 42.5
 -8.8 42.4
 -8.7 42.4
 -8.8 42.3
 -8.9 42.3
 -8.9 42.2
 -8.7 42.3
 -8.6 42.4
 -8.6 42.3
 -8.8 42.2
 -8.9 42.1
 -8.9 41.9
 -8.8 41.9
 -8.6 42.1
 -8.2 42.2
 -8.2 42.1
 -8.1 42.1
 -8.1 42.0
 -8.2 41.9
 -8.1 41.8
 -8.0 41.9
 -7.9 41.9
 -7.7 41.9
 -7.6 41.9
 -7.6 41.8
 -7.5 41.8
 -7.5 41.9
 -7.4 41.8
 -7.2 41.9
 -7.2 42.0
 -6.8 41.9
 -6.8 42.0
 -6.6 41.9
 -6.6 42.0
 -6.5 41.9
 -6.6 41.9
 -6.5 41.9
 -6.6 41.7
 -6.5 41.7
 -6.4 41.7
 -6.2 41.6
 -6.2 41.5
 -6.3 41.4
 -6.4 41.3
 -6.6 41.2
 -6.7 41.2
 -6.8 41.0
 -6.9 41.0
 -6.8 40.9
 -6.8 40.8
 -6.8 40.7
 -6.8 40.6
 -6.8 40.5
 -6.8 40.4
 -6.8 40.3
 -7.0 40.2
 -7.0 40.1
 -6.9 40.0
 -7.0 39.7
 -7.4 39.6
 -7.5 39.7
 -7.4 39.6
 -7.3 39.5
 -7.3 39.3
 -7.2 39.3
 -7.2 39.2
 -7.1 39.2
 -7.2 39.1
 -7.1 39.1
 -7.0 39.1
 -7.0 39.0
 -7.2 38.8
 -7.3 38.7
 -7.3 38.6
 -7.3 38.5
 -7.3 38.4
 -7.1 38.3
 -7.1 38.2
 -6.9 38.2
 -7.0 38.0
 -7.1 38.0
 -7.3 38.0
 -7.3 37.8
 -7.5 37.6
 -7.4 37.2
 -7.2 37.2
 -7.0 37.2
 -7.0 37.3
 -6.9 37.2
 -6.6 37.0
 -6.4 36.9
 -6.4 36.8
 -6.3 36.9
 -6.4 36.8
 -6.4 36.7
 -6.4 36.6
 -6.2 36.6
 -6.3 36.5
 -6.2 36.5
 -6.3 36.5
 -6.2 36.3
 -5.8 36.1
 -5.6 36.0
 -5.4 36.1
 -5.4 36.2
 -5.3 36.1
 -5.3 36.2
 -5.2 36.4
 -4.7 36.5
 -4.4 36.7
 -3.9 36.7
 -3.7 36.7
 -3.5 36.7
 -2.9 36.7
 -2.7 36.7
 -2.6 36.8
 -2.3 36.8
 -2.2 36.7
 -2.0 36.8
 -2.0 36.9
 -1.9 36.9
 -1.8 37.2
 -1.8 37.3
 -1.8 37.2
 -1.4 37.5
 -1.3 37.6
 -0.8 37.6
 -0.7 37.6
 -0.8 37.8
 -0.7 37.6
 -0.9 37.7
 -0.8 37.8
 -0.7 37.8
 -0.8 37.9
 -0.7 38.0
 -0.7 38.1
 -0.6 38.2
 -0.5 38.2
 -0.5 38.3
 -0.4 38.4
 -0.1 38.5
 -0.1 38.6
 0.0 38.6
 0.2 38.7
 0.2 38.8
 0.0 38.9
 -0.1 38.9
 -0.3 39.3
 -0.3 39.4
 -0.2 39.7
 -0.1 39.9
 0.0 40.0
 0.1 40.1
 0.2 40.2
 0.3 40.2
 0.5 40.6
 0.6 40.6
 0.9 40.7
 0.7 40.8
 1.0 41.0
 1.1 41.1
 1.2 41.1
 1.7 41.2
 2.1 41.3
 2.2 41.4
 2.5 41.5
 2.8 41.7
 3.2 41.9
 3.2 42.1
 3.1 42.1
 3.1 42.2
 3.2 42.3
 3.2 42.2
 3.3 42.3
 3.2 42.3
 3.2 42.4
 3.0 42.5
 2.7 42.4
 2.7 42.3
 2.5 42.4
 2.3 42.4
 2.1 42.4
 2.0 42.4
 1.8 42.5
 1.7 42.5
 1.5 42.4
 1.4 42.5
 1.4 42.6
 1.4 42.7
 0.8 42.8
 0.7 42.8
 0.7 42.7
 0.4 42.7
 0.3 42.7
 -0.1 42.7
 -0.1 42.8
 -0.2 42.8
 -0.3 42.8
 -0.4 42.8
 -0.5 42.8
 -0.7 42.9
 -0.7 43.0
 -0.8 42.9
 -1.3 43.1
 -1.4 43.0
 -1.5 43.1
 -1.4 43.2
 -1.4 43.3
 -1.6 43.3
 -1.7 43.3
 -1.8 43.4
 

-1.8 43.4
 -1.9 43.3
 -2.3 43.3
 -2.7 43.4
 -2.9 43.4
 -3.0 43.4
 -3.1 43.4
 -3.2 43.4
 -3.4 43.4
 -3.5 43.4
 -3.4 43.5
 -3.5 43.5
 -3.7 43.5
 -3.8 43.4
 -4.1 43.4
 -4.2 43.4
 -4.7 43.4
 -5.2 43.5
 -5.3 43.5
 -5.4 43.5
 -5.4 43.6
 -5.5 43.5
 -5.9 43.7
 -6.0 43.6
 -6.2 43.6
 -6.3 43.6
 -6.9 43.6
 -7.0 43.5
 -7.0 43.6
 -7.2 43.6
 -7.5 43.7
 -7.6 43.7
 -7.7 43.7
 -7.7 43.8
 -7.8 43.7
 -7.9 43.7
 -7.9 43.8
 -8.1 43.7
 -8.3 43.6
 -8.3 43.5
 -8.2 43.5
 -8.3 43.4
 -8.2 43.4
 -8.2 43.3
 -8.3 43.4
 -8.4 43.3
 -8.4 43.4
 -8.5 43.3
 -8.7 43.3
 -8.8 43.3
 -9.0 43.3
 -8.9 43.2
 -9.0 43.2
 -9.1 43.2
 -9.3 43.0
 -9.3 42.9
 -9.2 42.9
 -9.2 43.0
 -9.1 42.9
 -9.1 42.8
 -9.0 42.8
 -8.9 42.8
 -9.1 42.6
 -9.0 42.6
 -9.0 42.5
 -8.9 42.6
 -8.8 42.7
 -8.7 42.7
 -8.8 42.6
 -8.8 42.5
 -8.9 42.5
 -8.8 42.4
 -8.7 42.4
 -8.8 42.3
 -8.9 42.3
 -8.9 42.2
 -8.7 42.3
 -8.6 42.4
 -8.6 42.3
 -8.8 42.2
 -8.9 42.1
 -8.9 41.9
 -8.8 41.9
 -8.6 42.1
 -8.2 42.2
 -8.2 42.1
 -8.1 42.1
 -8.1 42.0
 -8.2 41.9
 -8.1 41.8
 -8.0 41.9
 -7.9 41.9
 -7.7 41.9
 -7.6 41.9
 -7.6 41.8
 -7.5 41.8
 -7.5 41.9
 -7.4 41.8
 -7.2 41.9
 -7.2 42.0
 -6.8 41.9
 -6.8 42.0
 -6.6 41.9
 -6.6 42.0
 -6.5 41.9
 -6.6 41.9
 -6.5 41.9
 -6.6 41.7
 -6.5 41.7
 -6.4 41.7
 -6.2 41.6
 -6.2 41.5
 -6.3 41.4
 -6.4 41.3
 -6.6 41.2
 -6.7 41.2
 -6.8 41.0
 -6.9 41.0
 -6.8 40.9
 -6.8 40.8
 -6.8 40.7
 -6.8 40.6
 -6.8 40.5
 -6.8 40.4
 -6.8 40.3
 -7.0 40.2
 -7.0 40.1
 -6.9 40.0
 -7.0 39.7
 -7.4 39.6
 -7.5 39.7
 -7.4 39.6
 -7.3 39.5
 -7.3 39.3
 -7.2 39.3
 -7.2 39.2
 -7.1 39.2
 -7.2 39.1
 -7.1 39.1
 -7.0 39.1
 -7.0 39.0
 -7.2 38.8
 -7.3 38.7
 -7.3 38.6
 -7.3 38.5
 -7.3 38.4
 -7.1 38.3
 -7.1 38.2
 -6.9 38.2
 -7.0 38.0
 -7.1 38.0
 -7.3 38.0
 -7.3 37.8
 -7.5 37.6
 -7.4 37.2
 -7.2 37.2
 -7.0 37.2
 -7.0 37.3
 -6.9 37.2
 -6.6 37.0
 -6.4 36.9
 -6.4 36.8
 -6.3 36.9
 -6.4 36.8
 -6.4 36.7
 -6.4 36.6
 -6.2 36.6
 -6.3 36.5
 -6.2 36.5
 -6.3 36.5
 -6.2 36.3
 -5.8 36.1
 -5.6 36.0
 -5.4 36.1
 -5.4 36.2
 -5.3 36.1
 -5.3 36.2
 -5.2 36.4
 -4.7 36.5
 -4.4 36.7
 -3.9 36.7
 -3.7 36.7
 -3.5 36.7
 -2.9 36.7
 -2.7 36.7
 -2.6 36.8
 -2.3 36.8
 -2.2 36.7
 -2.0 36.8
 -2.0 36.9
 -1.9 36.9
 -1.8 37.2
 -1.8 37.3
 -1.8 37.2
 -1.4 37.5
 -1.3 37.6
 -0.8 37.6
 -0.7 37.6
 -0.8 37.8
 -0.7 37.6
 -0.9 37.7
 -0.8 37.8
 -0.7 37.8
 -0.8 37.9
 -0.7 38.0
 -0.7 38.1
 -0.6 38.2
 -0.5 38.2
 -0.5 38.3
 -0.4 38.4
 -0.1 38.5
 -0.1 38.6
 0.0 38.6
 0.2 38.7
 0.2 38.8
 0.0 38.9
 -0.1 38.9
 -0.3 39.3
 -0.3 39.4
 -0.2 39.7
 -0.1 39.9
 0.0 40.0
 0.1 40.1
 0.2 40.2
 0.3 40.2
 0.5 40.6
 0.6 40.6
 0.9 40.7
 0.7 40.8
 1.0 41.0
 1.1 41.1
 1.2 41.1
 1.7 41.2
 2.1 41.3
 2.2 41.4
 2.5 41.5
 2.8 41.7
 3.2 41.9
 3.2 42.1
 3.1 42.1
 3.1 42.2
 3.2 42.3
 3.2 42.2
 3.3 42.3
 3.2 42.3
 3.2 42.4
 3.0 42.5
 2.7 42.4
 2.7 42.3
 2.5 42.4
 2.3 42.4
 2.1 42.4
 2.0 42.4
 1.8 42.5
 1.7 42.5
 1.5 42.4
 1.4 42.5
 1.4 42.6
 1.4 42.7
 0.8 42.8
 0.7 42.8
 0.7 42.7
 0.4 42.7
 0.3 42.7
 -0.1 42.7
 -0.1 42.8
 -0.2 42.8
 -0.3 42.8
 -0.4 42.8
 -0.5 42.8
 -0.7 42.9
 -0.7 43.0
 -0.8 42.9
 -1.3 43.1
 -1.4 43.0
 -1.5 43.1
 -1.4 43.2
 -1.4 43.3
 -1.6 43.3
 -1.7 43.3
 -1.8 43.4
 

