24.2 65.8
 24.2 65.8
 24.5 65.8
 24.6 65.9
 24.6 65.8
 24.6 65.7
 24.7 65.6
 25.0 65.6
 25.3 65.5
 25.4 65.4
 25.3 65.4
 25.3 65.3
 25.3 65.2
 25.2 65.1
 25.4 65.0
 25.4 64.9
 25.2 65.0
 25.3 64.9
 25.4 64.9
 25.4 64.8
 25.3 64.8
 25.1 64.9
 24.7 64.8
 24.6 64.8
 24.2 64.5
 24.0 64.4
 23.9 64.2
 23.9 64.3
 23.8 64.2
 23.6 64.1
 23.6 64.0
 23.4 64.0
 23.4 63.9
 23.2 63.9
 23.0 63.8
 22.9 63.8
 22.8 63.6
 22.7 63.6
 22.7 63.7
 22.6 63.7
 22.5 63.6
 22.4 63.5
 22.3 63.5
 22.4 63.4
 22.2 63.5
 22.2 63.4
 22.4 63.3
 22.3 63.3
 22.2 63.2
 22.0 63.2
 22.0 63.1
 21.9 63.2
 21.9 63.3
 21.7 63.2
 21.6 63.2
 21.5 63.2
 21.6 63.1
 21.7 63.0
 21.6 63.0
 21.5 63.1
 21.4 63.0
 21.5 62.9
 21.4 62.9
 21.2 62.9
 21.2 62.8
 21.1 62.8
 21.1 62.7
 21.1 62.6
 21.2 62.6
 21.1 62.5
 21.1 62.4
 21.2 62.4
 21.2 62.3
 21.3 62.4
 21.3 62.3
 21.3 62.4
 21.4 62.2
 21.2 62.0
 21.3 61.9
 21.4 61.9
 21.5 61.7
 21.6 61.6
 21.7 61.5
 21.5 61.6
 21.5 61.5
 21.6 61.5
 21.4 61.5
 21.6 61.4
 21.5 61.4
 21.4 61.4
 21.5 61.4
 21.5 61.3
 21.5 61.2
 21.6 61.2
 21.4 61.1
 21.5 61.1
 21.3 61.1
 21.4 60.9
 21.3 60.9
 21.4 60.7
 21.4 60.6
 21.5 60.6
 21.4 60.6
 21.6 60.5
 21.7 60.5
 21.8 60.6
 21.8 60.5
 21.9 60.5
 21.8 60.5
 21.9 60.5
 22.0 60.4
 22.2 60.4
 22.3 60.4
 22.5 60.4
 22.6 60.4
 22.4 60.2
 22.6 60.2
 23.1 60.4
 23.1 60.3
 22.9 60.2
 23.0 60.1
 23.0 60.0
 23.2 60.0
 23.1 60.0
 23.2 59.9
 23.3 60.0
 23.3 59.9
 23.2 59.9
 22.9 59.8
 23.3 59.8
 23.2 59.9
 23.3 59.9
 23.5 60.0
 23.5 60.1
 23.5 60.0
 23.4 60.0
 23.7 60.0
 24.0 60.0
 24.2 60.0
 24.4 60.1
 24.3 60.0
 24.5 60.0
 24.4 60.0
 24.5 60.0
 24.6 60.1
 24.6 60.2
 24.7 60.1
 24.8 60.2
 24.9 60.2
 24.9 60.1
 25.0 60.1
 25.0 60.2
 25.0 60.1
 25.2 60.2
 25.4 60.2
 25.5 60.3
 25.7 60.4
 25.7 60.3
 25.8 60.2
 25.8 60.3
 25.9 60.2
 25.9 60.3
 25.9 60.4
 25.8 60.4
 26.0 60.3
 26.1 60.3
 26.0 60.4
 25.9 60.5
 26.1 60.4
 26.2 60.4
 26.3 60.4
 26.5 60.4
 26.5 60.5
 26.6 60.6
 26.7 60.6
 26.8 60.6
 26.6 60.6
 26.5 60.5
 26.5 60.4
 26.6 60.5
 26.7 60.4
 26.8 60.5
 27.0 60.4
 27.0 60.5
 27.1 60.5
 27.2 60.6
 27.4 60.5
 27.5 60.5
 27.6 60.5
 27.7 60.5
 27.6 60.5
 27.8 60.5
 27.7 60.6
 27.8 60.6
 27.8 60.5
 28.4 60.9
 28.6 61.0
 28.7 61.0
 29.0 61.2
 29.7 61.6
 29.8 61.7
 30.0 61.8
 30.2 61.9
 30.5 62.1
 31.3 62.5
 31.4 62.8
 31.6 62.9
 31.3 63.1
 31.3 63.2
 31.2 63.2
 31.0 63.3
 30.9 63.4
 30.5 63.5
 30.0 63.7
 30.0 63.8
 30.3 63.8
 30.6 64.0
 30.6 64.1
 30.6 64.2
 30.4 64.3
 30.2 64.4
 30.1 64.4
 30.1 64.5
 30.0 64.5
 30.0 64.6
 30.2 64.6
 30.2 64.7
 30.1 64.7
 30.1 64.8
 29.8 64.8
 29.6 64.9
 29.6 65.0
 29.6 65.1
 29.9 65.1
 29.8 65.1
 29.9 65.2
 29.8 65.2
 29.6 65.2
 29.6 65.3
 29.7 65.3
 29.7 65.5
 29.8 65.6
 29.9 65.6
 29.7 65.6
 30.0 65.7
 30.1 65.7
 29.9 66.0
 29.6 66.3
 29.5 66.5
 29.4 66.6
 29.4 66.7
 29.2 66.8
 29.1 66.9
 29.1 67.0
 29.4 67.2
 29.9 67.5
 30.0 67.6
 30.0 67.7
 29.7 67.8
 29.4 68.1
 28.7 68.2
 28.5 68.5
 28.8 68.8
 28.7 68.9
 28.4 68.9
 28.5 68.9
 29.0 69.1
 28.8 69.1
 28.8 69.2
 29.3 69.5
 29.1 69.7
 28.4 69.8
 28.1 69.9
 28.0 70.1
 27.8 70.1
 27.4 70.0
 27.3 70.0
 27.0 69.9
 26.8 70.0
 26.5 69.9
 26.4 69.8
 26.0 69.7
 25.9 69.7
 26.0 69.6
 25.9 69.6
 25.9 69.5
 25.8 69.4
 25.8 69.3
 25.7 69.2
 25.8 69.0
 25.6 68.9
 25.4 68.9
 25.2 68.8
 25.1 68.6
 24.9 68.6
 24.8 68.6
 24.7 68.7
 24.1 68.8
 24.0 68.8
 23.9 68.8
 23.7 68.7
 23.2 68.6
 23.1 68.7
 22.4 68.7
 22.3 68.8
 21.7 69.3
 21.3 69.3
 21.1 69.2
 21.0 69.2
 21.1 69.1
 21.1 69.0
 20.7 69.1
 20.6 69.1
 20.9 69.0
 20.9 68.9
 21.2 68.8
 21.7 68.6
 21.8 68.6
 21.9 68.6
 22.1 68.5
 22.7 68.4
 23.1 68.2
 23.2 68.2
 23.1 68.1
 23.3 68.1
 23.5 68.0
 23.7 68.0
 23.7 67.9
 23.5 67.9
 23.5 67.8
 23.6 67.6
 23.4 67.5
 23.5 67.4
 23.5 67.5
 23.8 67.4
 23.8 67.3
 23.7 67.3
 23.6 67.3
 23.6 67.2
 23.7 67.0
 23.9 66.9
 24.0 66.8
 23.9 66.8
 23.9 66.6
 23.7 66.5
 23.7 66.4
 23.7 66.2
 24.0 66.1
 24.2 65.8
 

24.2 65.8
 24.2 65.8
 24.5 65.8
 24.6 65.9
 24.6 65.8
 24.6 65.7
 24.7 65.6
 25.0 65.6
 25.3 65.5
 25.4 65.4
 25.3 65.4
 25.3 65.3
 25.3 65.2
 25.2 65.1
 25.4 65.0
 25.4 64.9
 25.2 65.0
 25.3 64.9
 25.4 64.9
 25.4 64.8
 25.3 64.8
 25.1 64.9
 24.7 64.8
 24.6 64.8
 24.2 64.5
 24.0 64.4
 23.9 64.2
 23.9 64.3
 23.8 64.2
 23.6 64.1
 23.6 64.0
 23.4 64.0
 23.4 63.9
 23.2 63.9
 23.0 63.8
 22.9 63.8
 22.8 63.6
 22.7 63.6
 22.7 63.7
 22.6 63.7
 22.5 63.6
 22.4 63.5
 22.3 63.5
 22.4 63.4
 22.2 63.5
 22.2 63.4
 22.4 63.3
 22.3 63.3
 22.2 63.2
 22.0 63.2
 22.0 63.1
 21.9 63.2
 21.9 63.3
 21.7 63.2
 21.6 63.2
 21.5 63.2
 21.6 63.1
 21.7 63.0
 21.6 63.0
 21.5 63.1
 21.4 63.0
 21.5 62.9
 21.4 62.9
 21.2 62.9
 21.2 62.8
 21.1 62.8
 21.1 62.7
 21.1 62.6
 21.2 62.6
 21.1 62.5
 21.1 62.4
 21.2 62.4
 21.2 62.3
 21.3 62.4
 21.3 62.3
 21.3 62.4
 21.4 62.2
 21.2 62.0
 21.3 61.9
 21.4 61.9
 21.5 61.7
 21.6 61.6
 21.7 61.5
 21.5 61.6
 21.5 61.5
 21.6 61.5
 21.4 61.5
 21.6 61.4
 21.5 61.4
 21.4 61.4
 21.5 61.4
 21.5 61.3
 21.5 61.2
 21.6 61.2
 21.4 61.1
 21.5 61.1
 21.3 61.1
 21.4 60.9
 21.3 60.9
 21.4 60.7
 21.4 60.6
 21.5 60.6
 21.4 60.6
 21.6 60.5
 21.7 60.5
 21.8 60.6
 21.8 60.5
 21.9 60.5
 21.8 60.5
 21.9 60.5
 22.0 60.4
 22.2 60.4
 22.3 60.4
 22.5 60.4
 22.6 60.4
 22.4 60.2
 22.6 60.2
 23.1 60.4
 23.1 60.3
 22.9 60.2
 23.0 60.1
 23.0 60.0
 23.2 60.0
 23.1 60.0
 23.2 59.9
 23.3 60.0
 23.3 59.9
 23.2 59.9
 22.9 59.8
 23.3 59.8
 23.2 59.9
 23.3 59.9
 23.5 60.0
 23.5 60.1
 23.5 60.0
 23.4 60.0
 23.7 60.0
 24.0 60.0
 24.2 60.0
 24.4 60.1
 24.3 60.0
 24.5 60.0
 24.4 60.0
 24.5 60.0
 24.6 60.1
 24.6 60.2
 24.7 60.1
 24.8 60.2
 24.9 60.2
 24.9 60.1
 25.0 60.1
 25.0 60.2
 25.0 60.1
 25.2 60.2
 25.4 60.2
 25.5 60.3
 25.7 60.4
 25.7 60.3
 25.8 60.2
 25.8 60.3
 25.9 60.2
 25.9 60.3
 25.9 60.4
 25.8 60.4
 26.0 60.3
 26.1 60.3
 26.0 60.4
 25.9 60.5
 26.1 60.4
 26.2 60.4
 26.3 60.4
 26.5 60.4
 26.5 60.5
 26.6 60.6
 26.7 60.6
 26.8 60.6
 26.6 60.6
 26.5 60.5
 26.5 60.4
 26.6 60.5
 26.7 60.4
 26.8 60.5
 27.0 60.4
 27.0 60.5
 27.1 60.5
 27.2 60.6
 27.4 60.5
 27.5 60.5
 27.6 60.5
 27.7 60.5
 27.6 60.5
 27.8 60.5
 27.7 60.6
 27.8 60.6
 27.8 60.5
 28.4 60.9
 28.6 61.0
 28.7 61.0
 29.0 61.2
 29.7 61.6
 29.8 61.7
 30.0 61.8
 30.2 61.9
 30.5 62.1
 31.3 62.5
 31.4 62.8
 31.6 62.9
 31.3 63.1
 31.3 63.2
 31.2 63.2
 31.0 63.3
 30.9 63.4
 30.5 63.5
 30.0 63.7
 30.0 63.8
 30.3 63.8
 30.6 64.0
 30.6 64.1
 30.6 64.2
 30.4 64.3
 30.2 64.4
 30.1 64.4
 30.1 64.5
 30.0 64.5
 30.0 64.6
 30.2 64.6
 30.2 64.7
 30.1 64.7
 30.1 64.8
 29.8 64.8
 29.6 64.9
 29.6 65.0
 29.6 65.1
 29.9 65.1
 29.8 65.1
 29.9 65.2
 29.8 65.2
 29.6 65.2
 29.6 65.3
 29.7 65.3
 29.7 65.5
 29.8 65.6
 29.9 65.6
 29.7 65.6
 30.0 65.7
 30.1 65.7
 29.9 66.0
 29.6 66.3
 29.5 66.5
 29.4 66.6
 29.4 66.7
 29.2 66.8
 29.1 66.9
 29.1 67.0
 29.4 67.2
 29.9 67.5
 30.0 67.6
 30.0 67.7
 29.7 67.8
 29.4 68.1
 28.7 68.2
 28.5 68.5
 28.8 68.8
 28.7 68.9
 28.4 68.9
 28.5 68.9
 29.0 69.1
 28.8 69.1
 28.8 69.2
 29.3 69.5
 29.1 69.7
 28.4 69.8
 28.1 69.9
 28.0 70.1
 27.8 70.1
 27.4 70.0
 27.3 70.0
 27.0 69.9
 26.8 70.0
 26.5 69.9
 26.4 69.8
 26.0 69.7
 25.9 69.7
 26.0 69.6
 25.9 69.6
 25.9 69.5
 25.8 69.4
 25.8 69.3
 25.7 69.2
 25.8 69.0
 25.6 68.9
 25.4 68.9
 25.2 68.8
 25.1 68.6
 24.9 68.6
 24.8 68.6
 24.7 68.7
 24.1 68.8
 24.0 68.8
 23.9 68.8
 23.7 68.7
 23.2 68.6
 23.1 68.7
 22.4 68.7
 22.3 68.8
 21.7 69.3
 21.3 69.3
 21.1 69.2
 21.0 69.2
 21.1 69.1
 21.1 69.0
 20.7 69.1
 20.6 69.1
 20.9 69.0
 20.9 68.9
 21.2 68.8
 21.7 68.6
 21.8 68.6
 21.9 68.6
 22.1 68.5
 22.7 68.4
 23.1 68.2
 23.2 68.2
 23.1 68.1
 23.3 68.1
 23.5 68.0
 23.7 68.0
 23.7 67.9
 23.5 67.9
 23.5 67.8
 23.6 67.6
 23.4 67.5
 23.5 67.4
 23.5 67.5
 23.8 67.4
 23.8 67.3
 23.7 67.3
 23.6 67.3
 23.6 67.2
 23.7 67.0
 23.9 66.9
 24.0 66.8
 23.9 66.8
 23.9 66.6
 23.7 66.5
 23.7 66.4
 23.7 66.2
 24.0 66.1
 24.2 65.8
 

