2.5 51.1
 2.5 51.1
 1.9 51.0
 1.6 50.9
 1.6 50.6
 1.6 50.4
 1.5 50.3
 1.6 50.2
 1.7 50.2
 1.6 50.2
 1.5 50.2
 1.4 50.1
 1.1 49.9
 0.6 49.9
 0.2 49.7
 0.1 49.5
 0.4 49.5
 0.2 49.4
 -0.2 49.3
 -0.4 49.3
 -1.0 49.4
 -1.1 49.3
 -1.3 49.5
 -1.3 49.6
 -1.3 49.7
 -1.4 49.7
 -1.5 49.7
 -1.9 49.7
 -1.9 49.6
 -1.8 49.6
 -1.9 49.5
 -1.8 49.5
 -1.8 49.4
 -1.6 49.2
 -1.5 49.2
 -1.6 49.1
 -1.6 49.0
 -1.5 48.9
 -1.6 48.8
 -1.6 48.7
 -1.4 48.7
 -1.6 48.6
 -1.8 48.6
 -1.9 48.6
 -1.8 48.7
 -2.0 48.7
 -2.0 48.6
 -2.0 48.5
 -2.0 48.6
 -2.1 48.6
 -2.2 48.6
 -2.3 48.6
 -2.3 48.7
 -2.5 48.6
 -2.7 48.5
 -2.8 48.6
 -2.8 48.7
 -2.9 48.7
 -2.9 48.8
 -3.1 48.8
 -3.1 48.9
 -3.2 48.8
 -3.2 48.9
 -3.3 48.8
 -3.5 48.8
 -3.6 48.8
 -3.5 48.7
 -3.6 48.7
 -3.8 48.7
 -3.9 48.6
 -3.9 48.7
 -4.0 48.7
 -4.2 48.7
 -4.2 48.6
 -4.3 48.7
 -4.4 48.7
 -4.6 48.6
 -4.7 48.5
 -4.8 48.4
 -4.8 48.3
 -4.3 48.4
 -4.4 48.4
 -4.4 48.3
 -4.3 48.4
 -4.3 48.3
 -4.2 48.3
 -4.5 48.3
 -4.6 48.3
 -4.6 48.2
 -4.5 48.2
 -4.4 48.2
 -4.3 48.2
 -4.3 48.1
 -4.7 48.1
 -4.7 48.0
 -4.6 48.0
 -4.5 48.0
 -4.4 48.0
 -4.3 47.9
 -4.4 47.8
 -4.2 47.8
 -4.2 47.9
 -4.1 47.9
 -4.0 47.9
 -3.8 47.8
 -3.7 47.8
 -3.4 47.7
 -3.3 47.8
 -3.4 47.7
 -3.2 47.7
 -3.1 47.7
 -3.2 47.7
 -3.1 47.6
 -3.1 47.5
 -3.1 47.6
 -3.0 47.6
 -2.9 47.6
 -2.8 47.6
 -2.7 47.6
 -2.7 47.5
 -2.9 47.6
 -2.8 47.5
 -2.7 47.5
 -2.4 47.5
 -2.5 47.5
 -2.4 47.4
 -2.6 47.4
 -2.4 47.3
 -2.5 47.3
 -2.3 47.2
 -2.2 47.3
 -2.0 47.3
 -1.8 47.2
 -2.0 47.3
 -2.2 47.3
 -2.2 47.2
 -2.2 47.1
 -2.1 47.1
 -2.0 47.0
 -2.1 46.9
 -2.1 46.8
 -1.9 46.7
 -1.8 46.5
 -1.7 46.5
 -1.5 46.4
 -1.4 46.3
 -1.2 46.3
 -1.1 46.3
 -1.2 46.2
 -1.1 46.1
 -1.1 46.0
 -1.1 45.8
 -1.0 45.7
 -1.1 45.8
 -1.2 45.8
 -1.2 45.7
 -0.9 45.5
 -0.7 45.4
 -0.7 45.1
 -0.6 45.1
 -0.5 45.0
 -0.6 45.0
 -0.7 45.1
 -0.7 45.2
 -0.8 45.4
 -1.1 45.5
 -1.1 45.6
 -1.2 45.1
 -1.3 44.7
 -1.2 44.6
 -1.2 44.8
 -1.1 44.8
 -1.0 44.7
 -1.1 44.7
 -1.2 44.7
 -1.2 44.6
 -1.3 44.3
 -1.4 43.8
 -1.5 43.6
 -1.7 43.4
 -1.8 43.4
 -1.7 43.3
 -1.6 43.3
 -1.4 43.3
 -1.4 43.2
 -1.5 43.1
 -1.4 43.0
 -1.3 43.1
 -0.8 42.9
 -0.7 43.0
 -0.7 42.9
 -0.5 42.8
 -0.4 42.8
 -0.3 42.8
 -0.2 42.8
 -0.1 42.8
 -0.1 42.7
 0.3 42.7
 0.4 42.7
 0.7 42.7
 0.7 42.8
 0.8 42.8
 1.4 42.7
 1.4 42.6
 1.5 42.7
 1.8 42.6
 1.7 42.5
 1.8 42.5
 2.0 42.4
 2.1 42.4
 2.3 42.4
 2.5 42.4
 2.7 42.3
 2.7 42.4
 3.0 42.5
 3.2 42.4
 3.0 42.6
 3.1 42.9
 3.0 42.8
 3.0 42.9
 3.1 43.1
 3.0 43.1
 3.1 43.1
 3.3 43.3
 3.5 43.3
 3.9 43.5
 4.1 43.6
 4.1 43.5
 4.2 43.5
 4.3 43.5
 4.4 43.5
 4.5 43.5
 4.6 43.4
 4.8 43.4
 4.7 43.4
 4.8 43.4
 4.9 43.4
 5.0 43.4
 5.1 43.4
 5.1 43.5
 5.0 43.5
 5.0 43.6
 5.2 43.5
 5.0 43.4
 5.1 43.3
 5.3 43.4
 5.4 43.3
 5.4 43.2
 5.8 43.1
 5.9 43.1
 6.1 43.1
 6.2 43.1
 6.4 43.1
 6.6 43.2
 6.7 43.2
 6.6 43.3
 6.7 43.3
 6.7 43.4
 6.9 43.4
 7.0 43.6
 7.1 43.6
 7.2 43.7
 7.3 43.7
 7.4 43.7
 7.4 43.8
 7.5 43.8
 7.5 43.9
 7.7 44.1
 7.7 44.2
 7.3 44.2
 6.9 44.3
 6.9 44.4
 6.9 44.5
 7.0 44.6
 7.0 44.7
 7.1 44.7
 7.0 44.8
 6.7 44.9
 6.7 45.0
 6.6 45.1
 6.8 45.2
 6.9 45.1
 7.1 45.3
 7.1 45.4
 7.2 45.4
 7.0 45.5
 7.0 45.6
 6.8 45.7
 6.8 45.8
 7.0 45.9
 6.9 46.1
 6.8 46.1
 6.8 46.2
 6.8 46.3
 6.8 46.4
 6.6 46.5
 6.3 46.4
 6.2 46.4
 6.2 46.3
 6.3 46.3
 6.2 46.2
 6.0 46.1
 6.0 46.2
 6.1 46.3
 6.1 46.4
 6.1 46.5
 6.1 46.6
 6.3 46.7
 6.5 46.8
 6.4 46.9
 6.6 47.0
 6.7 47.0
 6.7 47.1
 6.9 47.3
 7.0 47.3
 7.1 47.3
 7.0 47.4
 6.9 47.4
 7.0 47.4
 7.0 47.5
 7.2 47.5
 7.2 47.4
 7.4 47.4
 7.5 47.5
 7.6 47.6
 7.5 47.7
 7.6 48.0
 7.6 48.2
 7.8 48.3
 7.8 48.5
 7.8 48.6
 7.9 48.7
 8.1 48.9
 8.2 49.0
 7.9 49.0
 7.7 49.0
 7.5 49.1
 7.5 49.2
 7.4 49.2
 7.4 49.1
 7.1 49.1
 7.0 49.1
 7.0 49.2
 6.8 49.2
 6.6 49.3
 6.6 49.4
 6.5 49.4
 6.4 49.5
 6.2 49.5
 6.0 49.4
 6.0 49.5
 5.8 49.5
 5.7 49.5
 5.5 49.5
 5.4 49.6
 5.3 49.6
 5.3 49.7
 5.2 49.7
 5.1 49.8
 4.9 49.8
 4.9 49.9
 4.8 50.0
 4.9 50.1
 4.9 50.2
 4.8 50.1
 4.7 50.0
 4.5 49.9
 4.2 50.0
 4.2 50.1
 4.1 50.1
 4.2 50.3
 4.1 50.3
 3.8 50.4
 3.7 50.3
 3.7 50.4
 3.6 50.5
 3.4 50.5
 3.3 50.5
 3.3 50.6
 3.2 50.7
 3.1 50.8
 3.0 50.8
 2.9 50.7
 2.8 50.8
 2.6 50.8
 2.6 50.9
 2.5 51.1
 

2.5 51.1
 2.5 51.1
 1.9 51.0
 1.6 50.9
 1.6 50.6
 1.6 50.4
 1.5 50.3
 1.6 50.2
 1.7 50.2
 1.6 50.2
 1.5 50.2
 1.4 50.1
 1.1 49.9
 0.6 49.9
 0.2 49.7
 0.1 49.5
 0.4 49.5
 0.2 49.4
 -0.2 49.3
 -0.4 49.3
 -1.0 49.4
 -1.1 49.3
 -1.3 49.5
 -1.3 49.6
 -1.3 49.7
 -1.4 49.7
 -1.5 49.7
 -1.9 49.7
 -1.9 49.6
 -1.8 49.6
 -1.9 49.5
 -1.8 49.5
 -1.8 49.4
 -1.6 49.2
 -1.5 49.2
 -1.6 49.1
 -1.6 49.0
 -1.5 48.9
 -1.6 48.8
 -1.6 48.7
 -1.4 48.7
 -1.6 48.6
 -1.8 48.6
 -1.9 48.6
 -1.8 48.7
 -2.0 48.7
 -2.0 48.6
 -2.0 48.5
 -2.0 48.6
 -2.1 48.6
 -2.2 48.6
 -2.3 48.6
 -2.3 48.7
 -2.5 48.6
 -2.7 48.5
 -2.8 48.6
 -2.8 48.7
 -2.9 48.7
 -2.9 48.8
 -3.1 48.8
 -3.1 48.9
 -3.2 48.8
 -3.2 48.9
 -3.3 48.8
 -3.5 48.8
 -3.6 48.8
 -3.5 48.7
 -3.6 48.7
 -3.8 48.7
 -3.9 48.6
 -3.9 48.7
 -4.0 48.7
 -4.2 48.7
 -4.2 48.6
 -4.3 48.7
 -4.4 48.7
 -4.6 48.6
 -4.7 48.5
 -4.8 48.4
 -4.8 48.3
 -4.3 48.4
 -4.4 48.4
 -4.4 48.3
 -4.3 48.4
 -4.3 48.3
 -4.2 48.3
 -4.5 48.3
 -4.6 48.3
 -4.6 48.2
 -4.5 48.2
 -4.4 48.2
 -4.3 48.2
 -4.3 48.1
 -4.7 48.1
 -4.7 48.0
 -4.6 48.0
 -4.5 48.0
 -4.4 48.0
 -4.3 47.9
 -4.4 47.8
 -4.2 47.8
 -4.2 47.9
 -4.1 47.9
 -4.0 47.9
 -3.8 47.8
 -3.7 47.8
 -3.4 47.7
 -3.3 47.8
 -3.4 47.7
 -3.2 47.7
 -3.1 47.7
 -3.2 47.7
 -3.1 47.6
 -3.1 47.5
 -3.1 47.6
 -3.0 47.6
 -2.9 47.6
 -2.8 47.6
 -2.7 47.6
 -2.7 47.5
 -2.9 47.6
 -2.8 47.5
 -2.7 47.5
 -2.4 47.5
 -2.5 47.5
 -2.4 47.4
 -2.6 47.4
 -2.4 47.3
 -2.5 47.3
 -2.3 47.2
 -2.2 47.3
 -2.0 47.3
 -1.8 47.2
 -2.0 47.3
 -2.2 47.3
 -2.2 47.2
 -2.2 47.1
 -2.1 47.1
 -2.0 47.0
 -2.1 46.9
 -2.1 46.8
 -1.9 46.7
 -1.8 46.5
 -1.7 46.5
 -1.5 46.4
 -1.4 46.3
 -1.2 46.3
 -1.1 46.3
 -1.2 46.2
 -1.1 46.1
 -1.1 46.0
 -1.1 45.8
 -1.0 45.7
 -1.1 45.8
 -1.2 45.8
 -1.2 45.7
 -0.9 45.5
 -0.7 45.4
 -0.7 45.1
 -0.6 45.1
 -0.5 45.0
 -0.6 45.0
 -0.7 45.1
 -0.7 45.2
 -0.8 45.4
 -1.1 45.5
 -1.1 45.6
 -1.2 45.1
 -1.3 44.7
 -1.2 44.6
 -1.2 44.8
 -1.1 44.8
 -1.0 44.7
 -1.1 44.7
 -1.2 44.7
 -1.2 44.6
 -1.3 44.3
 -1.4 43.8
 -1.5 43.6
 -1.7 43.4
 -1.8 43.4
 -1.7 43.3
 -1.6 43.3
 -1.4 43.3
 -1.4 43.2
 -1.5 43.1
 -1.4 43.0
 -1.3 43.1
 -0.8 42.9
 -0.7 43.0
 -0.7 42.9
 -0.5 42.8
 -0.4 42.8
 -0.3 42.8
 -0.2 42.8
 -0.1 42.8
 -0.1 42.7
 0.3 42.7
 0.4 42.7
 0.7 42.7
 0.7 42.8
 0.8 42.8
 1.4 42.7
 1.4 42.6
 1.5 42.7
 1.8 42.6
 1.7 42.5
 1.8 42.5
 2.0 42.4
 2.1 42.4
 2.3 42.4
 2.5 42.4
 2.7 42.3
 2.7 42.4
 3.0 42.5
 3.2 42.4
 3.0 42.6
 3.1 42.9
 3.0 42.8
 3.0 42.9
 3.1 43.1
 3.0 43.1
 3.1 43.1
 3.3 43.3
 3.5 43.3
 3.9 43.5
 4.1 43.6
 4.1 43.5
 4.2 43.5
 4.3 43.5
 4.4 43.5
 4.5 43.5
 4.6 43.4
 4.8 43.4
 4.7 43.4
 4.8 43.4
 4.9 43.4
 5.0 43.4
 5.1 43.4
 5.1 43.5
 5.0 43.5
 5.0 43.6
 5.2 43.5
 5.0 43.4
 5.1 43.3
 5.3 43.4
 5.4 43.3
 5.4 43.2
 5.8 43.1
 5.9 43.1
 6.1 43.1
 6.2 43.1
 6.4 43.1
 6.6 43.2
 6.7 43.2
 6.6 43.3
 6.7 43.3
 6.7 43.4
 6.9 43.4
 7.0 43.6
 7.1 43.6
 7.2 43.7
 7.3 43.7
 7.4 43.7
 7.4 43.8
 7.5 43.8
 7.5 43.9
 7.7 44.1
 7.7 44.2
 7.3 44.2
 6.9 44.3
 6.9 44.4
 6.9 44.5
 7.0 44.6
 7.0 44.7
 7.1 44.7
 7.0 44.8
 6.7 44.9
 6.7 45.0
 6.6 45.1
 6.8 45.2
 6.9 45.1
 7.1 45.3
 7.1 45.4
 7.2 45.4
 7.0 45.5
 7.0 45.6
 6.8 45.7
 6.8 45.8
 7.0 45.9
 6.9 46.1
 6.8 46.1
 6.8 46.2
 6.8 46.3
 6.8 46.4
 6.6 46.5
 6.3 46.4
 6.2 46.4
 6.2 46.3
 6.3 46.3
 6.2 46.2
 6.0 46.1
 6.0 46.2
 6.1 46.3
 6.1 46.4
 6.1 46.5
 6.1 46.6
 6.3 46.7
 6.5 46.8
 6.4 46.9
 6.6 47.0
 6.7 47.0
 6.7 47.1
 6.9 47.3
 7.0 47.3
 7.1 47.3
 7.0 47.4
 6.9 47.4
 7.0 47.4
 7.0 47.5
 7.2 47.5
 7.2 47.4
 7.4 47.4
 7.5 47.5
 7.6 47.6
 7.5 47.7
 7.6 48.0
 7.6 48.2
 7.8 48.3
 7.8 48.5
 7.8 48.6
 7.9 48.7
 8.1 48.9
 8.2 49.0
 7.9 49.0
 7.7 49.0
 7.5 49.1
 7.5 49.2
 7.4 49.2
 7.4 49.1
 7.1 49.1
 7.0 49.1
 7.0 49.2
 6.8 49.2
 6.6 49.3
 6.6 49.4
 6.5 49.4
 6.4 49.5
 6.2 49.5
 6.0 49.4
 6.0 49.5
 5.8 49.5
 5.7 49.5
 5.5 49.5
 5.4 49.6
 5.3 49.6
 5.3 49.7
 5.2 49.7
 5.1 49.8
 4.9 49.8
 4.9 49.9
 4.8 50.0
 4.9 50.1
 4.9 50.2
 4.8 50.1
 4.7 50.0
 4.5 49.9
 4.2 50.0
 4.2 50.1
 4.1 50.1
 4.2 50.3
 4.1 50.3
 3.8 50.4
 3.7 50.3
 3.7 50.4
 3.6 50.5
 3.4 50.5
 3.3 50.5
 3.3 50.6
 3.2 50.7
 3.1 50.8
 3.0 50.8
 2.9 50.7
 2.8 50.8
 2.6 50.8
 2.6 50.9
 2.5 51.1
 

