20.0 39.7
 20.1 39.7
 20.2 39.6
 20.1 39.6
 20.2 39.5
 20.3 39.4
 20.2 39.4
 20.3 39.3
 20.5 39.3
 20.5 39.2
 20.7 39.1
 20.7 39.0
 20.8 39.0
 20.7 39.0
 20.8 39.1
 20.9 39.1
 20.9 39.0
 21.0 39.0
 21.1 39.1
 21.2 39.0
 21.1 39.0
 21.2 38.9
 21.1 38.9
 21.0 38.9
 20.8 38.9
 20.8 39.0
 20.7 38.9
 20.8 38.9
 20.7 38.8
 20.8 38.8
 20.9 38.8
 20.9 38.7
 21.0 38.7
 21.0 38.5
 21.1 38.5
 21.1 38.4
 21.2 38.3
 21.3 38.4
 21.3 38.5
 21.4 38.4
 21.5 38.4
 21.5 38.3
 21.6 38.3
 21.8 38.3
 21.8 38.4
 22.0 38.4
 22.2 38.3
 22.2 38.4
 22.4 38.3
 22.4 38.4
 22.5 38.4
 22.5 38.3
 22.6 38.3
 22.7 38.4
 22.7 38.3
 22.8 38.3
 22.8 38.2
 22.9 38.2
 23.0 38.2
 23.2 38.2
 23.2 38.1
 23.1 38.1
 22.9 38.1
 22.9 38.0
 23.0 38.0
 22.9 37.9
 22.7 38.1
 22.3 38.2
 22.1 38.3
 21.8 38.3
 21.7 38.3
 21.6 38.2
 21.4 38.2
 21.3 38.0
 21.2 37.9
 21.1 37.9
 21.1 37.8
 21.3 37.8
 21.3 37.7
 21.4 37.7
 21.6 37.5
 21.7 37.4
 21.7 37.3
 21.6 37.3
 21.6 37.2
 21.6 37.1
 21.7 36.9
 21.7 36.8
 21.8 36.8
 21.9 36.7
 21.9 36.8
 21.9 36.9
 22.0 37.0
 22.1 37.0
 22.2 37.0
 22.1 36.9
 22.2 36.9
 22.4 36.6
 22.4 36.5
 22.5 36.4
 22.5 36.6
 22.6 36.8
 22.8 36.8
 22.9 36.6
 23.1 36.5
 23.1 36.4
 23.2 36.4
 23.2 36.5
 23.1 36.5
 23.2 36.5
 23.1 36.6
 23.0 36.7
 23.1 36.8
 23.0 37.0
 22.9 37.1
 22.9 37.2
 22.8 37.4
 22.7 37.6
 22.8 37.6
 22.8 37.5
 22.9 37.5
 23.1 37.4
 23.2 37.3
 23.3 37.3
 23.2 37.4
 23.4 37.4
 23.5 37.4
 23.4 37.6
 23.3 37.6
 23.4 37.5
 23.3 37.5
 23.2 37.6
 23.2 37.7
 23.1 37.7
 23.2 37.8
 23.0 37.8
 23.0 37.9
 23.2 38.0
 23.3 38.0
 23.5 38.0
 23.6 38.0
 23.7 37.9
 23.9 37.8
 24.0 37.7
 24.1 37.7
 24.1 37.8
 24.0 37.9
 24.0 38.1
 24.1 38.1
 24.1 38.2
 23.9 38.3
 23.7 38.3
 23.6 38.5
 23.4 38.5
 23.3 38.6
 23.2 38.7
 23.1 38.6
 23.0 38.8
 22.8 38.8
 22.7 38.8
 22.6 38.8
 22.5 38.9
 22.7 38.9
 22.9 38.9
 23.1 39.0
 23.0 39.0
 22.9 39.2
 22.8 39.3
 22.9 39.3
 22.9 39.4
 23.1 39.3
 23.2 39.2
 23.1 39.1
 23.1 39.2
 23.1 39.1
 23.3 39.2
 23.2 39.4
 22.9 39.6
 22.8 39.8
 22.7 39.9
 22.6 40.0
 22.5 40.2
 22.7 40.4
 22.6 40.4
 22.6 40.5
 22.7 40.5
 22.8 40.6
 22.9 40.6
 23.0 40.6
 23.0 40.5
 22.8 40.5
 22.9 40.4
 23.3 40.2
 23.4 40.0
 23.7 39.9
 23.5 40.0
 23.3 40.2
 23.4 40.2
 23.4 40.3
 23.6 40.2
 23.7 40.2
 23.9 40.0
 24.0 40.0
 24.0 40.1
 23.8 40.2
 23.7 40.3
 23.9 40.4
 24.2 40.3
 24.3 40.1
 24.4 40.1
 24.4 40.2
 24.3 40.3
 24.0 40.5
 24.0 40.4
 23.8 40.4
 23.8 40.5
 23.9 40.5
 23.8 40.6
 23.7 40.7
 23.7 40.8
 23.8 40.8
 24.0 40.7
 24.1 40.7
 24.3 40.8
 24.4 40.9
 24.6 41.0
 24.6 40.9
 24.8 40.9
 24.9 40.9
 25.0 40.9
 25.0 41.0
 25.2 41.0
 25.1 41.0
 25.3 40.9
 25.7 40.9
 26.1 40.8
 26.0 40.7
 26.1 40.7
 26.1 40.8
 26.2 40.8
 26.2 40.9
 26.3 40.9
 26.3 41.2
 26.4 41.3
 26.6 41.3
 26.6 41.4
 26.6 41.6
 26.5 41.7
 26.4 41.7
 26.2 41.7
 26.1 41.7
 26.1 41.6
 26.2 41.4
 26.1 41.4
 25.8 41.3
 25.7 41.3
 25.4 41.3
 25.2 41.3
 24.9 41.4
 24.8 41.4
 24.7 41.4
 24.5 41.6
 24.4 41.5
 24.3 41.5
 24.2 41.6
 24.2 41.5
 24.1 41.5
 24.0 41.4
 23.9 41.5
 23.7 41.4
 23.3 41.4
 23.2 41.3
 22.9 41.3
 22.8 41.3
 22.8 41.2
 22.7 41.2
 22.7 41.1
 22.7 41.2
 22.6 41.1
 22.5 41.1
 22.2 41.2
 22.1 41.1
 22.1 41.2
 21.9 41.1
 21.8 40.9
 21.7 40.9
 21.5 40.9
 21.3 40.9
 21.1 40.9
 21.0 40.9
 21.0 40.8
 21.0 40.7
 21.1 40.7
 21.1 40.6
 20.9 40.5
 20.8 40.5
 20.8 40.4
 20.7 40.1
 20.6 40.1
 20.5 40.1
 20.4 40.1
 20.4 40.0
 20.3 40.0
 20.4 39.9
 20.4 39.8
 20.3 39.8
 20.3 39.7
 20.0 39.7
 

20.0 39.7
 20.1 39.7
 20.2 39.6
 20.1 39.6
 20.2 39.5
 20.3 39.4
 20.2 39.4
 20.3 39.3
 20.5 39.3
 20.5 39.2
 20.7 39.1
 20.7 39.0
 20.8 39.0
 20.7 39.0
 20.8 39.1
 20.9 39.1
 20.9 39.0
 21.0 39.0
 21.1 39.1
 21.2 39.0
 21.1 39.0
 21.2 38.9
 21.1 38.9
 21.0 38.9
 20.8 38.9
 20.8 39.0
 20.7 38.9
 20.8 38.9
 20.7 38.8
 20.8 38.8
 20.9 38.8
 20.9 38.7
 21.0 38.7
 21.0 38.5
 21.1 38.5
 21.1 38.4
 21.2 38.3
 21.3 38.4
 21.3 38.5
 21.4 38.4
 21.5 38.4
 21.5 38.3
 21.6 38.3
 21.8 38.3
 21.8 38.4
 22.0 38.4
 22.2 38.3
 22.2 38.4
 22.4 38.3
 22.4 38.4
 22.5 38.4
 22.5 38.3
 22.6 38.3
 22.7 38.4
 22.7 38.3
 22.8 38.3
 22.8 38.2
 22.9 38.2
 23.0 38.2
 23.2 38.2
 23.2 38.1
 23.1 38.1
 22.9 38.1
 22.9 38.0
 23.0 38.0
 22.9 37.9
 22.7 38.1
 22.3 38.2
 22.1 38.3
 21.8 38.3
 21.7 38.3
 21.6 38.2
 21.4 38.2
 21.3 38.0
 21.2 37.9
 21.1 37.9
 21.1 37.8
 21.3 37.8
 21.3 37.7
 21.4 37.7
 21.6 37.5
 21.7 37.4
 21.7 37.3
 21.6 37.3
 21.6 37.2
 21.6 37.1
 21.7 36.9
 21.7 36.8
 21.8 36.8
 21.9 36.7
 21.9 36.8
 21.9 36.9
 22.0 37.0
 22.1 37.0
 22.2 37.0
 22.1 36.9
 22.2 36.9
 22.4 36.6
 22.4 36.5
 22.5 36.4
 22.5 36.6
 22.6 36.8
 22.8 36.8
 22.9 36.6
 23.1 36.5
 23.1 36.4
 23.2 36.4
 23.2 36.5
 23.1 36.5
 23.2 36.5
 23.1 36.6
 23.0 36.7
 23.1 36.8
 23.0 37.0
 22.9 37.1
 22.9 37.2
 22.8 37.4
 22.7 37.6
 22.8 37.6
 22.8 37.5
 22.9 37.5
 23.1 37.4
 23.2 37.3
 23.3 37.3
 23.2 37.4
 23.4 37.4
 23.5 37.4
 23.4 37.6
 23.3 37.6
 23.4 37.5
 23.3 37.5
 23.2 37.6
 23.2 37.7
 23.1 37.7
 23.2 37.8
 23.0 37.8
 23.0 37.9
 23.2 38.0
 23.3 38.0
 23.5 38.0
 23.6 38.0
 23.7 37.9
 23.9 37.8
 24.0 37.7
 24.1 37.7
 24.1 37.8
 24.0 37.9
 24.0 38.1
 24.1 38.1
 24.1 38.2
 23.9 38.3
 23.7 38.3
 23.6 38.5
 23.4 38.5
 23.3 38.6
 23.2 38.7
 23.1 38.6
 23.0 38.8
 22.8 38.8
 22.7 38.8
 22.6 38.8
 22.5 38.9
 22.7 38.9
 22.9 38.9
 23.1 39.0
 23.0 39.0
 22.9 39.2
 22.8 39.3
 22.9 39.3
 22.9 39.4
 23.1 39.3
 23.2 39.2
 23.1 39.1
 23.1 39.2
 23.1 39.1
 23.3 39.2
 23.2 39.4
 22.9 39.6
 22.8 39.8
 22.7 39.9
 22.6 40.0
 22.5 40.2
 22.7 40.4
 22.6 40.4
 22.6 40.5
 22.7 40.5
 22.8 40.6
 22.9 40.6
 23.0 40.6
 23.0 40.5
 22.8 40.5
 22.9 40.4
 23.3 40.2
 23.4 40.0
 23.7 39.9
 23.5 40.0
 23.3 40.2
 23.4 40.2
 23.4 40.3
 23.6 40.2
 23.7 40.2
 23.9 40.0
 24.0 40.0
 24.0 40.1
 23.8 40.2
 23.7 40.3
 23.9 40.4
 24.2 40.3
 24.3 40.1
 24.4 40.1
 24.4 40.2
 24.3 40.3
 24.0 40.5
 24.0 40.4
 23.8 40.4
 23.8 40.5
 23.9 40.5
 23.8 40.6
 23.7 40.7
 23.7 40.8
 23.8 40.8
 24.0 40.7
 24.1 40.7
 24.3 40.8
 24.4 40.9
 24.6 41.0
 24.6 40.9
 24.8 40.9
 24.9 40.9
 25.0 40.9
 25.0 41.0
 25.2 41.0
 25.1 41.0
 25.3 40.9
 25.7 40.9
 26.1 40.8
 26.0 40.7
 26.1 40.7
 26.1 40.8
 26.2 40.8
 26.2 40.9
 26.3 40.9
 26.3 41.2
 26.4 41.3
 26.6 41.3
 26.6 41.4
 26.6 41.6
 26.5 41.7
 26.4 41.7
 26.2 41.7
 26.1 41.7
 26.1 41.6
 26.2 41.4
 26.1 41.4
 25.8 41.3
 25.7 41.3
 25.4 41.3
 25.2 41.3
 24.9 41.4
 24.8 41.4
 24.7 41.4
 24.5 41.6
 24.4 41.5
 24.3 41.5
 24.2 41.6
 24.2 41.5
 24.1 41.5
 24.0 41.4
 23.9 41.5
 23.7 41.4
 23.3 41.4
 23.2 41.3
 22.9 41.3
 22.8 41.3
 22.8 41.2
 22.7 41.2
 22.7 41.1
 22.7 41.2
 22.6 41.1
 22.5 41.1
 22.2 41.2
 22.1 41.1
 22.1 41.2
 21.9 41.1
 21.8 40.9
 21.7 40.9
 21.5 40.9
 21.3 40.9
 21.1 40.9
 21.0 40.9
 21.0 40.8
 21.0 40.7
 21.1 40.7
 21.1 40.6
 20.9 40.5
 20.8 40.5
 20.8 40.4
 20.7 40.1
 20.6 40.1
 20.5 40.1
 20.4 40.1
 20.4 40.0
 20.3 40.0
 20.4 39.9
 20.4 39.8
 20.3 39.8
 20.3 39.7
 20.0 39.7
 

