13.6 45.5
 13.5 45.5
 13.6 45.3
 13.6 45.2
 13.6 45.1
 13.8 44.9
 13.9 44.8
 14.0 44.8
 14.0 44.9
 14.1 45.0
 14.1 44.9
 14.2 45.0
 14.1 45.1
 14.2 45.1
 14.3 45.2
 14.3 45.4
 14.5 45.3
 14.6 45.2
 14.8 45.1
 14.9 45.0
 14.9 44.9
 14.9 44.8
 15.0 44.6
 15.3 44.4
 15.5 44.3
 15.3 44.3
 15.3 44.2
 15.2 44.3
 15.2 44.2
 15.1 44.3
 15.1 44.2
 15.4 44.0
 15.7 43.8
 15.9 43.7
 16.0 43.6
 15.9 43.6
 16.0 43.5
 16.4 43.6
 16.5 43.5
 16.4 43.5
 16.5 43.5
 16.6 43.4
 16.9 43.4
 17.0 43.3
 17.4 43.1
 17.5 43.0
 17.6 42.9
 17.7 43.0
 17.6 43.1
 17.5 43.2
 17.4 43.2
 17.3 43.3
 17.3 43.4
 17.3 43.5
 17.1 43.5
 17.0 43.6
 16.8 43.7
 16.7 43.8
 16.7 43.9
 16.5 44.0
 16.4 44.0
 16.4 44.1
 16.3 44.2
 16.2 44.2
 16.1 44.2
 16.2 44.2
 16.2 44.3
 16.2 44.4
 16.1 44.5
 16.0 44.6
 16.0 44.7
 15.9 44.7
 15.8 44.8
 15.7 44.8
 15.8 44.9
 15.8 45.0
 15.8 45.1
 15.8 45.2
 15.9 45.2
 16.0 45.2
 16.1 45.2
 16.1 45.1
 16.2 45.1
 16.2 45.0
 16.3 45.0
 16.4 45.0
 16.4 45.1
 16.5 45.1
 16.5 45.2
 16.6 45.2
 16.8 45.2
 16.9 45.3
 16.9 45.2
 17.0 45.2
 17.1 45.2
 17.2 45.1
 17.3 45.2
 17.4 45.1
 17.4 45.2
 17.5 45.1
 17.6 45.1
 17.7 45.1
 17.9 45.0
 17.9 45.1
 18.0 45.1
 18.0 45.2
 18.0 45.1
 18.1 45.1
 18.2 45.1
 18.3 45.1
 18.4 45.1
 18.5 45.1
 18.5 45.0
 18.5 45.1
 18.6 45.1
 18.7 45.1
 18.7 45.0
 18.8 45.0
 18.8 44.9
 19.0 44.9
 19.1 44.9
 19.1 45.0
 19.1 45.1
 19.2 45.1
 19.2 45.2
 19.3 45.2
 19.4 45.2
 19.3 45.2
 19.3 45.3
 19.2 45.3
 19.1 45.3
 19.0 45.3
 19.0 45.4
 19.0 45.5
 19.1 45.5
 19.0 45.5
 19.0 45.6
 18.9 45.5
 18.9 45.6
 19.0 45.7
 18.9 45.7
 19.0 45.7
 19.0 45.8
 18.9 45.8
 18.8 45.9
 18.7 45.9
 18.6 45.9
 18.6 45.8
 18.3 45.8
 18.2 45.8
 18.1 45.8
 17.8 45.8
 17.6 45.9
 17.4 46.0
 17.4 45.9
 17.3 46.0
 17.2 46.1
 17.1 46.2
 16.9 46.2
 16.9 46.3
 16.6 46.5
 16.4 46.5
 16.3 46.5
 16.3 46.4
 16.2 46.4
 16.1 46.4
 16.1 46.3
 16.0 46.3
 15.8 46.3
 15.8 46.2
 15.7 46.2
 15.6 46.1
 15.7 46.0
 15.7 45.9
 15.7 45.8
 15.6 45.8
 15.5 45.8
 15.4 45.8
 15.3 45.8
 15.3 45.7
 15.4 45.7
 15.3 45.7
 15.4 45.6
 15.3 45.6
 15.3 45.5
 15.2 45.4
 15.1 45.5
 15.0 45.5
 14.9 45.5
 14.8 45.5
 14.7 45.5
 14.7 45.6
 14.6 45.6
 14.6 45.7
 14.6 45.6
 14.5 45.6
 14.5 45.5
 14.4 45.5
 14.3 45.5
 14.2 45.5
 14.1 45.5
 14.0 45.5
 13.9 45.5
 13.7 45.4
 13.6 45.5
 

13.6 45.5
 13.5 45.5
 13.6 45.3
 13.6 45.2
 13.6 45.1
 13.8 44.9
 13.9 44.8
 14.0 44.8
 14.0 44.9
 14.1 45.0
 14.1 44.9
 14.2 45.0
 14.1 45.1
 14.2 45.1
 14.3 45.2
 14.3 45.4
 14.5 45.3
 14.6 45.2
 14.8 45.1
 14.9 45.0
 14.9 44.9
 14.9 44.8
 15.0 44.6
 15.3 44.4
 15.5 44.3
 15.3 44.3
 15.3 44.2
 15.2 44.3
 15.2 44.2
 15.1 44.3
 15.1 44.2
 15.4 44.0
 15.7 43.8
 15.9 43.7
 16.0 43.6
 15.9 43.6
 16.0 43.5
 16.4 43.6
 16.5 43.5
 16.4 43.5
 16.5 43.5
 16.6 43.4
 16.9 43.4
 17.0 43.3
 17.4 43.1
 17.5 43.0
 17.6 42.9
 17.7 43.0
 17.6 43.1
 17.5 43.2
 17.4 43.2
 17.3 43.3
 17.3 43.4
 17.3 43.5
 17.1 43.5
 17.0 43.6
 16.8 43.7
 16.7 43.8
 16.7 43.9
 16.5 44.0
 16.4 44.0
 16.4 44.1
 16.3 44.2
 16.2 44.2
 16.1 44.2
 16.2 44.2
 16.2 44.3
 16.2 44.4
 16.1 44.5
 16.0 44.6
 16.0 44.7
 15.9 44.7
 15.8 44.8
 15.7 44.8
 15.8 44.9
 15.8 45.0
 15.8 45.1
 15.8 45.2
 15.9 45.2
 16.0 45.2
 16.1 45.2
 16.1 45.1
 16.2 45.1
 16.2 45.0
 16.3 45.0
 16.4 45.0
 16.4 45.1
 16.5 45.1
 16.5 45.2
 16.6 45.2
 16.8 45.2
 16.9 45.3
 16.9 45.2
 17.0 45.2
 17.1 45.2
 17.2 45.1
 17.3 45.2
 17.4 45.1
 17.4 45.2
 17.5 45.1
 17.6 45.1
 17.7 45.1
 17.9 45.0
 17.9 45.1
 18.0 45.1
 18.0 45.2
 18.0 45.1
 18.1 45.1
 18.2 45.1
 18.3 45.1
 18.4 45.1
 18.5 45.1
 18.5 45.0
 18.5 45.1
 18.6 45.1
 18.7 45.1
 18.7 45.0
 18.8 45.0
 18.8 44.9
 19.0 44.9
 19.1 44.9
 19.1 45.0
 19.1 45.1
 19.2 45.1
 19.2 45.2
 19.3 45.2
 19.4 45.2
 19.3 45.2
 19.3 45.3
 19.2 45.3
 19.1 45.3
 19.0 45.3
 19.0 45.4
 19.0 45.5
 19.1 45.5
 19.0 45.5
 19.0 45.6
 18.9 45.5
 18.9 45.6
 19.0 45.7
 18.9 45.7
 19.0 45.7
 19.0 45.8
 18.9 45.8
 18.8 45.9
 18.7 45.9
 18.6 45.9
 18.6 45.8
 18.3 45.8
 18.2 45.8
 18.1 45.8
 17.8 45.8
 17.6 45.9
 17.4 46.0
 17.4 45.9
 17.3 46.0
 17.2 46.1
 17.1 46.2
 16.9 46.2
 16.9 46.3
 16.6 46.5
 16.4 46.5
 16.3 46.5
 16.3 46.4
 16.2 46.4
 16.1 46.4
 16.1 46.3
 16.0 46.3
 15.8 46.3
 15.8 46.2
 15.7 46.2
 15.6 46.1
 15.7 46.0
 15.7 45.9
 15.7 45.8
 15.6 45.8
 15.5 45.8
 15.4 45.8
 15.3 45.8
 15.3 45.7
 15.4 45.7
 15.3 45.7
 15.4 45.6
 15.3 45.6
 15.3 45.5
 15.2 45.4
 15.1 45.5
 15.0 45.5
 14.9 45.5
 14.8 45.5
 14.7 45.5
 14.7 45.6
 14.6 45.6
 14.6 45.7
 14.6 45.6
 14.5 45.6
 14.5 45.5
 14.4 45.5
 14.3 45.5
 14.2 45.5
 14.1 45.5
 14.0 45.5
 13.9 45.5
 13.7 45.4
 13.6 45.5
 

