17.2 48.0
 17.1 48.0
 17.1 47.9
 17.0 47.9
 17.1 47.8
 17.1 47.7
 16.8 47.7
 16.7 47.7
 16.6 47.8
 16.5 47.7
 16.4 47.7
 16.6 47.6
 16.7 47.5
 16.6 47.5
 16.5 47.4
 16.5 47.3
 16.4 47.3
 16.5 47.1
 16.5 47.2
 16.5 47.1
 16.5 47.0
 16.3 47.0
 16.1 46.9
 16.3 46.9
 16.4 46.8
 16.3 46.8
 16.4 46.7
 16.4 46.6
 16.6 46.5
 16.9 46.3
 16.9 46.2
 17.1 46.2
 17.2 46.1
 17.3 46.0
 17.4 45.9
 17.4 46.0
 17.6 45.9
 17.8 45.8
 18.1 45.8
 18.2 45.8
 18.3 45.8
 18.6 45.8
 18.6 45.9
 18.7 45.9
 18.8 45.9
 19.0 46.0
 19.1 46.0
 19.2 46.0
 19.6 46.2
 19.7 46.2
 19.8 46.1
 20.1 46.2
 20.3 46.1
 20.3 46.2
 20.7 46.2
 20.8 46.2
 20.8 46.3
 21.1 46.2
 21.2 46.3
 21.2 46.4
 21.3 46.4
 21.3 46.5
 21.3 46.6
 21.4 46.6
 21.6 46.9
 21.7 47.0
 21.9 47.3
 21.9 47.4
 22.0 47.4
 22.0 47.5
 22.3 47.7
 22.4 47.7
 22.4 47.8
 22.6 47.8
 22.8 47.8
 22.8 47.9
 22.9 48.0
 22.8 48.1
 22.7 48.1
 22.6 48.1
 22.5 48.2
 22.4 48.2
 22.3 48.3
 22.3 48.4
 22.2 48.4
 22.1 48.4
 21.9 48.4
 21.7 48.4
 21.6 48.4
 21.6 48.5
 21.4 48.6
 21.1 48.5
 20.8 48.6
 20.5 48.5
 20.4 48.3
 20.3 48.3
 20.2 48.3
 20.1 48.2
 19.9 48.1
 19.7 48.2
 19.5 48.2
 19.5 48.1
 19.0 48.1
 18.8 48.0
 18.8 47.9
 18.8 47.8
 18.3 47.7
 17.8 47.7
 17.6 47.8
 17.3 48.0
 17.2 48.0
 

17.2 48.0
 17.1 48.0
 17.1 47.9
 17.0 47.9
 17.1 47.8
 17.1 47.7
 16.8 47.7
 16.7 47.7
 16.6 47.8
 16.5 47.7
 16.4 47.7
 16.6 47.6
 16.7 47.5
 16.6 47.5
 16.5 47.4
 16.5 47.3
 16.4 47.3
 16.5 47.1
 16.5 47.2
 16.5 47.1
 16.5 47.0
 16.3 47.0
 16.1 46.9
 16.3 46.9
 16.4 46.8
 16.3 46.8
 16.4 46.7
 16.4 46.6
 16.6 46.5
 16.9 46.3
 16.9 46.2
 17.1 46.2
 17.2 46.1
 17.3 46.0
 17.4 45.9
 17.4 46.0
 17.6 45.9
 17.8 45.8
 18.1 45.8
 18.2 45.8
 18.3 45.8
 18.6 45.8
 18.6 45.9
 18.7 45.9
 18.8 45.9
 19.0 46.0
 19.1 46.0
 19.2 46.0
 19.6 46.2
 19.7 46.2
 19.8 46.1
 20.1 46.2
 20.3 46.1
 20.3 46.2
 20.7 46.2
 20.8 46.2
 20.8 46.3
 21.1 46.2
 21.2 46.3
 21.2 46.4
 21.3 46.4
 21.3 46.5
 21.3 46.6
 21.4 46.6
 21.6 46.9
 21.7 47.0
 21.9 47.3
 21.9 47.4
 22.0 47.4
 22.0 47.5
 22.3 47.7
 22.4 47.7
 22.4 47.8
 22.6 47.8
 22.8 47.8
 22.8 47.9
 22.9 48.0
 22.8 48.1
 22.7 48.1
 22.6 48.1
 22.5 48.2
 22.4 48.2
 22.3 48.3
 22.3 48.4
 22.2 48.4
 22.1 48.4
 21.9 48.4
 21.7 48.4
 21.6 48.4
 21.6 48.5
 21.4 48.6
 21.1 48.5
 20.8 48.6
 20.5 48.5
 20.4 48.3
 20.3 48.3
 20.2 48.3
 20.1 48.2
 19.9 48.1
 19.7 48.2
 19.5 48.2
 19.5 48.1
 19.0 48.1
 18.8 48.0
 18.8 47.9
 18.8 47.8
 18.3 47.7
 17.8 47.7
 17.6 47.8
 17.3 48.0
 17.2 48.0
 

