7.0 45.9
 6.8 45.8
 6.8 45.7
 7.0 45.6
 7.0 45.5
 7.2 45.4
 7.1 45.4
 7.1 45.3
 6.9 45.1
 6.8 45.2
 6.6 45.1
 6.7 45.0
 6.7 44.9
 7.0 44.8
 7.1 44.7
 7.0 44.7
 7.0 44.6
 6.9 44.5
 6.9 44.4
 6.9 44.3
 7.3 44.2
 7.7 44.2
 7.7 44.1
 7.5 43.9
 7.5 43.8
 7.8 43.8
 8.1 43.9
 8.2 44.0
 8.3 44.1
 8.4 44.2
 8.5 44.3
 8.8 44.4
 8.9 44.4
 9.2 44.3
 9.5 44.2
 9.8 44.0
 9.8 44.1
 10.1 44.0
 10.2 43.9
 10.3 43.5
 10.5 43.3
 10.5 43.2
 10.5 43.0
 10.5 42.9
 10.7 42.9
 10.8 42.9
 10.8 42.8
 11.1 42.6
 11.2 42.5
 11.2 42.4
 11.1 42.4
 11.2 42.4
 11.4 42.4
 11.6 42.3
 11.8 42.1
 11.9 42.0
 12.2 41.9
 12.2 41.7
 12.4 41.7
 12.6 41.4
 12.9 41.4
 13.0 41.4
 13.0 41.2
 13.1 41.2
 13.2 41.3
 13.3 41.3
 13.5 41.2
 13.6 41.2
 13.6 41.3
 13.7 41.3
 13.8 41.2
 14.0 40.9
 14.0 40.8
 14.1 40.8
 14.3 40.8
 14.5 40.7
 14.3 40.6
 14.4 40.6
 14.5 40.6
 14.6 40.6
 14.8 40.7
 15.0 40.4
 14.9 40.2
 15.0 40.2
 15.1 40.2
 15.3 40.1
 15.3 40.0
 15.4 40.0
 15.5 40.1
 15.6 40.1
 15.7 39.9
 15.8 39.6
 15.9 39.5
 16.0 39.4
 16.1 39.0
 16.2 38.9
 16.2 38.8
 16.2 38.7
 16.1 38.7
 16.0 38.7
 15.9 38.7
 15.8 38.6
 15.9 38.5
 15.8 38.3
 15.6 38.2
 15.6 38.0
 15.7 38.0
 15.8 37.9
 16.0 37.9
 16.1 37.9
 16.1 38.0
 16.2 38.1
 16.3 38.3
 16.5 38.4
 16.6 38.4
 16.6 38.5
 16.5 38.7
 16.6 38.8
 16.8 38.9
 17.1 38.9
 17.2 39.0
 17.1 39.1
 17.1 39.2
 17.1 39.3
 17.2 39.4
 16.9 39.5
 16.5 39.7
 16.5 39.8
 16.6 40.0
 16.6 40.1
 16.7 40.2
 16.8 40.3
 16.9 40.5
 17.1 40.5
 17.3 40.5
 17.2 40.5
 17.2 40.4
 17.4 40.3
 17.7 40.3
 17.9 40.3
 18.0 40.0
 18.1 39.9
 18.3 39.8
 18.4 39.8
 18.4 40.0
 18.5 40.0
 18.5 40.1
 18.4 40.3
 18.0 40.6
 17.9 40.7
 17.5 40.8
 17.3 41.0
 16.9 41.1
 16.4 41.3
 16.0 41.4
 15.9 41.5
 15.9 41.6
 16.2 41.8
 16.2 41.9
 16.0 41.9
 15.8 41.9
 15.3 41.9
 14.9 42.0
 14.7 42.1
 14.7 42.2
 14.6 42.2
 14.3 42.4
 14.1 42.6
 13.9 42.9
 13.8 43.3
 13.6 43.6
 13.4 43.6
 13.1 43.8
 12.7 44.0
 12.6 44.1
 12.5 44.1
 12.3 44.4
 12.2 44.7
 12.3 44.8
 12.4 44.8
 12.4 44.9
 12.4 44.8
 12.5 44.9
 12.4 45.0
 12.3 45.1
 12.3 45.2
 12.2 45.2
 12.2 45.3
 12.3 45.5
 12.4 45.5
 12.5 45.6
 12.6 45.5
 12.5 45.5
 12.4 45.4
 12.5 45.4
 12.9 45.6
 13.1 45.6
 13.2 45.7
 13.1 45.7
 13.1 45.8
 13.3 45.7
 13.4 45.7
 13.5 45.7
 13.6 45.8
 13.8 45.6
 13.7 45.6
 13.9 45.6
 13.8 45.7
 13.6 45.8
 13.6 45.9
 13.6 46.0
 13.5 46.0
 13.6 46.1
 13.7 46.2
 13.6 46.2
 13.4 46.2
 13.4 46.3
 13.5 46.4
 13.7 46.5
 13.4 46.6
 12.9 46.6
 12.4 46.7
 12.4 46.8
 12.3 46.8
 12.3 46.9
 12.1 46.9
 12.1 47.0
 12.2 47.0
 12.2 47.1
 11.8 47.0
 11.6 47.0
 11.4 47.0
 11.3 47.0
 11.2 47.0
 11.0 46.8
 10.7 46.8
 10.8 46.8
 10.7 46.9
 10.6 46.8
 10.5 46.9
 10.4 46.8
 10.4 46.7
 10.4 46.6
 10.5 46.6
 10.4 46.5
 10.3 46.6
 10.2 46.6
 10.1 46.6
 10.1 46.5
 10.2 46.4
 10.1 46.3
 10.2 46.3
 10.2 46.2
 10.1 46.2
 10.0 46.3
 9.9 46.4
 9.7 46.4
 9.7 46.3
 9.6 46.3
 9.5 46.3
 9.5 46.5
 9.4 46.5
 9.3 46.5
 9.3 46.3
 9.1 46.1
 9.0 46.0
 9.1 45.9
 9.0 45.8
 8.9 45.9
 8.9 46.0
 8.8 46.0
 8.9 46.1
 8.8 46.1
 8.7 46.1
 8.4 46.2
 8.5 46.3
 8.5 46.5
 8.4 46.5
 8.1 46.3
 8.2 46.2
 8.0 46.0
 7.9 46.0
 7.9 45.9
 7.7 46.0
 7.6 46.0
 7.4 45.9
 7.1 45.9
 7.0 45.9
  

7.0 45.9
 6.8 45.8
 6.8 45.7
 7.0 45.6
 7.0 45.5
 7.2 45.4
 7.1 45.4
 7.1 45.3
 6.9 45.1
 6.8 45.2
 6.6 45.1
 6.7 45.0
 6.7 44.9
 7.0 44.8
 7.1 44.7
 7.0 44.7
 7.0 44.6
 6.9 44.5
 6.9 44.4
 6.9 44.3
 7.3 44.2
 7.7 44.2
 7.7 44.1
 7.5 43.9
 7.5 43.8
 7.8 43.8
 8.1 43.9
 8.2 44.0
 8.3 44.1
 8.4 44.2
 8.5 44.3
 8.8 44.4
 8.9 44.4
 9.2 44.3
 9.5 44.2
 9.8 44.0
 9.8 44.1
 10.1 44.0
 10.2 43.9
 10.3 43.5
 10.5 43.3
 10.5 43.2
 10.5 43.0
 10.5 42.9
 10.7 42.9
 10.8 42.9
 10.8 42.8
 11.1 42.6
 11.2 42.5
 11.2 42.4
 11.1 42.4
 11.2 42.4
 11.4 42.4
 11.6 42.3
 11.8 42.1
 11.9 42.0
 12.2 41.9
 12.2 41.7
 12.4 41.7
 12.6 41.4
 12.9 41.4
 13.0 41.4
 13.0 41.2
 13.1 41.2
 13.2 41.3
 13.3 41.3
 13.5 41.2
 13.6 41.2
 13.6 41.3
 13.7 41.3
 13.8 41.2
 14.0 40.9
 14.0 40.8
 14.1 40.8
 14.3 40.8
 14.5 40.7
 14.3 40.6
 14.4 40.6
 14.5 40.6
 14.6 40.6
 14.8 40.7
 15.0 40.4
 14.9 40.2
 15.0 40.2
 15.1 40.2
 15.3 40.1
 15.3 40.0
 15.4 40.0
 15.5 40.1
 15.6 40.1
 15.7 39.9
 15.8 39.6
 15.9 39.5
 16.0 39.4
 16.1 39.0
 16.2 38.9
 16.2 38.8
 16.2 38.7
 16.1 38.7
 16.0 38.7
 15.9 38.7
 15.8 38.6
 15.9 38.5
 15.8 38.3
 15.6 38.2
 15.6 38.0
 15.7 38.0
 15.8 37.9
 16.0 37.9
 16.1 37.9
 16.1 38.0
 16.2 38.1
 16.3 38.3
 16.5 38.4
 16.6 38.4
 16.6 38.5
 16.5 38.7
 16.6 38.8
 16.8 38.9
 17.1 38.9
 17.2 39.0
 17.1 39.1
 17.1 39.2
 17.1 39.3
 17.2 39.4
 16.9 39.5
 16.5 39.7
 16.5 39.8
 16.6 40.0
 16.6 40.1
 16.7 40.2
 16.8 40.3
 16.9 40.5
 17.1 40.5
 17.3 40.5
 17.2 40.5
 17.2 40.4
 17.4 40.3
 17.7 40.3
 17.9 40.3
 18.0 40.0
 18.1 39.9
 18.3 39.8
 18.4 39.8
 18.4 40.0
 18.5 40.0
 18.5 40.1
 18.4 40.3
 18.0 40.6
 17.9 40.7
 17.5 40.8
 17.3 41.0
 16.9 41.1
 16.4 41.3
 16.0 41.4
 15.9 41.5
 15.9 41.6
 16.2 41.8
 16.2 41.9
 16.0 41.9
 15.8 41.9
 15.3 41.9
 14.9 42.0
 14.7 42.1
 14.7 42.2
 14.6 42.2
 14.3 42.4
 14.1 42.6
 13.9 42.9
 13.8 43.3
 13.6 43.6
 13.4 43.6
 13.1 43.8
 12.7 44.0
 12.6 44.1
 12.5 44.1
 12.3 44.4
 12.2 44.7
 12.3 44.8
 12.4 44.8
 12.4 44.9
 12.4 44.8
 12.5 44.9
 12.4 45.0
 12.3 45.1
 12.3 45.2
 12.2 45.2
 12.2 45.3
 12.3 45.5
 12.4 45.5
 12.5 45.6
 12.6 45.5
 12.5 45.5
 12.4 45.4
 12.5 45.4
 12.9 45.6
 13.1 45.6
 13.2 45.7
 13.1 45.7
 13.1 45.8
 13.3 45.7
 13.4 45.7
 13.5 45.7
 13.6 45.8
 13.8 45.6
 13.7 45.6
 13.9 45.6
 13.8 45.7
 13.6 45.8
 13.6 45.9
 13.6 46.0
 13.5 46.0
 13.6 46.1
 13.7 46.2
 13.6 46.2
 13.4 46.2
 13.4 46.3
 13.5 46.4
 13.7 46.5
 13.4 46.6
 12.9 46.6
 12.4 46.7
 12.4 46.8
 12.3 46.8
 12.3 46.9
 12.1 46.9
 12.1 47.0
 12.2 47.0
 12.2 47.1
 11.8 47.0
 11.6 47.0
 11.4 47.0
 11.3 47.0
 11.2 47.0
 11.0 46.8
 10.7 46.8
 10.8 46.8
 10.7 46.9
 10.6 46.8
 10.5 46.9
 10.4 46.8
 10.4 46.7
 10.4 46.6
 10.5 46.6
 10.4 46.5
 10.3 46.6
 10.2 46.6
 10.1 46.6
 10.1 46.5
 10.2 46.4
 10.1 46.3
 10.2 46.3
 10.2 46.2
 10.1 46.2
 10.0 46.3
 9.9 46.4
 9.7 46.4
 9.7 46.3
 9.6 46.3
 9.5 46.3
 9.5 46.5
 9.4 46.5
 9.3 46.5
 9.3 46.3
 9.1 46.1
 9.0 46.0
 9.1 45.9
 9.0 45.8
 8.9 45.9
 8.9 46.0
 8.8 46.0
 8.9 46.1
 8.8 46.1
 8.7 46.1
 8.4 46.2
 8.5 46.3
 8.5 46.5
 8.4 46.5
 8.1 46.3
 8.2 46.2
 8.0 46.0
 7.9 46.0
 7.9 45.9
 7.7 46.0
 7.6 46.0
 7.4 45.9
 7.1 45.9
 7.0 45.9
  

