21.0 56.1
 21.1 56.0
 21.1 55.8
 21.2 55.5
 21.2 55.3
 21.3 55.4
 21.3 55.2
 21.4 55.3
 21.5 55.2
 21.6 55.2
 21.7 55.1
 21.8 55.1
 21.9 55.1
 22.0 55.1
 22.0 55.0
 22.1 55.0
 22.2 55.1
 22.4 55.1
 22.6 55.1
 22.6 55.0
 22.7 55.0
 22.7 54.9
 22.8 54.9
 22.9 54.8
 22.8 54.8
 22.7 54.7
 22.7 54.6
 22.7 54.5
 22.8 54.4
 22.9 54.4
 23.0 54.4
 23.1 54.3
 23.3 54.2
 23.5 54.1
 23.5 54.0
 23.5 53.9
 23.6 53.9
 23.7 53.9
 23.8 53.9
 23.9 54.0
 24.0 53.9
 24.1 53.9
 24.2 54.0
 24.3 53.9
 24.4 53.9
 24.6 54.0
 24.7 54.0
 24.8 54.0
 24.8 54.1
 25.0 54.2
 25.0 54.1
 25.1 54.1
 25.2 54.2
 25.2 54.3
 25.4 54.3
 25.5 54.3
 25.6 54.2
 25.5 54.2
 25.5 54.1
 25.7 54.1
 25.7 54.2
 25.8 54.2
 25.8 54.3
 25.7 54.3
 25.6 54.3
 25.5 54.3
 25.6 54.4
 25.6 54.5
 25.8 54.6
 25.7 54.7
 25.7 54.8
 25.8 54.8
 25.8 54.9
 25.9 54.9
 26.2 55.0
 26.2 55.1
 26.3 55.1
 26.5 55.1
 26.5 55.2
 26.6 55.1
 26.6 55.2
 26.7 55.2
 26.8 55.3
 26.6 55.3
 26.5 55.3
 26.5 55.4
 26.6 55.5
 26.5 55.5
 26.6 55.6
 26.6 55.7
 26.5 55.7
 26.3 55.7
 26.3 55.8
 26.2 55.9
 26.0 56.0
 25.7 56.1
 25.7 56.2
 25.6 56.1
 25.5 56.2
 25.3 56.2
 25.1 56.2
 25.0 56.3
 24.9 56.4
 24.9 56.5
 24.9 56.4
 24.7 56.4
 24.6 56.3
 24.5 56.3
 24.3 56.3
 24.1 56.3
 23.9 56.3
 23.7 56.3
 23.7 56.4
 23.6 56.4
 23.5 56.3
 23.3 56.4
 23.2 56.4
 23.2 56.3
 23.1 56.3
 23.0 56.3
 23.0 56.4
 22.9 56.4
 22.8 56.4
 22.7 56.4
 22.6 56.4
 22.5 56.4
 22.2 56.4
 22.1 56.4
 21.7 56.3
 21.6 56.3
 21.4 56.2
 21.2 56.2
 21.2 56.1
 21.0 56.1
 

21.0 56.1
 21.1 56.0
 21.1 55.8
 21.2 55.5
 21.2 55.3
 21.3 55.4
 21.3 55.2
 21.4 55.3
 21.5 55.2
 21.6 55.2
 21.7 55.1
 21.8 55.1
 21.9 55.1
 22.0 55.1
 22.0 55.0
 22.1 55.0
 22.2 55.1
 22.4 55.1
 22.6 55.1
 22.6 55.0
 22.7 55.0
 22.7 54.9
 22.8 54.9
 22.9 54.8
 22.8 54.8
 22.7 54.7
 22.7 54.6
 22.7 54.5
 22.8 54.4
 22.9 54.4
 23.0 54.4
 23.1 54.3
 23.3 54.2
 23.5 54.1
 23.5 54.0
 23.5 53.9
 23.6 53.9
 23.7 53.9
 23.8 53.9
 23.9 54.0
 24.0 53.9
 24.1 53.9
 24.2 54.0
 24.3 53.9
 24.4 53.9
 24.6 54.0
 24.7 54.0
 24.8 54.0
 24.8 54.1
 25.0 54.2
 25.0 54.1
 25.1 54.1
 25.2 54.2
 25.2 54.3
 25.4 54.3
 25.5 54.3
 25.6 54.2
 25.5 54.2
 25.5 54.1
 25.7 54.1
 25.7 54.2
 25.8 54.2
 25.8 54.3
 25.7 54.3
 25.6 54.3
 25.5 54.3
 25.6 54.4
 25.6 54.5
 25.8 54.6
 25.7 54.7
 25.7 54.8
 25.8 54.8
 25.8 54.9
 25.9 54.9
 26.2 55.0
 26.2 55.1
 26.3 55.1
 26.5 55.1
 26.5 55.2
 26.6 55.1
 26.6 55.2
 26.7 55.2
 26.8 55.3
 26.6 55.3
 26.5 55.3
 26.5 55.4
 26.6 55.5
 26.5 55.5
 26.6 55.6
 26.6 55.7
 26.5 55.7
 26.3 55.7
 26.3 55.8
 26.2 55.9
 26.0 56.0
 25.7 56.1
 25.7 56.2
 25.6 56.1
 25.5 56.2
 25.3 56.2
 25.1 56.2
 25.0 56.3
 24.9 56.4
 24.9 56.5
 24.9 56.4
 24.7 56.4
 24.6 56.3
 24.5 56.3
 24.3 56.3
 24.1 56.3
 23.9 56.3
 23.7 56.3
 23.7 56.4
 23.6 56.4
 23.5 56.3
 23.3 56.4
 23.2 56.4
 23.2 56.3
 23.1 56.3
 23.0 56.3
 23.0 56.4
 22.9 56.4
 22.8 56.4
 22.7 56.4
 22.6 56.4
 22.5 56.4
 22.2 56.4
 22.1 56.4
 21.7 56.3
 21.6 56.3
 21.4 56.2
 21.2 56.2
 21.2 56.1
 21.0 56.1
 

