24.3 57.7
 24.4 57.6
 24.4 57.4
 24.4 57.3
 24.3 57.2
 23.9 57.0
 23.7 57.0
 23.6 57.0
 23.3 57.1
 23.1 57.4
 22.9 57.5
 22.6 57.6
 22.6 57.7
 22.5 57.7
 22.0 57.6
 21.8 57.6
 21.6 57.5
 21.4 57.3
 21.4 57.1
 21.4 57.0
 21.1 56.8
 21.0 56.5
 21.1 56.5
 21.1 56.4
 21.0 56.5
 21.0 56.2
 21.0 56.1
 21.2 56.1
 21.2 56.2
 21.4 56.2
 21.6 56.3
 21.7 56.3
 22.1 56.4
 22.2 56.4
 22.5 56.4
 22.6 56.4
 22.7 56.4
 22.8 56.4
 22.9 56.4
 23.0 56.4
 23.0 56.3
 23.1 56.3
 23.2 56.3
 23.2 56.4
 23.3 56.4
 23.5 56.3
 23.6 56.4
 23.7 56.4
 23.7 56.3
 23.9 56.3
 24.1 56.3
 24.3 56.3
 24.5 56.3
 24.6 56.3
 24.7 56.4
 24.9 56.4
 24.9 56.5
 24.9 56.4
 25.0 56.3
 25.1 56.2
 25.3 56.2
 25.5 56.2
 25.6 56.1
 25.7 56.2
 25.7 56.1
 26.0 56.0
 26.2 55.9
 26.3 55.8
 26.3 55.7
 26.5 55.7
 26.6 55.7
 26.7 55.7
 26.9 55.7
 26.9 55.8
 27.0 55.8
 27.2 55.8
 27.3 55.8
 27.4 55.8
 27.6 55.8
 27.6 55.9
 27.8 56.0
 27.9 56.1
 28.1 56.1
 28.1 56.2
 28.2 56.2
 28.2 56.3
 28.2 56.4
 28.1 56.5
 28.2 56.6
 28.0 56.6
 28.0 56.7
 27.9 56.7
 27.9 56.8
 27.9 56.9
 27.8 56.9
 27.6 56.8
 27.7 56.9
 27.7 57.0
 27.8 57.1
 27.7 57.1
 27.8 57.2
 27.9 57.3
 27.7 57.4
 27.5 57.4
 27.5 57.5
 27.4 57.5
 27.3 57.5
 27.2 57.5
 27.1 57.6
 27.0 57.6
 26.9 57.6
 26.8 57.6
 26.7 57.6
 26.6 57.6
 26.6 57.5
 26.5 57.5
 26.5 57.6
 26.3 57.6
 26.2 57.7
 26.0 57.8
 25.8 57.9
 25.7 57.9
 25.6 57.9
 25.6 58.0
 25.5 58.0
 25.4 58.0
 25.3 58.0
 25.3 58.1
 25.3 58.0
 25.2 58.0
 25.2 58.1
 25.1 58.1
 25.0 58.0
 24.9 58.0
 24.8 58.0
 24.7 58.0
 24.6 58.0
 24.5 57.9
 24.4 57.9
 24.3 57.9
 24.3 57.7
 

24.3 57.7
 24.4 57.6
 24.4 57.4
 24.4 57.3
 24.3 57.2
 23.9 57.0
 23.7 57.0
 23.6 57.0
 23.3 57.1
 23.1 57.4
 22.9 57.5
 22.6 57.6
 22.6 57.7
 22.5 57.7
 22.0 57.6
 21.8 57.6
 21.6 57.5
 21.4 57.3
 21.4 57.1
 21.4 57.0
 21.1 56.8
 21.0 56.5
 21.1 56.5
 21.1 56.4
 21.0 56.5
 21.0 56.2
 21.0 56.1
 21.2 56.1
 21.2 56.2
 21.4 56.2
 21.6 56.3
 21.7 56.3
 22.1 56.4
 22.2 56.4
 22.5 56.4
 22.6 56.4
 22.7 56.4
 22.8 56.4
 22.9 56.4
 23.0 56.4
 23.0 56.3
 23.1 56.3
 23.2 56.3
 23.2 56.4
 23.3 56.4
 23.5 56.3
 23.6 56.4
 23.7 56.4
 23.7 56.3
 23.9 56.3
 24.1 56.3
 24.3 56.3
 24.5 56.3
 24.6 56.3
 24.7 56.4
 24.9 56.4
 24.9 56.5
 24.9 56.4
 25.0 56.3
 25.1 56.2
 25.3 56.2
 25.5 56.2
 25.6 56.1
 25.7 56.2
 25.7 56.1
 26.0 56.0
 26.2 55.9
 26.3 55.8
 26.3 55.7
 26.5 55.7
 26.6 55.7
 26.7 55.7
 26.9 55.7
 26.9 55.8
 27.0 55.8
 27.2 55.8
 27.3 55.8
 27.4 55.8
 27.6 55.8
 27.6 55.9
 27.8 56.0
 27.9 56.1
 28.1 56.1
 28.1 56.2
 28.2 56.2
 28.2 56.3
 28.2 56.4
 28.1 56.5
 28.2 56.6
 28.0 56.6
 28.0 56.7
 27.9 56.7
 27.9 56.8
 27.9 56.9
 27.8 56.9
 27.6 56.8
 27.7 56.9
 27.7 57.0
 27.8 57.1
 27.7 57.1
 27.8 57.2
 27.9 57.3
 27.7 57.4
 27.5 57.4
 27.5 57.5
 27.4 57.5
 27.3 57.5
 27.2 57.5
 27.1 57.6
 27.0 57.6
 26.9 57.6
 26.8 57.6
 26.7 57.6
 26.6 57.6
 26.6 57.5
 26.5 57.5
 26.5 57.6
 26.3 57.6
 26.2 57.7
 26.0 57.8
 25.8 57.9
 25.7 57.9
 25.6 57.9
 25.6 58.0
 25.5 58.0
 25.4 58.0
 25.3 58.0
 25.3 58.1
 25.3 58.0
 25.2 58.0
 25.2 58.1
 25.1 58.1
 25.0 58.0
 24.9 58.0
 24.8 58.0
 24.7 58.0
 24.6 58.0
 24.5 57.9
 24.4 57.9
 24.3 57.9
 24.3 57.7
 

