28.2 45.4
 28.2 45.5
 28.1 45.6
 28.2 45.6
 28.1 45.8
 28.1 45.9
 28.1 46.0
 28.1 46.2
 28.3 46.4
 28.2 46.5
 28.2 46.6
 28.2 46.7
 28.1 47.0
 28.0 47.0
 27.8 47.2
 27.6 47.4
 27.6 47.5
 27.5 47.5
 27.3 47.6
 27.3 47.7
 27.2 47.8
 27.2 48.0
 27.0 48.2
 26.9 48.2
 26.7 48.3
 26.6 48.2
 26.6 48.3
 26.7 48.3
 26.8 48.3
 26.8 48.4
 26.9 48.4
 27.0 48.4
 27.1 48.4
 27.2 48.4
 27.3 48.4
 27.4 48.4
 27.5 48.5
 27.6 48.5
 27.7 48.4
 27.8 48.4
 27.9 48.4
 28.0 48.3
 28.1 48.3
 28.1 48.2
 28.2 48.3
 28.2 48.2
 28.3 48.2
 28.4 48.2
 28.3 48.1
 28.4 48.2
 28.4 48.1
 28.5 48.1
 28.6 48.2
 28.8 48.1
 28.9 48.1
 28.9 48.0
 29.0 48.0
 29.0 47.9
 29.1 47.9
 29.1 48.0
 29.2 48.0
 29.2 47.9
 29.3 47.9
 29.2 47.8
 29.3 47.8
 29.2 47.7
 29.2 47.6
 29.1 47.5
 29.2 47.4
 29.3 47.5
 29.3 47.4
 29.4 47.4
 29.4 47.3
 29.5 47.3
 29.6 47.3
 29.6 47.2
 29.6 47.1
 29.5 47.1
 29.6 47.1
 29.6 47.0
 29.6 46.9
 29.7 46.9
 29.8 46.9
 29.9 46.9
 29.9 46.8
 30.0 46.8
 29.9 46.8
 30.0 46.7
 29.9 46.6
 30.0 46.6
 29.9 46.6
 29.9 46.5
 30.0 46.5
 30.1 46.4
 29.9 46.4
 29.8 46.3
 29.8 46.4
 29.7 46.5
 29.7 46.4
 29.6 46.4
 29.5 46.4
 29.5 46.5
 29.4 46.4
 29.3 46.5
 29.3 46.4
 29.2 46.4
 29.2 46.5
 29.0 46.5
 28.9 46.4
 29.0 46.3
 28.9 46.3
 29.0 46.2
 29.0 46.1
 29.0 46.0
 28.8 46.0
 28.7 45.9
 28.8 45.9
 28.8 45.8
 28.7 45.8
 28.6 45.8
 28.6 45.7
 28.5 45.7
 28.5 45.6
 28.6 45.6
 28.5 45.6
 28.5 45.5
 28.3 45.5
 28.2 45.5
 28.2 45.4
 

28.2 45.4
 28.2 45.5
 28.1 45.6
 28.2 45.6
 28.1 45.8
 28.1 45.9
 28.1 46.0
 28.1 46.2
 28.3 46.4
 28.2 46.5
 28.2 46.6
 28.2 46.7
 28.1 47.0
 28.0 47.0
 27.8 47.2
 27.6 47.4
 27.6 47.5
 27.5 47.5
 27.3 47.6
 27.3 47.7
 27.2 47.8
 27.2 48.0
 27.0 48.2
 26.9 48.2
 26.7 48.3
 26.6 48.2
 26.6 48.3
 26.7 48.3
 26.8 48.3
 26.8 48.4
 26.9 48.4
 27.0 48.4
 27.1 48.4
 27.2 48.4
 27.3 48.4
 27.4 48.4
 27.5 48.5
 27.6 48.5
 27.7 48.4
 27.8 48.4
 27.9 48.4
 28.0 48.3
 28.1 48.3
 28.1 48.2
 28.2 48.3
 28.2 48.2
 28.3 48.2
 28.4 48.2
 28.3 48.1
 28.4 48.2
 28.4 48.1
 28.5 48.1
 28.6 48.2
 28.8 48.1
 28.9 48.1
 28.9 48.0
 29.0 48.0
 29.0 47.9
 29.1 47.9
 29.1 48.0
 29.2 48.0
 29.2 47.9
 29.3 47.9
 29.2 47.8
 29.3 47.8
 29.2 47.7
 29.2 47.6
 29.1 47.5
 29.2 47.4
 29.3 47.5
 29.3 47.4
 29.4 47.4
 29.4 47.3
 29.5 47.3
 29.6 47.3
 29.6 47.2
 29.6 47.1
 29.5 47.1
 29.6 47.1
 29.6 47.0
 29.6 46.9
 29.7 46.9
 29.8 46.9
 29.9 46.9
 29.9 46.8
 30.0 46.8
 29.9 46.8
 30.0 46.7
 29.9 46.6
 30.0 46.6
 29.9 46.6
 29.9 46.5
 30.0 46.5
 30.1 46.4
 29.9 46.4
 29.8 46.3
 29.8 46.4
 29.7 46.5
 29.7 46.4
 29.6 46.4
 29.5 46.4
 29.5 46.5
 29.4 46.4
 29.3 46.5
 29.3 46.4
 29.2 46.4
 29.2 46.5
 29.0 46.5
 28.9 46.4
 29.0 46.3
 28.9 46.3
 29.0 46.2
 29.0 46.1
 29.0 46.0
 28.8 46.0
 28.7 45.9
 28.8 45.9
 28.8 45.8
 28.7 45.8
 28.6 45.8
 28.6 45.7
 28.5 45.7
 28.5 45.6
 28.6 45.6
 28.5 45.6
 28.5 45.5
 28.3 45.5
 28.2 45.5
 28.2 45.4
 

