20.6 41.9
 20.5 41.7
 20.6 41.6
 20.5 41.6
 20.6 41.4
 20.5 41.3
 20.6 41.1
 20.7 41.1
 20.7 40.9
 20.8 40.9
 20.9 40.9
 21.0 40.9
 21.1 40.9
 21.3 40.9
 21.5 40.9
 21.7 40.9
 21.8 40.9
 21.9 41.1
 22.1 41.2
 22.1 41.1
 22.2 41.2
 22.5 41.1
 22.6 41.1
 22.7 41.2
 22.7 41.1
 22.7 41.2
 22.8 41.2
 22.8 41.3
 22.9 41.3
 23.0 41.4
 23.0 41.7
 23.0 41.8
 22.9 41.8
 22.8 42.0
 22.6 42.1
 22.4 42.3
 22.3 42.4
 22.2 42.3
 22.1 42.3
 22.0 42.3
 21.9 42.3
 21.8 42.3
 21.7 42.2
 21.6 42.3
 21.6 42.2
 21.5 42.3
 21.4 42.2
 21.3 42.2
 21.3 42.1
 21.2 42.1
 21.2 42.2
 21.1 42.2
 21.0 42.2
 20.8 42.1
 20.8 42.0
 20.8 41.9
 20.7 41.9
 20.6 41.9
 

20.6 41.9
 20.5 41.7
 20.6 41.6
 20.5 41.6
 20.6 41.4
 20.5 41.3
 20.6 41.1
 20.7 41.1
 20.7 40.9
 20.8 40.9
 20.9 40.9
 21.0 40.9
 21.1 40.9
 21.3 40.9
 21.5 40.9
 21.7 40.9
 21.8 40.9
 21.9 41.1
 22.1 41.2
 22.1 41.1
 22.2 41.2
 22.5 41.1
 22.6 41.1
 22.7 41.2
 22.7 41.1
 22.7 41.2
 22.8 41.2
 22.8 41.3
 22.9 41.3
 23.0 41.4
 23.0 41.7
 23.0 41.8
 22.9 41.8
 22.8 42.0
 22.6 42.1
 22.4 42.3
 22.3 42.4
 22.2 42.3
 22.1 42.3
 22.0 42.3
 21.9 42.3
 21.8 42.3
 21.7 42.2
 21.6 42.3
 21.6 42.2
 21.5 42.3
 21.4 42.2
 21.3 42.2
 21.3 42.1
 21.2 42.1
 21.2 42.2
 21.1 42.2
 21.0 42.2
 20.8 42.1
 20.8 42.0
 20.8 41.9
 20.7 41.9
 20.6 41.9
 

