7.2 53.2
 7.1 53.3
 6.9 53.4
 6.7 53.5
 6.3 53.4
 6.1 53.4
 5.9 53.4
 5.7 53.3
 5.4 53.2
 5.4 53.1
 5.1 53.0
 4.9 52.9
 4.8 52.9
 4.8 53.0
 4.7 53.0
 4.7 52.9
 4.6 52.5
 4.4 52.2
 4.1 52.0
 4.0 52.0
 4.1 51.9
 4.0 51.9
 4.1 51.9
 3.9 51.8
 3.7 51.7
 3.8 51.7
 3.9 51.6
 4.0 51.6
 4.2 51.6
 4.0 51.6
 4.3 51.5
 4.3 51.4
 4.1 51.4
 3.9 51.6
 3.6 51.6
 3.4 51.5
 3.5 51.5
 3.6 51.4
 3.7 51.5
 3.7 51.4
 3.9 51.4
 4.0 51.5
 4.1 51.4
 4.2 51.4
 4.4 51.4
 4.4 51.5
 4.5 51.5
 4.5 51.4
 4.7 51.4
 4.8 51.5
 4.8 51.4
 4.9 51.4
 5.0 51.5
 5.1 51.4
 5.1 51.3
 5.2 51.3
 5.5 51.3
 5.9 51.1
 5.8 51.1
 5.8 51.0
 5.7 51.0
 5.8 50.9
 5.7 50.9
 5.7 50.8
 6.0 50.8
 6.1 50.9
 6.0 50.9
 6.0 51.0
 5.9 51.0
 5.9 51.1
 6.0 51.0
 6.2 51.2
 6.1 51.2
 6.2 51.4
 6.2 51.5
 6.1 51.6
 6.1 51.7
 6.0 51.7
 6.0 51.8
 6.2 51.8
 6.1 51.9
 6.2 51.9
 6.4 51.8
 6.5 51.9
 6.7 51.9
 6.8 52.0
 6.7 52.0
 6.7 52.1
 6.9 52.1
 6.9 52.2
 7.1 52.2
 7.1 52.4
 7.0 52.5
 6.9 52.4
 6.7 52.5
 6.7 52.6
 6.8 52.6
 6.7 52.6
 6.8 52.7
 7.0 52.6
 7.1 52.7
 7.1 52.8
 7.2 53.0
 7.2 53.2
 

7.2 53.2
 7.1 53.3
 6.9 53.4
 6.7 53.5
 6.3 53.4
 6.1 53.4
 5.9 53.4
 5.7 53.3
 5.4 53.2
 5.4 53.1
 5.1 53.0
 4.9 52.9
 4.8 52.9
 4.8 53.0
 4.7 53.0
 4.7 52.9
 4.6 52.5
 4.4 52.2
 4.1 52.0
 4.0 52.0
 4.1 51.9
 4.0 51.9
 4.1 51.9
 3.9 51.8
 3.7 51.7
 3.8 51.7
 3.9 51.6
 4.0 51.6
 4.2 51.6
 4.0 51.6
 4.3 51.5
 4.3 51.4
 4.1 51.4
 3.9 51.6
 3.6 51.6
 3.4 51.5
 3.5 51.5
 3.6 51.4
 3.7 51.5
 3.7 51.4
 3.9 51.4
 4.0 51.5
 4.1 51.4
 4.2 51.4
 4.4 51.4
 4.4 51.5
 4.5 51.5
 4.5 51.4
 4.7 51.4
 4.8 51.5
 4.8 51.4
 4.9 51.4
 5.0 51.5
 5.1 51.4
 5.1 51.3
 5.2 51.3
 5.5 51.3
 5.9 51.1
 5.8 51.1
 5.8 51.0
 5.7 51.0
 5.8 50.9
 5.7 50.9
 5.7 50.8
 6.0 50.8
 6.1 50.9
 6.0 50.9
 6.0 51.0
 5.9 51.0
 5.9 51.1
 6.0 51.0
 6.2 51.2
 6.1 51.2
 6.2 51.4
 6.2 51.5
 6.1 51.6
 6.1 51.7
 6.0 51.7
 6.0 51.8
 6.2 51.8
 6.1 51.9
 6.2 51.9
 6.4 51.8
 6.5 51.9
 6.7 51.9
 6.8 52.0
 6.7 52.0
 6.7 52.1
 6.9 52.1
 6.9 52.2
 7.1 52.2
 7.1 52.4
 7.0 52.5
 6.9 52.4
 6.7 52.5
 6.7 52.6
 6.8 52.6
 6.7 52.6
 6.8 52.7
 7.0 52.6
 7.1 52.7
 7.1 52.8
 7.2 53.0
 7.2 53.2
 

