14.2 53.9
 14.2 53.9
 14.4 53.8
 14.4 53.9
 14.6 53.9
 14.6 53.8
 14.5 53.7
 14.6 53.7
 14.6 53.6
 14.5 53.7
 14.3 53.7
 14.4 53.4
 14.4 53.3
 14.4 53.2
 14.4 53.1
 14.3 53.0
 14.2 53.0
 14.1 52.8
 14.3 52.8
 14.6 52.6
 14.5 52.4
 14.6 52.3
 14.7 52.2
 14.7 52.1
 14.8 52.1
 14.7 52.1
 14.7 51.9
 14.6 51.9
 14.6 51.8
 14.8 51.7
 14.7 51.6
 14.9 51.5
 15.0 51.3
 15.0 51.1
 14.8 50.9
 15.0 50.9
 15.0 51.0
 15.1 51.0
 15.2 51.0
 15.3 51.0
 15.3 50.9
 15.5 50.8
 15.8 50.7
 15.9 50.7
 16.0 50.7
 16.0 50.6
 16.1 50.6
 16.2 50.6
 16.2 50.7
 16.3 50.7
 16.4 50.6
 16.4 50.5
 16.3 50.5
 16.2 50.4
 16.5 50.3
 16.6 50.1
 16.7 50.1
 16.8 50.2
 17.0 50.2
 16.9 50.4
 17.0 50.4
 17.2 50.3
 17.4 50.3
 17.7 50.3
 17.8 50.2
 17.6 50.2
 17.6 50.1
 17.8 50.1
 17.8 50.0
 17.9 50.0
 18.0 50.0
 18.0 50.1
 18.1 50.0
 18.2 50.0
 18.4 49.9
 18.5 49.9
 18.6 49.7
 18.8 49.7
 18.9 49.5
 19.0 49.5
 19.0 49.4
 19.1 49.4
 19.2 49.4
 19.3 49.5
 19.4 49.6
 19.5 49.6
 19.6 49.5
 19.7 49.5
 19.6 49.4
 19.8 49.4
 19.8 49.3
 19.8 49.2
 19.9 49.2
 20.0 49.2
 20.1 49.2
 20.2 49.3
 20.4 49.4
 20.6 49.4
 20.7 49.4
 20.9 49.3
 21.1 49.4
 21.0 49.4
 21.1 49.4
 21.2 49.4
 21.3 49.5
 21.5 49.4
 21.6 49.4
 22.0 49.3
 22.0 49.2
 22.5 49.1
 22.6 49.1
 22.7 49.0
 22.8 49.0
 22.9 49.0
 22.8 49.1
 22.7 49.2
 22.8 49.3
 22.7 49.5
 22.7 49.6
 23.0 49.8
 23.3 50.1
 23.6 50.3
 23.7 50.4
 24.0 50.4
 24.1 50.5
 24.1 50.6
 24.0 50.8
 24.1 50.8
 24.1 50.9
 24.0 50.9
 23.7 51.2
 23.6 51.3
 23.7 51.4
 23.6 51.5
 23.5 51.6
 23.6 51.7
 23.6 51.8
 23.6 51.9
 23.7 52.0
 23.6 52.1
 23.5 52.1
 23.3 52.2
 23.2 52.2
 23.2 52.3
 23.4 52.5
 23.6 52.6
 23.9 52.7
 23.9 52.9
 23.9 53.2
 23.7 53.5
 23.5 53.9
 23.5 54.0
 23.5 54.1
 23.3 54.2
 23.1 54.3
 23.0 54.4
 22.9 54.4
 22.8 54.4
 22.1 54.3
 21.4 54.3
 20.6 54.4
 20.0 54.4
 19.8 54.4
 19.5 54.3
 19.4 54.3
 19.2 54.3
 19.6 54.4
 19.7 54.5
 19.6 54.5
 19.4 54.4
 19.0 54.3
 18.7 54.4
 18.6 54.4
 18.5 54.6
 18.4 54.7
 18.4 54.8
 18.7 54.7
 18.8 54.6
 18.5 54.8
 18.3 54.8
 17.9 54.8
 17.4 54.8
 17.1 54.7
 16.9 54.6
 16.5 54.5
 16.3 54.4
 16.3 54.3
 16.2 54.3
 16.1 54.3
 15.8 54.2
 15.3 54.2
 15.0 54.1
 14.6 54.0
 14.4 53.9
 14.2 53.9
 

14.2 53.9
 14.2 53.9
 14.4 53.8
 14.4 53.9
 14.6 53.9
 14.6 53.8
 14.5 53.7
 14.6 53.7
 14.6 53.6
 14.5 53.7
 14.3 53.7
 14.4 53.4
 14.4 53.3
 14.4 53.2
 14.4 53.1
 14.3 53.0
 14.2 53.0
 14.1 52.8
 14.3 52.8
 14.6 52.6
 14.5 52.4
 14.6 52.3
 14.7 52.2
 14.7 52.1
 14.8 52.1
 14.7 52.1
 14.7 51.9
 14.6 51.9
 14.6 51.8
 14.8 51.7
 14.7 51.6
 14.9 51.5
 15.0 51.3
 15.0 51.1
 14.8 50.9
 15.0 50.9
 15.0 51.0
 15.1 51.0
 15.2 51.0
 15.3 51.0
 15.3 50.9
 15.5 50.8
 15.8 50.7
 15.9 50.7
 16.0 50.7
 16.0 50.6
 16.1 50.6
 16.2 50.6
 16.2 50.7
 16.3 50.7
 16.4 50.6
 16.4 50.5
 16.3 50.5
 16.2 50.4
 16.5 50.3
 16.6 50.1
 16.7 50.1
 16.8 50.2
 17.0 50.2
 16.9 50.4
 17.0 50.4
 17.2 50.3
 17.4 50.3
 17.7 50.3
 17.8 50.2
 17.6 50.2
 17.6 50.1
 17.8 50.1
 17.8 50.0
 17.9 50.0
 18.0 50.0
 18.0 50.1
 18.1 50.0
 18.2 50.0
 18.4 49.9
 18.5 49.9
 18.6 49.7
 18.8 49.7
 18.9 49.5
 19.0 49.5
 19.0 49.4
 19.1 49.4
 19.2 49.4
 19.3 49.5
 19.4 49.6
 19.5 49.6
 19.6 49.5
 19.7 49.5
 19.6 49.4
 19.8 49.4
 19.8 49.3
 19.8 49.2
 19.9 49.2
 20.0 49.2
 20.1 49.2
 20.2 49.3
 20.4 49.4
 20.6 49.4
 20.7 49.4
 20.9 49.3
 21.1 49.4
 21.0 49.4
 21.1 49.4
 21.2 49.4
 21.3 49.5
 21.5 49.4
 21.6 49.4
 22.0 49.3
 22.0 49.2
 22.5 49.1
 22.6 49.1
 22.7 49.0
 22.8 49.0
 22.9 49.0
 22.8 49.1
 22.7 49.2
 22.8 49.3
 22.7 49.5
 22.7 49.6
 23.0 49.8
 23.3 50.1
 23.6 50.3
 23.7 50.4
 24.0 50.4
 24.1 50.5
 24.1 50.6
 24.0 50.8
 24.1 50.8
 24.1 50.9
 24.0 50.9
 23.7 51.2
 23.6 51.3
 23.7 51.4
 23.6 51.5
 23.5 51.6
 23.6 51.7
 23.6 51.8
 23.6 51.9
 23.7 52.0
 23.6 52.1
 23.5 52.1
 23.3 52.2
 23.2 52.2
 23.2 52.3
 23.4 52.5
 23.6 52.6
 23.9 52.7
 23.9 52.9
 23.9 53.2
 23.7 53.5
 23.5 53.9
 23.5 54.0
 23.5 54.1
 23.3 54.2
 23.1 54.3
 23.0 54.4
 22.9 54.4
 22.8 54.4
 22.1 54.3
 21.4 54.3
 20.6 54.4
 20.0 54.4
 19.8 54.4
 19.5 54.3
 19.4 54.3
 19.2 54.3
 19.6 54.4
 19.7 54.5
 19.6 54.5
 19.4 54.4
 19.0 54.3
 18.7 54.4
 18.6 54.4
 18.5 54.6
 18.4 54.7
 18.4 54.8
 18.7 54.7
 18.8 54.6
 18.5 54.8
 18.3 54.8
 17.9 54.8
 17.4 54.8
 17.1 54.7
 16.9 54.6
 16.5 54.5
 16.3 54.4
 16.3 54.3
 16.2 54.3
 16.1 54.3
 15.8 54.2
 15.3 54.2
 15.0 54.1
 14.6 54.0
 14.4 53.9
 14.2 53.9
 

