-8.8 41.9
 -8.9 41.8
 -8.8 41.7
 -8.8 41.6
 -8.8 41.4
 -8.7 41.2
 -8.6 41.0
 -8.7 40.7
 -8.8 40.6
 -8.9 40.2
 -8.9 40.1
 -9.1 39.6
 -9.2 39.4
 -9.3 39.4
 -9.4 39.3
 -9.3 39.2
 -9.4 39.1
 -9.4 38.9
 -9.5 38.8
 -9.5 38.7
 -9.3 38.7
 -9.1 38.7
 -9.1 38.8
 -9.0 38.9
 -8.9 38.8
 -9.1 38.7
 -9.0 38.7
 -9.1 38.7
 -9.3 38.7
 -9.2 38.6
 -9.2 38.5
 -9.2 38.4
 -9.0 38.5
 -8.8 38.5
 -8.7 38.5
 -8.7 38.4
 -8.8 38.4
 -8.8 38.2
 -8.9 38.0
 -8.8 37.9
 -8.8 37.7
 -8.8 37.5
 -8.8 37.4
 -8.9 37.2
 -9.0 37.1
 -9.0 37.0
 -8.6 37.1
 -8.5 37.1
 -8.2 37.1
 -8.0 37.0
 -7.8 37.0
 -7.7 37.1
 -7.5 37.2
 -7.4 37.2
 -7.5 37.6
 -7.3 37.8
 -7.3 38.0
 -7.1 38.0
 -7.0 38.0
 -6.9 38.2
 -7.1 38.2
 -7.1 38.3
 -7.3 38.4
 -7.3 38.5
 -7.3 38.6
 -7.3 38.7
 -7.2 38.8
 -7.0 39.0
 -7.0 39.1
 -7.1 39.1
 -7.2 39.1
 -7.1 39.2
 -7.2 39.2
 -7.2 39.3
 -7.3 39.3
 -7.3 39.5
 -7.4 39.6
 -7.5 39.7
 -7.4 39.6
 -7.0 39.7
 -6.9 40.0
 -7.0 40.1
 -7.0 40.2
 -6.8 40.3
 -6.8 40.4
 -6.8 40.5
 -6.8 40.6
 -6.8 40.7
 -6.8 40.8
 -6.8 40.9
 -6.9 41.0
 -6.8 41.0
 -6.7 41.2
 -6.6 41.2
 -6.4 41.3
 -6.3 41.4
 -6.2 41.5
 -6.2 41.6
 -6.4 41.7
 -6.5 41.7
 -6.6 41.7
 -6.5 41.9
 -6.6 41.9
 -6.5 41.9
 -6.6 42.0
 -6.6 41.9
 -6.8 42.0
 -6.8 41.9
 -7.2 42.0
 -7.2 41.9
 -7.4 41.8
 -7.5 41.9
 -7.5 41.8
 -7.6 41.8
 -7.6 41.9
 -7.7 41.9
 -7.9 41.9
 -8.0 41.9
 -8.1 41.8
 -8.2 41.9
 -8.1 42.0
 -8.1 42.1
 -8.2 42.1
 -8.2 42.2
 -8.6 42.1
 -8.8 41.9
 

-8.8 41.9
 -8.9 41.8
 -8.8 41.7
 -8.8 41.6
 -8.8 41.4
 -8.7 41.2
 -8.6 41.0
 -8.7 40.7
 -8.8 40.6
 -8.9 40.2
 -8.9 40.1
 -9.1 39.6
 -9.2 39.4
 -9.3 39.4
 -9.4 39.3
 -9.3 39.2
 -9.4 39.1
 -9.4 38.9
 -9.5 38.8
 -9.5 38.7
 -9.3 38.7
 -9.1 38.7
 -9.1 38.8
 -9.0 38.9
 -8.9 38.8
 -9.1 38.7
 -9.0 38.7
 -9.1 38.7
 -9.3 38.7
 -9.2 38.6
 -9.2 38.5
 -9.2 38.4
 -9.0 38.5
 -8.8 38.5
 -8.7 38.5
 -8.7 38.4
 -8.8 38.4
 -8.8 38.2
 -8.9 38.0
 -8.8 37.9
 -8.8 37.7
 -8.8 37.5
 -8.8 37.4
 -8.9 37.2
 -9.0 37.1
 -9.0 37.0
 -8.6 37.1
 -8.5 37.1
 -8.2 37.1
 -8.0 37.0
 -7.8 37.0
 -7.7 37.1
 -7.5 37.2
 -7.4 37.2
 -7.5 37.6
 -7.3 37.8
 -7.3 38.0
 -7.1 38.0
 -7.0 38.0
 -6.9 38.2
 -7.1 38.2
 -7.1 38.3
 -7.3 38.4
 -7.3 38.5
 -7.3 38.6
 -7.3 38.7
 -7.2 38.8
 -7.0 39.0
 -7.0 39.1
 -7.1 39.1
 -7.2 39.1
 -7.1 39.2
 -7.2 39.2
 -7.2 39.3
 -7.3 39.3
 -7.3 39.5
 -7.4 39.6
 -7.5 39.7
 -7.4 39.6
 -7.0 39.7
 -6.9 40.0
 -7.0 40.1
 -7.0 40.2
 -6.8 40.3
 -6.8 40.4
 -6.8 40.5
 -6.8 40.6
 -6.8 40.7
 -6.8 40.8
 -6.8 40.9
 -6.9 41.0
 -6.8 41.0
 -6.7 41.2
 -6.6 41.2
 -6.4 41.3
 -6.3 41.4
 -6.2 41.5
 -6.2 41.6
 -6.4 41.7
 -6.5 41.7
 -6.6 41.7
 -6.5 41.9
 -6.6 41.9
 -6.5 41.9
 -6.6 42.0
 -6.6 41.9
 -6.8 42.0
 -6.8 41.9
 -7.2 42.0
 -7.2 41.9
 -7.4 41.8
 -7.5 41.9
 -7.5 41.8
 -7.6 41.8
 -7.6 41.9
 -7.7 41.9
 -7.9 41.9
 -8.0 41.9
 -8.1 41.8
 -8.2 41.9
 -8.1 42.0
 -8.1 42.1
 -8.2 42.1
 -8.2 42.2
 -8.6 42.1
 -8.8 41.9
 

