22.9 48.0
 22.8 47.9
 22.8 47.8
 22.6 47.8
 22.4 47.8
 22.4 47.7
 22.3 47.7
 22.0 47.5
 22.0 47.4
 21.9 47.4
 21.9 47.3
 21.7 47.0
 21.6 46.9
 21.4 46.6
 21.3 46.6
 21.3 46.5
 21.3 46.4
 21.2 46.4
 21.2 46.3
 21.1 46.2
 20.8 46.3
 20.8 46.2
 20.7 46.2
 20.3 46.2
 20.3 46.1
 20.4 46.0
 20.6 45.9
 20.7 45.7
 20.8 45.8
 20.8 45.7
 20.8 45.6
 20.8 45.5
 21.0 45.3
 21.1 45.3
 21.5 45.2
 21.5 45.1
 21.4 45.0
 21.6 44.9
 21.4 44.9
 21.4 44.8
 21.6 44.8
 21.6 44.7
 22.0 44.6
 22.1 44.5
 22.2 44.5
 22.3 44.7
 22.4 44.7
 22.8 44.6
 22.8 44.5
 22.7 44.5
 22.6 44.6
 22.5 44.5
 22.5 44.3
 22.7 44.2
 22.9 44.1
 23.0 44.1
 23.0 44.0
 22.9 44.0
 22.8 43.9
 22.9 43.9
 23.1 43.8
 23.4 43.9
 23.9 43.8
 24.3 43.7
 24.5 43.8
 25.0 43.7
 25.1 43.7
 25.2 43.7
 25.4 43.6
 25.6 43.6
 25.9 43.8
 26.1 44.0
 26.5 44.0
 26.9 44.1
 27.3 44.1
 27.4 44.0
 27.7 44.0
 27.8 44.0
 27.9 44.0
 28.0 44.0
 28.0 43.9
 28.2 43.8
 28.6 43.7
 28.6 43.9
 28.6 44.2
 28.7 44.2
 28.6 44.3
 28.8 44.5
 28.7 44.5
 28.7 44.6
 28.8 44.6
 28.9 44.6
 29.0 44.7
 28.9 44.7
 28.9 44.6
 28.8 44.6
 28.8 44.7
 28.9 44.8
 28.9 44.9
 28.9 45.0
 29.0 45.0
 29.1 45.0
 29.0 44.9
 29.0 44.8
 29.1 44.8
 29.0 44.7
 29.1 44.8
 29.6 44.8
 29.7 45.1
 29.7 45.2
 29.6 45.2
 29.7 45.2
 29.7 45.3
 29.6 45.4
 29.3 45.4
 29.0 45.3
 28.8 45.3
 28.8 45.2
 28.7 45.2
 28.6 45.2
 28.3 45.3
 28.3 45.4
 28.2 45.4
 28.2 45.5
 28.1 45.6
 28.2 45.6
 28.1 45.8
 28.1 45.9
 28.1 46.0
 28.1 46.2
 28.3 46.4
 28.2 46.5
 28.2 46.6
 28.2 46.7
 28.1 47.0
 28.0 47.0
 27.8 47.2
 27.6 47.4
 27.6 47.5
 27.5 47.5
 27.3 47.6
 27.3 47.7
 27.2 47.8
 27.2 48.0
 27.0 48.2
 26.9 48.2
 26.7 48.3
 26.6 48.2
 26.3 48.2
 26.3 48.1
 26.2 48.0
 26.0 48.0
 25.5 47.9
 25.2 47.9
 25.1 47.8
 25.0 47.7
 24.9 47.7
 24.8 47.8
 24.7 47.9
 24.5 48.0
 24.2 47.9
 24.1 47.9
 24.0 48.0
 23.9 47.9
 23.6 48.0
 23.5 48.0
 23.2 48.1
 23.1 48.1
 23.1 48.0
 23.0 48.0
 22.9 48.0
 

22.9 48.0
 22.8 47.9
 22.8 47.8
 22.6 47.8
 22.4 47.8
 22.4 47.7
 22.3 47.7
 22.0 47.5
 22.0 47.4
 21.9 47.4
 21.9 47.3
 21.7 47.0
 21.6 46.9
 21.4 46.6
 21.3 46.6
 21.3 46.5
 21.3 46.4
 21.2 46.4
 21.2 46.3
 21.1 46.2
 20.8 46.3
 20.8 46.2
 20.7 46.2
 20.3 46.2
 20.3 46.1
 20.4 46.0
 20.6 45.9
 20.7 45.7
 20.8 45.8
 20.8 45.7
 20.8 45.6
 20.8 45.5
 21.0 45.3
 21.1 45.3
 21.5 45.2
 21.5 45.1
 21.4 45.0
 21.6 44.9
 21.4 44.9
 21.4 44.8
 21.6 44.8
 21.6 44.7
 22.0 44.6
 22.1 44.5
 22.2 44.5
 22.3 44.7
 22.4 44.7
 22.8 44.6
 22.8 44.5
 22.7 44.5
 22.6 44.6
 22.5 44.5
 22.5 44.3
 22.7 44.2
 22.9 44.1
 23.0 44.1
 23.0 44.0
 22.9 44.0
 22.8 43.9
 22.9 43.9
 23.1 43.8
 23.4 43.9
 23.9 43.8
 24.3 43.7
 24.5 43.8
 25.0 43.7
 25.1 43.7
 25.2 43.7
 25.4 43.6
 25.6 43.6
 25.9 43.8
 26.1 44.0
 26.5 44.0
 26.9 44.1
 27.3 44.1
 27.4 44.0
 27.7 44.0
 27.8 44.0
 27.9 44.0
 28.0 44.0
 28.0 43.9
 28.2 43.8
 28.6 43.7
 28.6 43.9
 28.6 44.2
 28.7 44.2
 28.6 44.3
 28.8 44.5
 28.7 44.5
 28.7 44.6
 28.8 44.6
 28.9 44.6
 29.0 44.7
 28.9 44.7
 28.9 44.6
 28.8 44.6
 28.8 44.7
 28.9 44.8
 28.9 44.9
 28.9 45.0
 29.0 45.0
 29.1 45.0
 29.0 44.9
 29.0 44.8
 29.1 44.8
 29.0 44.7
 29.1 44.8
 29.6 44.8
 29.7 45.1
 29.7 45.2
 29.6 45.2
 29.7 45.2
 29.7 45.3
 29.6 45.4
 29.3 45.4
 29.0 45.3
 28.8 45.3
 28.8 45.2
 28.7 45.2
 28.6 45.2
 28.3 45.3
 28.3 45.4
 28.2 45.4
 28.2 45.5
 28.1 45.6
 28.2 45.6
 28.1 45.8
 28.1 45.9
 28.1 46.0
 28.1 46.2
 28.3 46.4
 28.2 46.5
 28.2 46.6
 28.2 46.7
 28.1 47.0
 28.0 47.0
 27.8 47.2
 27.6 47.4
 27.6 47.5
 27.5 47.5
 27.3 47.6
 27.3 47.7
 27.2 47.8
 27.2 48.0
 27.0 48.2
 26.9 48.2
 26.7 48.3
 26.6 48.2
 26.3 48.2
 26.3 48.1
 26.2 48.0
 26.0 48.0
 25.5 47.9
 25.2 47.9
 25.1 47.8
 25.0 47.7
 24.9 47.7
 24.8 47.8
 24.7 47.9
 24.5 48.0
 24.2 47.9
 24.1 47.9
 24.0 48.0
 23.9 47.9
 23.6 48.0
 23.5 48.0
 23.2 48.1
 23.1 48.1
 23.1 48.0
 23.0 48.0
 22.9 48.0
 

