20.6 69.1
 20.1 69.0
 20.3 68.9
 20.4 68.8
 20.2 68.7
 20.0 68.5
 20.2 68.5
 20.2 68.4
 19.9 68.3
 19.0 68.5
 18.6 68.5
 18.4 68.5
 18.1 68.5
 18.0 68.4
 18.2 68.2
 17.9 67.9
 17.3 68.1
 17.2 68.0
 16.7 67.9
 16.6 67.7
 16.4 67.5
 16.2 67.5
 16.1 67.4
 16.4 67.2
 16.4 67.0
 16.0 66.9
 15.6 66.6
 15.4 66.5
 15.5 66.3
 15.0 66.1
 14.5 66.1
 14.6 65.8
 14.5 65.6
 14.5 65.3
 14.4 65.2
 14.3 65.1
 13.7 64.6
 14.1 64.5
 14.2 64.2
 14.0 64.1
 14.0 64.0
 13.2 64.1
 12.8 64.0
 12.7 64.0
 12.3 63.7
 12.1 63.6
 12.2 63.5
 11.9 63.3
 12.2 63.0
 12.0 62.9
 12.1 62.7
 12.0 62.6
 12.2 62.4
 12.3 62.3
 12.1 61.7
 12.4 61.6
 12.5 61.6
 12.9 61.4
 12.7 61.1
 12.3 61.0
 12.2 61.0
 12.6 60.5
 12.6 60.4
 12.5 60.3
 12.5 60.1
 12.2 59.9
 12.0 59.9
 11.8 59.8
 11.9 59.8
 11.9 59.7
 11.7 59.6
 11.8 59.3
 11.8 59.2
 11.7 59.1
 11.8 59.1
 11.6 58.9
 11.5 58.9
 11.4 58.9
 11.4 59.0
 11.3 59.1
 11.2 59.1
 11.1 59.0
 11.1 58.9
 11.2 58.9
 11.2 58.8
 11.2 58.7
 11.3 58.7
 11.3 58.5
 11.2 58.5
 11.3 58.4
 11.2 58.4
 11.2 58.3
 11.4 58.4
 11.3 58.3
 11.4 58.4
 11.4 58.3
 11.5 58.3
 11.6 58.4
 11.5 58.3
 11.5 58.2
 11.6 58.2
 11.9 58.3
 11.8 58.3
 11.9 58.2
 11.8 58.1
 11.8 58.0
 11.8 57.9
 11.7 57.8
 11.8 57.8
 11.7 57.7
 11.9 57.7
 11.8 57.7
 11.9 57.6
 11.9 57.4
 12.0 57.3
 12.0 57.4
 12.0 57.5
 12.1 57.4
 12.0 57.3
 12.1 57.3
 12.1 57.2
 12.2 57.2
 12.2 57.1
 12.3 57.0
 12.4 56.9
 12.6 56.8
 12.6 56.7
 12.7 56.6
 12.9 56.6
 12.9 56.5
 12.9 56.4
 12.7 56.5
 12.6 56.4
 12.8 56.3
 12.8 56.2
 12.7 56.2
 12.5 56.3
 12.6 56.2
 12.8 56.0
 12.9 55.8
 13.1 55.7
 13.0 55.6
 12.9 55.6
 12.9 55.5
 13.0 55.4
 12.9 55.4
 12.8 55.4
 13.2 55.4
 13.4 55.3
 13.8 55.4
 13.9 55.4
 14.1 55.4
 14.2 55.4
 14.4 55.5
 14.4 55.6
 14.2 55.7
 14.2 55.8
 14.3 55.9
 14.5 56.1
 14.6 56.0
 14.7 56.0
 14.8 56.0
 14.8 56.1
 14.7 56.1
 14.7 56.2
 15.3 56.1
 15.6 56.2
 15.7 56.2
 15.8 56.2
 15.8 56.1
 15.9 56.1
 16.1 56.4
 16.2 56.5
 16.2 56.6
 16.3 56.7
 16.4 56.7
 16.4 56.8
 16.5 56.8
 16.4 56.8
 16.4 57.0
 16.6 57.1
 16.5 57.2
 16.5 57.3
 16.6 57.3
 16.5 57.4
 16.6 57.4
 16.7 57.4
 16.6 57.4
 16.7 57.5
 16.6 57.6
 16.5 57.6
 16.6 57.6
 16.6 57.7
 16.7 57.7
 16.6 57.8
 16.7 57.7
 16.5 57.9
 16.6 57.9
 16.5 58.0
 16.6 58.0
 16.7 57.9
 16.8 57.9
 16.7 58.0
 16.6 58.0
 16.7 58.0
 16.8 58.0
 16.7 58.0
 16.7 58.1
 16.6 58.2
 16.7 58.2
 16.8 58.1
 16.8 58.2
 16.7 58.3
 16.8 58.3
 16.7 58.3
 16.6 58.3
 16.8 58.3
 16.7 58.4
 16.5 58.5
 16.7 58.4
 16.9 58.5
 16.8 58.6
 16.4 58.6
 16.2 58.7
 16.7 58.6
 17.0 58.6
 17.0 58.7
 17.1 58.7
 17.1 58.8
 17.3 58.7
 17.4 58.7
 17.3 58.8
 17.5 58.8
 17.4 58.9
 17.6 58.9
 17.5 58.9
 17.6 58.9
 17.6 59.0
 17.7 59.2
 17.7 59.1
 17.8 59.1
 17.8 59.0
 17.7 58.9
 17.8 58.9
 17.9 58.9
 18.0 58.9
 18.0 59.0
 18.0 59.1
 18.4 59.2
 18.3 59.2
 18.3 59.3
 18.4 59.3
 18.6 59.3
 18.7 59.3
 18.5 59.4
 18.4 59.4
 18.5 59.3
 18.4 59.4
 18.3 59.4
 18.2 59.3
 18.0 59.3
 17.9 59.3
 17.9 59.2
 17.8 59.3
 17.6 59.3
 17.6 59.2
 17.5 59.3
 17.4 59.3
 17.4 59.2
 17.2 59.3
 17.3 59.3
 17.2 59.3
 17.3 59.3
 17.0 59.4
 16.9 59.5
 16.8 59.5
 16.7 59.5
 16.7 59.4
 16.7 59.5
 16.2 59.4
 16.1 59.5
 16.0 59.5
 16.3 59.5
 16.4 59.5
 16.5 59.5
 16.5 59.6
 16.6 59.6
 16.7 59.5
 16.8 59.6
 17.0 59.5
 17.0 59.6
 17.1 59.6
 17.4 59.5
 17.4 59.6
 17.5 59.5
 17.5 59.6
 17.5 59.5
 17.7 59.4
 17.8 59.5
 17.8 59.6
 17.6 59.6
 17.6 59.7
 17.5 59.7
 17.5 59.6
 17.4 59.7
 17.5 59.7
 17.6 59.8
 17.7 59.7
 17.6 59.7
 17.7 59.6
 17.7 59.7
 17.8 59.5
 17.8 59.4
 18.1 59.3
 18.0 59.4
 18.1 59.4
 18.1 59.5
 18.2 59.5
 18.2 59.4
 18.3 59.4
 18.2 59.4
 18.6 59.6
 18.7 59.6
 18.9 59.7
 19.0 59.7
 19.1 59.7
 19.1 59.8
 18.9 59.8
 18.7 59.8
 18.8 59.8
 18.9 59.8
 18.9 59.9
 19.1 59.8
 19.1 59.9
 18.9 59.9
 18.8 60.1
 18.7 60.0
 18.7 60.1
 18.6 60.1
 18.5 60.2
 18.4 60.2
 18.3 60.3
 18.4 60.2
 18.6 60.2
 18.4 60.3
 18.2 60.3
 18.2 60.4
 18.0 60.6
 17.9 60.6
 17.8 60.6
 17.7 60.5
 17.6 60.5
 17.6 60.6
 17.7 60.6
 17.6 60.6
 17.3 60.7
 17.2 60.7
 17.3 60.8
 17.2 60.9
 17.2 61.0
 17.2 61.1
 17.1 61.2
 17.2 61.2
 17.1 61.3
 17.3 61.3
 17.1 61.4
 17.2 61.5
 17.1 61.5
 17.1 61.6
 17.3 61.7
 17.2 61.7
 17.1 61.7
 17.3 61.7
 17.5 61.6
 17.5 61.7
 17.4 61.7
 17.4 61.8
 17.3 61.8
 17.3 61.9
 17.5 62.0
 17.5 62.1
 17.5 62.2
 17.6 62.2
 17.7 62.2
 17.5 62.3
 17.3 62.4
 17.4 62.4
 17.3 62.5
 17.4 62.5
 17.6 62.4
 17.7 62.4
 17.7 62.5
 17.8 62.5
 17.9 62.5
 17.9 62.6
 18.0 62.6
 18.1 62.6
 18.0 62.6
 17.9 62.7
 18.0 62.7
 17.9 62.9
 17.8 62.9
 17.7 63.0
 17.8 63.0
 17.9 62.9
 17.9 62.8
 18.0 62.8
 18.1 62.8
 18.0 62.8
 18.1 62.8
 18.2 62.8
 18.3 62.8
 18.2 62.9
 18.3 62.9
 18.4 62.8
 18.5 62.9
 18.4 62.9
 18.4 63.0
 18.6 63.0
 18.5 63.0
 18.3 63.0
 18.4 63.0
 18.5 63.0
 18.6 63.1
 18.8 63.2
 18.7 63.2
 18.8 63.2
 18.9 63.2
 18.7 63.2
 18.8 63.3
 18.9 63.2
 19.0 63.2
 19.1 63.2
 19.0 63.2
 19.1 63.2
 19.1 63.3
 19.3 63.3
 19.3 63.4
 19.3 63.5
 19.4 63.4
 19.3 63.5
 19.5 63.4
 19.5 63.5
 19.4 63.5
 19.5 63.6
 19.6 63.5
 19.7 63.4
 19.8 63.5
 19.9 63.6
 20.0 63.6
 20.1 63.7
 20.2 63.6
 20.3 63.7
 20.3 63.6
 20.3 63.7
 20.4 63.7
 20.5 63.8
 20.6 63.8
 20.7 63.8
 20.9 64.0
 21.0 64.1
 21.2 64.3
 21.3 64.3
 21.6 64.5
 21.5 64.4
 21.5 64.5
 21.4 64.5
 21.5 64.5
 21.4 64.6
 21.1 64.7
 21.2 64.7
 21.3 64.7
 21.2 64.7
 21.3 64.8
 21.1 64.8
 21.0 64.8
 21.1 64.9
 21.1 64.8
 21.2 64.8
 21.2 64.9
 21.4 65.0
 21.5 65.0
 21.5 65.1
 21.6 65.1
 21.6 65.2
 21.4 65.3
 21.3 65.3
 21.3 65.4
 21.5 65.3
 21.6 65.2
 21.7 65.3
 21.6 65.3
 21.5 65.4
 21.6 65.4
 21.8 65.4
 21.9 65.4
 22.0 65.4
 22.0 65.5
 21.9 65.5
 22.2 65.5
 22.0 65.6
 22.4 65.5
 22.3 65.6
 22.2 65.6
 22.3 65.6
 22.3 65.7
 22.4 65.7
 22.2 65.7
 22.2 65.8
 22.3 65.7
 22.4 65.8
 22.3 65.8
 22.4 65.9
 22.5 65.8
 22.6 65.8
 22.7 65.8
 22.6 65.9
 22.8 65.9
 23.0 65.8
 23.1 65.7
 23.2 65.8
 23.4 65.8
 23.5 65.8
 23.6 65.8
 23.7 65.8
 24.0 65.8
 24.2 65.8
 24.0 66.1
 23.7 66.2
 23.7 66.4
 23.7 66.5
 23.9 66.6
 23.9 66.8
 24.0 66.8
 23.9 66.9
 23.7 67.0
 23.6 67.2
 23.6 67.3
 23.7 67.3
 23.8 67.3
 23.8 67.4
 23.5 67.5
 23.5 67.4
 23.4 67.5
 23.6 67.6
 23.5 67.8
 23.5 67.9
 23.7 67.9
 23.7 68.0
 23.5 68.0
 23.3 68.1
 23.1 68.1
 23.2 68.2
 23.1 68.2
 22.7 68.4
 22.1 68.5
 21.9 68.6
 21.8 68.6
 21.7 68.6
 21.2 68.8
 20.9 68.9
 20.9 69.0
 20.6 69.1
 

20.6 69.1
 20.1 69.0
 20.3 68.9
 20.4 68.8
 20.2 68.7
 20.0 68.5
 20.2 68.5
 20.2 68.4
 19.9 68.3
 19.0 68.5
 18.6 68.5
 18.4 68.5
 18.1 68.5
 18.0 68.4
 18.2 68.2
 17.9 67.9
 17.3 68.1
 17.2 68.0
 16.7 67.9
 16.6 67.7
 16.4 67.5
 16.2 67.5
 16.1 67.4
 16.4 67.2
 16.4 67.0
 16.0 66.9
 15.6 66.6
 15.4 66.5
 15.5 66.3
 15.0 66.1
 14.5 66.1
 14.6 65.8
 14.5 65.6
 14.5 65.3
 14.4 65.2
 14.3 65.1
 13.7 64.6
 14.1 64.5
 14.2 64.2
 14.0 64.1
 14.0 64.0
 13.2 64.1
 12.8 64.0
 12.7 64.0
 12.3 63.7
 12.1 63.6
 12.2 63.5
 11.9 63.3
 12.2 63.0
 12.0 62.9
 12.1 62.7
 12.0 62.6
 12.2 62.4
 12.3 62.3
 12.1 61.7
 12.4 61.6
 12.5 61.6
 12.9 61.4
 12.7 61.1
 12.3 61.0
 12.2 61.0
 12.6 60.5
 12.6 60.4
 12.5 60.3
 12.5 60.1
 12.2 59.9
 12.0 59.9
 11.8 59.8
 11.9 59.8
 11.9 59.7
 11.7 59.6
 11.8 59.3
 11.8 59.2
 11.7 59.1
 11.8 59.1
 11.6 58.9
 11.5 58.9
 11.4 58.9
 11.4 59.0
 11.3 59.1
 11.2 59.1
 11.1 59.0
 11.1 58.9
 11.2 58.9
 11.2 58.8
 11.2 58.7
 11.3 58.7
 11.3 58.5
 11.2 58.5
 11.3 58.4
 11.2 58.4
 11.2 58.3
 11.4 58.4
 11.3 58.3
 11.4 58.4
 11.4 58.3
 11.5 58.3
 11.6 58.4
 11.5 58.3
 11.5 58.2
 11.6 58.2
 11.9 58.3
 11.8 58.3
 11.9 58.2
 11.8 58.1
 11.8 58.0
 11.8 57.9
 11.7 57.8
 11.8 57.8
 11.7 57.7
 11.9 57.7
 11.8 57.7
 11.9 57.6
 11.9 57.4
 12.0 57.3
 12.0 57.4
 12.0 57.5
 12.1 57.4
 12.0 57.3
 12.1 57.3
 12.1 57.2
 12.2 57.2
 12.2 57.1
 12.3 57.0
 12.4 56.9
 12.6 56.8
 12.6 56.7
 12.7 56.6
 12.9 56.6
 12.9 56.5
 12.9 56.4
 12.7 56.5
 12.6 56.4
 12.8 56.3
 12.8 56.2
 12.7 56.2
 12.5 56.3
 12.6 56.2
 12.8 56.0
 12.9 55.8
 13.1 55.7
 13.0 55.6
 12.9 55.6
 12.9 55.5
 13.0 55.4
 12.9 55.4
 12.8 55.4
 13.2 55.4
 13.4 55.3
 13.8 55.4
 13.9 55.4
 14.1 55.4
 14.2 55.4
 14.4 55.5
 14.4 55.6
 14.2 55.7
 14.2 55.8
 14.3 55.9
 14.5 56.1
 14.6 56.0
 14.7 56.0
 14.8 56.0
 14.8 56.1
 14.7 56.1
 14.7 56.2
 15.3 56.1
 15.6 56.2
 15.7 56.2
 15.8 56.2
 15.8 56.1
 15.9 56.1
 16.1 56.4
 16.2 56.5
 16.2 56.6
 16.3 56.7
 16.4 56.7
 16.4 56.8
 16.5 56.8
 16.4 56.8
 16.4 57.0
 16.6 57.1
 16.5 57.2
 16.5 57.3
 16.6 57.3
 16.5 57.4
 16.6 57.4
 16.7 57.4
 16.6 57.4
 16.7 57.5
 16.6 57.6
 16.5 57.6
 16.6 57.6
 16.6 57.7
 16.7 57.7
 16.6 57.8
 16.7 57.7
 16.5 57.9
 16.6 57.9
 16.5 58.0
 16.6 58.0
 16.7 57.9
 16.8 57.9
 16.7 58.0
 16.6 58.0
 16.7 58.0
 16.8 58.0
 16.7 58.0
 16.7 58.1
 16.6 58.2
 16.7 58.2
 16.8 58.1
 16.8 58.2
 16.7 58.3
 16.8 58.3
 16.7 58.3
 16.6 58.3
 16.8 58.3
 16.7 58.4
 16.5 58.5
 16.7 58.4
 16.9 58.5
 16.8 58.6
 16.4 58.6
 16.2 58.7
 16.7 58.6
 17.0 58.6
 17.0 58.7
 17.1 58.7
 17.1 58.8
 17.3 58.7
 17.4 58.7
 17.3 58.8
 17.5 58.8
 17.4 58.9
 17.6 58.9
 17.5 58.9
 17.6 58.9
 17.6 59.0
 17.7 59.2
 17.7 59.1
 17.8 59.1
 17.8 59.0
 17.7 58.9
 17.8 58.9
 17.9 58.9
 18.0 58.9
 18.0 59.0
 18.0 59.1
 18.4 59.2
 18.3 59.2
 18.3 59.3
 18.4 59.3
 18.6 59.3
 18.7 59.3
 18.5 59.4
 18.4 59.4
 18.5 59.3
 18.4 59.4
 18.3 59.4
 18.2 59.3
 18.0 59.3
 17.9 59.3
 17.9 59.2
 17.8 59.3
 17.6 59.3
 17.6 59.2
 17.5 59.3
 17.4 59.3
 17.4 59.2
 17.2 59.3
 17.3 59.3
 17.2 59.3
 17.3 59.3
 17.0 59.4
 16.9 59.5
 16.8 59.5
 16.7 59.5
 16.7 59.4
 16.7 59.5
 16.2 59.4
 16.1 59.5
 16.0 59.5
 16.3 59.5
 16.4 59.5
 16.5 59.5
 16.5 59.6
 16.6 59.6
 16.7 59.5
 16.8 59.6
 17.0 59.5
 17.0 59.6
 17.1 59.6
 17.4 59.5
 17.4 59.6
 17.5 59.5
 17.5 59.6
 17.5 59.5
 17.7 59.4
 17.8 59.5
 17.8 59.6
 17.6 59.6
 17.6 59.7
 17.5 59.7
 17.5 59.6
 17.4 59.7
 17.5 59.7
 17.6 59.8
 17.7 59.7
 17.6 59.7
 17.7 59.6
 17.7 59.7
 17.8 59.5
 17.8 59.4
 18.1 59.3
 18.0 59.4
 18.1 59.4
 18.1 59.5
 18.2 59.5
 18.2 59.4
 18.3 59.4
 18.2 59.4
 18.6 59.6
 18.7 59.6
 18.9 59.7
 19.0 59.7
 19.1 59.7
 19.1 59.8
 18.9 59.8
 18.7 59.8
 18.8 59.8
 18.9 59.8
 18.9 59.9
 19.1 59.8
 19.1 59.9
 18.9 59.9
 18.8 60.1
 18.7 60.0
 18.7 60.1
 18.6 60.1
 18.5 60.2
 18.4 60.2
 18.3 60.3
 18.4 60.2
 18.6 60.2
 18.4 60.3
 18.2 60.3
 18.2 60.4
 18.0 60.6
 17.9 60.6
 17.8 60.6
 17.7 60.5
 17.6 60.5
 17.6 60.6
 17.7 60.6
 17.6 60.6
 17.3 60.7
 17.2 60.7
 17.3 60.8
 17.2 60.9
 17.2 61.0
 17.2 61.1
 17.1 61.2
 17.2 61.2
 17.1 61.3
 17.3 61.3
 17.1 61.4
 17.2 61.5
 17.1 61.5
 17.1 61.6
 17.3 61.7
 17.2 61.7
 17.1 61.7
 17.3 61.7
 17.5 61.6
 17.5 61.7
 17.4 61.7
 17.4 61.8
 17.3 61.8
 17.3 61.9
 17.5 62.0
 17.5 62.1
 17.5 62.2
 17.6 62.2
 17.7 62.2
 17.5 62.3
 17.3 62.4
 17.4 62.4
 17.3 62.5
 17.4 62.5
 17.6 62.4
 17.7 62.4
 17.7 62.5
 17.8 62.5
 17.9 62.5
 17.9 62.6
 18.0 62.6
 18.1 62.6
 18.0 62.6
 17.9 62.7
 18.0 62.7
 17.9 62.9
 17.8 62.9
 17.7 63.0
 17.8 63.0
 17.9 62.9
 17.9 62.8
 18.0 62.8
 18.1 62.8
 18.0 62.8
 18.1 62.8
 18.2 62.8
 18.3 62.8
 18.2 62.9
 18.3 62.9
 18.4 62.8
 18.5 62.9
 18.4 62.9
 18.4 63.0
 18.6 63.0
 18.5 63.0
 18.3 63.0
 18.4 63.0
 18.5 63.0
 18.6 63.1
 18.8 63.2
 18.7 63.2
 18.8 63.2
 18.9 63.2
 18.7 63.2
 18.8 63.3
 18.9 63.2
 19.0 63.2
 19.1 63.2
 19.0 63.2
 19.1 63.2
 19.1 63.3
 19.3 63.3
 19.3 63.4
 19.3 63.5
 19.4 63.4
 19.3 63.5
 19.5 63.4
 19.5 63.5
 19.4 63.5
 19.5 63.6
 19.6 63.5
 19.7 63.4
 19.8 63.5
 19.9 63.6
 20.0 63.6
 20.1 63.7
 20.2 63.6
 20.3 63.7
 20.3 63.6
 20.3 63.7
 20.4 63.7
 20.5 63.8
 20.6 63.8
 20.7 63.8
 20.9 64.0
 21.0 64.1
 21.2 64.3
 21.3 64.3
 21.6 64.5
 21.5 64.4
 21.5 64.5
 21.4 64.5
 21.5 64.5
 21.4 64.6
 21.1 64.7
 21.2 64.7
 21.3 64.7
 21.2 64.7
 21.3 64.8
 21.1 64.8
 21.0 64.8
 21.1 64.9
 21.1 64.8
 21.2 64.8
 21.2 64.9
 21.4 65.0
 21.5 65.0
 21.5 65.1
 21.6 65.1
 21.6 65.2
 21.4 65.3
 21.3 65.3
 21.3 65.4
 21.5 65.3
 21.6 65.2
 21.7 65.3
 21.6 65.3
 21.5 65.4
 21.6 65.4
 21.8 65.4
 21.9 65.4
 22.0 65.4
 22.0 65.5
 21.9 65.5
 22.2 65.5
 22.0 65.6
 22.4 65.5
 22.3 65.6
 22.2 65.6
 22.3 65.6
 22.3 65.7
 22.4 65.7
 22.2 65.7
 22.2 65.8
 22.3 65.7
 22.4 65.8
 22.3 65.8
 22.4 65.9
 22.5 65.8
 22.6 65.8
 22.7 65.8
 22.6 65.9
 22.8 65.9
 23.0 65.8
 23.1 65.7
 23.2 65.8
 23.4 65.8
 23.5 65.8
 23.6 65.8
 23.7 65.8
 24.0 65.8
 24.2 65.8
 24.0 66.1
 23.7 66.2
 23.7 66.4
 23.7 66.5
 23.9 66.6
 23.9 66.8
 24.0 66.8
 23.9 66.9
 23.7 67.0
 23.6 67.2
 23.6 67.3
 23.7 67.3
 23.8 67.3
 23.8 67.4
 23.5 67.5
 23.5 67.4
 23.4 67.5
 23.6 67.6
 23.5 67.8
 23.5 67.9
 23.7 67.9
 23.7 68.0
 23.5 68.0
 23.3 68.1
 23.1 68.1
 23.2 68.2
 23.1 68.2
 22.7 68.4
 22.1 68.5
 21.9 68.6
 21.8 68.6
 21.7 68.6
 21.2 68.8
 20.9 68.9
 20.9 69.0
 20.6 69.1
 

