13.7 46.5
 13.7 46.5
 13.5 46.4
 13.4 46.3
 13.4 46.2
 13.6 46.2
 13.7 46.2
 13.6 46.1
 13.5 46.0
 13.6 46.0
 13.6 45.9
 13.6 45.8
 13.8 45.7
 13.9 45.6
 13.7 45.6
 13.7 45.5
 13.6 45.5
 13.7 45.4
 13.9 45.5
 14.0 45.5
 14.1 45.5
 14.2 45.5
 14.3 45.5
 14.4 45.5
 14.5 45.5
 14.5 45.6
 14.6 45.6
 14.6 45.7
 14.6 45.6
 14.7 45.6
 14.7 45.5
 14.8 45.5
 14.9 45.5
 15.0 45.5
 15.1 45.5
 15.2 45.4
 15.3 45.5
 15.3 45.6
 15.4 45.6
 15.3 45.7
 15.4 45.7
 15.3 45.7
 15.3 45.8
 15.4 45.8
 15.5 45.8
 15.6 45.8
 15.7 45.8
 15.7 45.9
 15.7 46.0
 15.6 46.1
 15.7 46.2
 15.8 46.2
 15.8 46.3
 16.0 46.3
 16.1 46.3
 16.1 46.4
 16.2 46.4
 16.3 46.4
 16.3 46.5
 16.4 46.5
 16.6 46.5
 16.4 46.6
 16.4 46.7
 16.3 46.8
 16.4 46.8
 16.3 46.9
 16.1 46.9
 16.0 46.8
 16.0 46.7
 15.6 46.7
 15.5 46.6
 15.1 46.7
 14.9 46.6
 14.8 46.5
 14.6 46.4
 14.4 46.4
 14.2 46.4
 14.1 46.5
 13.7 46.5
 

13.7 46.5
 13.7 46.5
 13.5 46.4
 13.4 46.3
 13.4 46.2
 13.6 46.2
 13.7 46.2
 13.6 46.1
 13.5 46.0
 13.6 46.0
 13.6 45.9
 13.6 45.8
 13.8 45.7
 13.9 45.6
 13.7 45.6
 13.7 45.5
 13.6 45.5
 13.7 45.4
 13.9 45.5
 14.0 45.5
 14.1 45.5
 14.2 45.5
 14.3 45.5
 14.4 45.5
 14.5 45.5
 14.5 45.6
 14.6 45.6
 14.6 45.7
 14.6 45.6
 14.7 45.6
 14.7 45.5
 14.8 45.5
 14.9 45.5
 15.0 45.5
 15.1 45.5
 15.2 45.4
 15.3 45.5
 15.3 45.6
 15.4 45.6
 15.3 45.7
 15.4 45.7
 15.3 45.7
 15.3 45.8
 15.4 45.8
 15.5 45.8
 15.6 45.8
 15.7 45.8
 15.7 45.9
 15.7 46.0
 15.6 46.1
 15.7 46.2
 15.8 46.2
 15.8 46.3
 16.0 46.3
 16.1 46.3
 16.1 46.4
 16.2 46.4
 16.3 46.4
 16.3 46.5
 16.4 46.5
 16.6 46.5
 16.4 46.6
 16.4 46.7
 16.3 46.8
 16.4 46.8
 16.3 46.9
 16.1 46.9
 16.0 46.8
 16.0 46.7
 15.6 46.7
 15.5 46.6
 15.1 46.7
 14.9 46.6
 14.8 46.5
 14.6 46.4
 14.4 46.4
 14.2 46.4
 14.1 46.5
 13.7 46.5
 

