16.9 48.6
 16.9 48.5
 16.9 48.4
 16.8 48.4
 16.9 48.3
 17.0 48.2
 17.1 48.1
 17.2 48.0
 17.3 48.0
 17.6 47.8
 17.8 47.7
 18.3 47.7
 18.8 47.8
 18.8 47.9
 18.8 48.0
 19.0 48.1
 19.5 48.1
 19.5 48.2
 19.7 48.2
 19.9 48.1
 20.1 48.2
 20.2 48.3
 20.3 48.3
 20.4 48.3
 20.5 48.5
 20.8 48.6
 21.1 48.5
 21.4 48.6
 21.6 48.5
 21.6 48.4
 21.7 48.4
 21.9 48.4
 22.1 48.4
 22.2 48.4
 22.2 48.6
 22.3 48.7
 22.5 49.0
 22.6 49.1
 22.5 49.1
 22.0 49.2
 22.0 49.3
 21.6 49.4
 21.5 49.4
 21.3 49.5
 21.2 49.4
 21.1 49.4
 21.0 49.4
 21.1 49.4
 20.9 49.3
 20.7 49.4
 20.6 49.4
 20.4 49.4
 20.2 49.3
 20.1 49.2
 20.0 49.2
 19.9 49.2
 19.8 49.2
 19.8 49.3
 19.8 49.4
 19.6 49.4
 19.7 49.5
 19.6 49.5
 19.5 49.6
 19.4 49.6
 19.3 49.5
 19.2 49.4
 19.1 49.4
 19.0 49.4
 19.0 49.5
 18.9 49.5
 18.8 49.5
 18.7 49.5
 18.6 49.5
 18.5 49.5
 18.5 49.4
 18.4 49.4
 18.4 49.3
 18.3 49.3
 18.2 49.3
 18.2 49.2
 18.1 49.1
 18.2 49.1
 18.1 49.1
 18.1 49.0
 18.0 49.0
 17.9 49.0
 17.9 48.9
 17.8 48.9
 17.7 48.9
 17.6 48.9
 17.6 48.8
 17.5 48.8
 17.5 48.9
 17.4 48.8
 17.3 48.8
 17.3 48.9
 17.2 48.9
 17.2 48.8
 17.1 48.8
 17.0 48.8
 17.0 48.7
 17.0 48.6
 16.9 48.6
 

16.9 48.6
 16.9 48.5
 16.9 48.4
 16.8 48.4
 16.9 48.3
 17.0 48.2
 17.1 48.1
 17.2 48.0
 17.3 48.0
 17.6 47.8
 17.8 47.7
 18.3 47.7
 18.8 47.8
 18.8 47.9
 18.8 48.0
 19.0 48.1
 19.5 48.1
 19.5 48.2
 19.7 48.2
 19.9 48.1
 20.1 48.2
 20.2 48.3
 20.3 48.3
 20.4 48.3
 20.5 48.5
 20.8 48.6
 21.1 48.5
 21.4 48.6
 21.6 48.5
 21.6 48.4
 21.7 48.4
 21.9 48.4
 22.1 48.4
 22.2 48.4
 22.2 48.6
 22.3 48.7
 22.5 49.0
 22.6 49.1
 22.5 49.1
 22.0 49.2
 22.0 49.3
 21.6 49.4
 21.5 49.4
 21.3 49.5
 21.2 49.4
 21.1 49.4
 21.0 49.4
 21.1 49.4
 20.9 49.3
 20.7 49.4
 20.6 49.4
 20.4 49.4
 20.2 49.3
 20.1 49.2
 20.0 49.2
 19.9 49.2
 19.8 49.2
 19.8 49.3
 19.8 49.4
 19.6 49.4
 19.7 49.5
 19.6 49.5
 19.5 49.6
 19.4 49.6
 19.3 49.5
 19.2 49.4
 19.1 49.4
 19.0 49.4
 19.0 49.5
 18.9 49.5
 18.8 49.5
 18.7 49.5
 18.6 49.5
 18.5 49.5
 18.5 49.4
 18.4 49.4
 18.4 49.3
 18.3 49.3
 18.2 49.3
 18.2 49.2
 18.1 49.1
 18.2 49.1
 18.1 49.1
 18.1 49.0
 18.0 49.0
 17.9 49.0
 17.9 48.9
 17.8 48.9
 17.7 48.9
 17.6 48.9
 17.6 48.8
 17.5 48.8
 17.5 48.9
 17.4 48.8
 17.3 48.8
 17.3 48.9
 17.2 48.9
 17.2 48.8
 17.1 48.8
 17.0 48.8
 17.0 48.7
 17.0 48.6
 16.9 48.6
 

