23.6 51.5
 23.7 51.4
 23.6 51.3
 23.7 51.2
 24.0 50.9
 24.1 50.9
 24.1 50.8
 24.0 50.8
 24.1 50.6
 24.1 50.5
 24.0 50.4
 23.7 50.4
 23.6 50.3
 23.3 50.1
 23.0 49.8
 22.7 49.6
 22.7 49.5
 22.8 49.3
 22.7 49.2
 22.8 49.1
 22.9 49.0
 22.8 49.0
 22.7 49.0
 22.6 49.1
 22.5 49.0
 22.3 48.7
 22.2 48.6
 22.2 48.4
 22.3 48.4
 22.3 48.3
 22.4 48.2
 22.5 48.2
 22.6 48.1
 22.7 48.1
 22.8 48.1
 22.9 48.0
 23.0 48.0
 23.1 48.0
 23.1 48.1
 23.2 48.1
 23.5 48.0
 23.6 48.0
 23.9 47.9
 24.0 48.0
 24.1 47.9
 24.2 47.9
 24.5 48.0
 24.7 47.9
 24.8 47.8
 24.9 47.7
 25.0 47.7
 25.1 47.8
 25.2 47.9
 25.5 47.9
 26.0 48.0
 26.2 48.0
 26.3 48.1
 26.3 48.2
 26.6 48.2
 26.6 48.3
 26.7 48.3
 26.8 48.3
 26.8 48.4
 26.9 48.4
 27.0 48.4
 27.1 48.4
 27.2 48.4
 27.3 48.4
 27.4 48.4
 27.5 48.5
 27.6 48.5
 27.7 48.4
 27.8 48.4
 27.9 48.4
 28.0 48.3
 28.1 48.3
 28.1 48.2
 28.2 48.3
 28.2 48.2
 28.3 48.2
 28.4 48.2
 28.3 48.1
 28.4 48.2
 28.4 48.1
 28.5 48.1
 28.6 48.2
 28.8 48.1
 28.9 48.1
 28.9 48.0
 29.0 48.0
 29.0 47.9
 29.1 47.9
 29.1 48.0
 29.2 48.0
 29.2 47.9
 29.3 47.9
 29.2 47.8
 29.3 47.8
 29.2 47.7
 29.2 47.6
 29.1 47.5
 29.2 47.4
 29.3 47.5
 29.3 47.4
 29.4 47.4
 29.4 47.3
 29.5 47.3
 29.6 47.3
 29.6 47.2
 29.6 47.1
 29.5 47.1
 29.6 47.1
 29.6 47.0
 29.6 46.9
 29.7 46.9
 29.8 46.9
 29.9 46.9
 29.9 46.8
 30.0 46.8
 29.9 46.8
 30.0 46.7
 29.9 46.6
 30.0 46.6
 29.9 46.6
 29.9 46.5
 30.0 46.5
 30.1 46.4
 29.9 46.4
 29.8 46.3
 29.8 46.4
 29.7 46.5
 29.7 46.4
 29.6 46.4
 29.5 46.4
 29.5 46.5
 29.4 46.4
 29.3 46.5
 29.3 46.4
 29.2 46.4
 29.2 46.5
 29.0 46.5
 28.9 46.4
 29.0 46.3
 28.9 46.3
 29.0 46.2
 29.0 46.1
 29.0 46.0
 28.8 46.0
 28.7 45.9
 28.8 45.9
 28.8 45.8
 28.7 45.8
 28.6 45.8
 28.6 45.7
 28.5 45.7
 28.5 45.6
 28.6 45.6
 28.5 45.6
 28.5 45.5
 28.3 45.5
 28.2 45.5
 28.2 45.4
 28.3 45.4
 28.3 45.3
 28.6 45.2
 28.7 45.2
 28.8 45.2
 28.8 45.3
 29.0 45.3
 29.3 45.4
 29.6 45.4
 29.7 45.3
 29.7 45.2
 29.8 45.4
 29.7 45.5
 29.6 45.4
 29.6 45.5
 29.7 45.5
 29.6 45.6
 29.6 45.7
 29.6 45.8
 29.7 45.8
 29.7 45.7
 29.7 45.6
 29.9 45.7
 29.8 45.7
 29.9 45.8
 29.9 45.7
 30.0 45.8
 30.1 45.8
 30.1 45.9
 30.1 45.8
 30.3 45.9
 30.3 46.0
 30.4 46.0
 30.7 46.3
 30.8 46.4
 30.7 46.5
 30.8 46.6
 31.2 46.6
 31.3 46.6
 31.5 46.7
 31.5 46.8
 31.5 46.7
 31.6 46.8
 31.5 46.6
 31.6 46.6
 31.6 46.7
 31.8 46.6
 31.9 46.6
 31.9 46.7
 31.9 46.8
 31.9 46.9
 32.0 46.9
 31.9 46.9
 31.9 47.0
 31.8 47.0
 31.9 47.1
 31.7 47.2
 31.9 47.1
 31.9 47.0
 32.0 47.0
 31.9 46.9
 32.0 46.9
 31.9 46.8
 32.0 46.7
 32.1 46.6
 32.2 46.6
 32.3 46.6
 32.6 46.6
 32.4 46.5
 31.8 46.5
 31.5 46.6
 31.7 46.4
 31.7 46.5
 31.8 46.5
 32.0 46.5
 32.1 46.4
 32.0 46.4
 31.8 46.3
 31.9 46.3
 32.2 46.2
 32.3 46.1
 32.5 46.1
 32.9 46.1
 33.0 46.1
 33.0 46.2
 33.1 46.1
 33.2 46.2
 33.2 46.1
 33.3 46.1
 33.5 46.0
 33.6 46.2
 33.6 46.1
 33.6 45.9
 33.7 45.9
 33.8 45.9
 33.7 45.9
 33.4 45.8
 33.3 45.7
 33.2 45.7
 32.8 45.6
 32.6 45.5
 32.5 45.4
 32.5 45.3
 32.6 45.3
 32.8 45.4
 32.9 45.3
 33.3 45.2
 33.4 45.2
 33.6 45.1
 33.6 45.0
 33.6 44.9
 33.5 44.8
 33.5 44.7
 33.5 44.6
 33.6 44.6
 33.4 44.6
 33.5 44.5
 33.8 44.4
 34.0 44.4
 34.2 44.5
 34.3 44.5
 34.4 44.7
 34.5 44.8
 35.0 44.8
 35.1 44.8
 35.2 44.9
 35.3 45.0
 35.4 44.9
 35.4 45.0
 35.4 45.1
 35.5 45.1
 35.6 45.1
 35.8 45.1
 35.8 45.0
 36.0 45.0
 36.4 45.0
 36.5 45.1
 36.4 45.3
 36.5 45.3
 36.6 45.3
 36.6 45.4
 36.3 45.4
 36.3 45.5
 36.1 45.5
 36.0 45.4
 35.9 45.4
 35.9 45.5
 35.8 45.5
 35.7 45.3
 35.5 45.3
 35.4 45.3
 35.2 45.5
 34.9 45.8
 34.8 46.1
 34.8 46.2
 34.9 46.3
 34.9 46.2
 35.1 46.3
 35.2 46.4
 35.2 46.5
 35.3 46.4
 35.3 46.3
 35.3 46.2
 35.2 46.2
 35.0 46.1
 35.2 46.1
 35.3 46.3
 35.5 46.4
 35.6 46.5
 35.8 46.6
 36.1 46.7
 36.2 46.7
 36.3 46.6
 36.4 46.7
 36.6 46.8
 36.7 46.8
 36.8 46.7
 36.8 46.6
 36.9 46.8
 37.2 46.9
 37.3 46.9
 37.5 47.1
 38.0 47.1
 38.1 47.1
 38.2 47.1
 38.2 47.2
 38.3 47.3
 38.2 47.3
 38.3 47.4
 38.3 47.5
 38.3 47.6
 38.4 47.6
 38.6 47.6
 38.7 47.7
 38.8 47.7
 38.8 47.8
 38.8 47.9
 38.9 47.9
 39.0 47.9
 39.1 47.8
 39.3 47.9
 39.4 47.8
 39.6 47.8
 39.7 47.8
 39.8 47.8
 39.8 47.9
 39.8 48.0
 39.9 48.0
 39.8 48.1
 39.9 48.1
 39.9 48.2
 40.0 48.2
 40.0 48.3
 39.9 48.3
 39.8 48.3
 39.9 48.3
 39.9 48.4
 39.8 48.5
 39.9 48.5
 39.9 48.6
 39.8 48.6
 39.7 48.6
 39.7 48.7
 39.7 48.8
 39.8 48.8
 39.9 48.8
 40.0 48.8
 40.1 48.9
 40.0 48.9
 39.9 48.9
 39.8 48.9
 39.7 48.9
 39.7 49.0
 39.9 49.1
 40.0 49.1
 40.1 49.2
 40.2 49.2
 40.2 49.3
 40.2 49.4
 40.1 49.4
 40.1 49.5
 40.1 49.6
 40.0 49.6
 39.9 49.6
 39.8 49.5
 39.8 49.6
 39.6 49.6
 39.6 49.7
 39.5 49.7
 39.5 49.8
 39.4 49.7
 39.3 49.8
 39.2 49.9
 39.1 49.9
 39.1 49.8
 38.9 49.8
 38.9 49.9
 38.8 49.9
 38.7 49.9
 38.7 50.0
 38.6 50.0
 38.5 50.0
 38.4 50.0
 38.3 50.1
 38.2 50.1
 38.2 50.0
 38.1 49.9
 38.0 49.9
 37.9 50.0
 37.7 50.1
 37.6 50.2
 37.6 50.3
 37.5 50.4
 37.3 50.4
 37.2 50.4
 37.1 50.3
 37.0 50.3
 36.8 50.3
 36.7 50.3
 36.7 50.2
 36.6 50.2
 36.5 50.2
 36.6 50.3
 36.5 50.3
 36.4 50.3
 36.3 50.3
 36.2 50.4
 36.1 50.4
 36.0 50.4
 35.9 50.4
 35.8 50.4
 35.7 50.4
 35.7 50.3
 35.6 50.4
 35.6 50.5
 35.5 50.5
 35.4 50.5
 35.4 50.6
 35.5 50.7
 35.5 50.8
 35.4 50.8
 35.4 50.9
 35.3 50.9
 35.3 51.0
 35.4 51.0
 35.3 51.1
 35.2 51.1
 35.1 51.1
 35.1 51.2
 35.0 51.2
 34.9 51.2
 34.7 51.2
 34.6 51.2
 34.5 51.2
 34.4 51.3
 34.3 51.2
 34.2 51.3
 34.3 51.3
 34.3 51.4
 34.2 51.4
 34.2 51.5
 34.2 51.6
 34.1 51.6
 34.1 51.7
 34.4 51.7
 34.4 51.8
 34.3 51.9
 34.2 51.9
 34.2 52.0
 34.1 52.0
 34.1 52.1
 34.1 52.2
 34.0 52.2
 33.9 52.3
 33.8 52.3
 33.7 52.4
 33.5 52.3
 33.5 52.4
 33.4 52.3
 33.4 52.4
 33.3 52.4
 33.2 52.4
 33.1 52.3
 32.9 52.2
 32.9 52.3
 32.7 52.3
 32.6 52.3
 32.5 52.3
 32.4 52.3
 32.3 52.2
 32.3 52.1
 32.2 52.1
 32.1 52.0
 32.0 52.1
 31.9 52.0
 31.9 52.1
 31.8 52.1
 31.4 52.1
 31.3 52.1
 31.3 52.0
 31.2 52.1
 31.0 52.1
 30.9 52.1
 30.9 52.0
 31.0 52.0
 30.9 52.0
 30.8 51.9
 30.7 51.9
 30.7 51.8
 30.6 51.8
 30.6 51.7
 30.6 51.6
 30.5 51.6
 30.6 51.5
 30.6 51.4
 30.6 51.3
 30.5 51.3
 30.4 51.3
 30.3 51.3
 30.4 51.4
 30.3 51.4
 30.2 51.5
 30.0 51.5
 29.9 51.5
 29.9 51.4
 29.8 51.4
 29.7 51.5
 29.6 51.5
 29.5 51.5
 29.5 51.4
 29.4 51.4
 29.3 51.4
 29.2 51.5
 29.3 51.5
 29.2 51.5
 29.2 51.6
 29.1 51.6
 29.0 51.6
 28.9 51.6
 28.8 51.6
 28.8 51.5
 28.8 51.4
 28.7 51.4
 28.7 51.5
 28.7 51.4
 28.7 51.5
 28.6 51.6
 28.5 51.6
 28.4 51.5
 28.3 51.6
 28.3 51.7
 28.2 51.6
 28.1 51.6
 28.0 51.6
 27.9 51.6
 27.8 51.6
 27.8 51.5
 27.7 51.5
 27.7 51.6
 27.5 51.6
 27.4 51.6
 27.3 51.6
 27.3 51.7
 27.2 51.7
 27.2 51.8
 27.0 51.8
 26.9 51.7
 26.6 51.8
 26.5 51.8
 26.4 51.8
 26.4 51.9
 26.2 51.9
 26.1 51.9
 26.0 51.9
 25.8 51.9
 25.7 51.9
 25.5 51.9
 25.4 51.9
 25.2 52.0
 24.9 51.9
 24.4 51.9
 24.3 51.8
 24.3 51.7
 24.0 51.6
 23.9 51.6
 23.8 51.7
 23.7 51.6
 23.6 51.6
 23.6 51.5
 

23.6 51.5
 23.7 51.4
 23.6 51.3
 23.7 51.2
 24.0 50.9
 24.1 50.9
 24.1 50.8
 24.0 50.8
 24.1 50.6
 24.1 50.5
 24.0 50.4
 23.7 50.4
 23.6 50.3
 23.3 50.1
 23.0 49.8
 22.7 49.6
 22.7 49.5
 22.8 49.3
 22.7 49.2
 22.8 49.1
 22.9 49.0
 22.8 49.0
 22.7 49.0
 22.6 49.1
 22.5 49.0
 22.3 48.7
 22.2 48.6
 22.2 48.4
 22.3 48.4
 22.3 48.3
 22.4 48.2
 22.5 48.2
 22.6 48.1
 22.7 48.1
 22.8 48.1
 22.9 48.0
 23.0 48.0
 23.1 48.0
 23.1 48.1
 23.2 48.1
 23.5 48.0
 23.6 48.0
 23.9 47.9
 24.0 48.0
 24.1 47.9
 24.2 47.9
 24.5 48.0
 24.7 47.9
 24.8 47.8
 24.9 47.7
 25.0 47.7
 25.1 47.8
 25.2 47.9
 25.5 47.9
 26.0 48.0
 26.2 48.0
 26.3 48.1
 26.3 48.2
 26.6 48.2
 26.6 48.3
 26.7 48.3
 26.8 48.3
 26.8 48.4
 26.9 48.4
 27.0 48.4
 27.1 48.4
 27.2 48.4
 27.3 48.4
 27.4 48.4
 27.5 48.5
 27.6 48.5
 27.7 48.4
 27.8 48.4
 27.9 48.4
 28.0 48.3
 28.1 48.3
 28.1 48.2
 28.2 48.3
 28.2 48.2
 28.3 48.2
 28.4 48.2
 28.3 48.1
 28.4 48.2
 28.4 48.1
 28.5 48.1
 28.6 48.2
 28.8 48.1
 28.9 48.1
 28.9 48.0
 29.0 48.0
 29.0 47.9
 29.1 47.9
 29.1 48.0
 29.2 48.0
 29.2 47.9
 29.3 47.9
 29.2 47.8
 29.3 47.8
 29.2 47.7
 29.2 47.6
 29.1 47.5
 29.2 47.4
 29.3 47.5
 29.3 47.4
 29.4 47.4
 29.4 47.3
 29.5 47.3
 29.6 47.3
 29.6 47.2
 29.6 47.1
 29.5 47.1
 29.6 47.1
 29.6 47.0
 29.6 46.9
 29.7 46.9
 29.8 46.9
 29.9 46.9
 29.9 46.8
 30.0 46.8
 29.9 46.8
 30.0 46.7
 29.9 46.6
 30.0 46.6
 29.9 46.6
 29.9 46.5
 30.0 46.5
 30.1 46.4
 29.9 46.4
 29.8 46.3
 29.8 46.4
 29.7 46.5
 29.7 46.4
 29.6 46.4
 29.5 46.4
 29.5 46.5
 29.4 46.4
 29.3 46.5
 29.3 46.4
 29.2 46.4
 29.2 46.5
 29.0 46.5
 28.9 46.4
 29.0 46.3
 28.9 46.3
 29.0 46.2
 29.0 46.1
 29.0 46.0
 28.8 46.0
 28.7 45.9
 28.8 45.9
 28.8 45.8
 28.7 45.8
 28.6 45.8
 28.6 45.7
 28.5 45.7
 28.5 45.6
 28.6 45.6
 28.5 45.6
 28.5 45.5
 28.3 45.5
 28.2 45.5
 28.2 45.4
 28.3 45.4
 28.3 45.3
 28.6 45.2
 28.7 45.2
 28.8 45.2
 28.8 45.3
 29.0 45.3
 29.3 45.4
 29.6 45.4
 29.7 45.3
 29.7 45.2
 29.8 45.4
 29.7 45.5
 29.6 45.4
 29.6 45.5
 29.7 45.5
 29.6 45.6
 29.6 45.7
 29.6 45.8
 29.7 45.8
 29.7 45.7
 29.7 45.6
 29.9 45.7
 29.8 45.7
 29.9 45.8
 29.9 45.7
 30.0 45.8
 30.1 45.8
 30.1 45.9
 30.1 45.8
 30.3 45.9
 30.3 46.0
 30.4 46.0
 30.7 46.3
 30.8 46.4
 30.7 46.5
 30.8 46.6
 31.2 46.6
 31.3 46.6
 31.5 46.7
 31.5 46.8
 31.5 46.7
 31.6 46.8
 31.5 46.6
 31.6 46.6
 31.6 46.7
 31.8 46.6
 31.9 46.6
 31.9 46.7
 31.9 46.8
 31.9 46.9
 32.0 46.9
 31.9 46.9
 31.9 47.0
 31.8 47.0
 31.9 47.1
 31.7 47.2
 31.9 47.1
 31.9 47.0
 32.0 47.0
 31.9 46.9
 32.0 46.9
 31.9 46.8
 32.0 46.7
 32.1 46.6
 32.2 46.6
 32.3 46.6
 32.6 46.6
 32.4 46.5
 31.8 46.5
 31.5 46.6
 31.7 46.4
 31.7 46.5
 31.8 46.5
 32.0 46.5
 32.1 46.4
 32.0 46.4
 31.8 46.3
 31.9 46.3
 32.2 46.2
 32.3 46.1
 32.5 46.1
 32.9 46.1
 33.0 46.1
 33.0 46.2
 33.1 46.1
 33.2 46.2
 33.2 46.1
 33.3 46.1
 33.5 46.0
 33.6 46.2
 33.6 46.1
 33.6 45.9
 33.7 45.9
 33.8 45.9
 33.7 45.9
 33.4 45.8
 33.3 45.7
 33.2 45.7
 32.8 45.6
 32.6 45.5
 32.5 45.4
 32.5 45.3
 32.6 45.3
 32.8 45.4
 32.9 45.3
 33.3 45.2
 33.4 45.2
 33.6 45.1
 33.6 45.0
 33.6 44.9
 33.5 44.8
 33.5 44.7
 33.5 44.6
 33.6 44.6
 33.4 44.6
 33.5 44.5
 33.8 44.4
 34.0 44.4
 34.2 44.5
 34.3 44.5
 34.4 44.7
 34.5 44.8
 35.0 44.8
 35.1 44.8
 35.2 44.9
 35.3 45.0
 35.4 44.9
 35.4 45.0
 35.4 45.1
 35.5 45.1
 35.6 45.1
 35.8 45.1
 35.8 45.0
 36.0 45.0
 36.4 45.0
 36.5 45.1
 36.4 45.3
 36.5 45.3
 36.6 45.3
 36.6 45.4
 36.3 45.4
 36.3 45.5
 36.1 45.5
 36.0 45.4
 35.9 45.4
 35.9 45.5
 35.8 45.5
 35.7 45.3
 35.5 45.3
 35.4 45.3
 35.2 45.5
 34.9 45.8
 34.8 46.1
 34.8 46.2
 34.9 46.3
 34.9 46.2
 35.1 46.3
 35.2 46.4
 35.2 46.5
 35.3 46.4
 35.3 46.3
 35.3 46.2
 35.2 46.2
 35.0 46.1
 35.2 46.1
 35.3 46.3
 35.5 46.4
 35.6 46.5
 35.8 46.6
 36.1 46.7
 36.2 46.7
 36.3 46.6
 36.4 46.7
 36.6 46.8
 36.7 46.8
 36.8 46.7
 36.8 46.6
 36.9 46.8
 37.2 46.9
 37.3 46.9
 37.5 47.1
 38.0 47.1
 38.1 47.1
 38.2 47.1
 38.2 47.2
 38.3 47.3
 38.2 47.3
 38.3 47.4
 38.3 47.5
 38.3 47.6
 38.4 47.6
 38.6 47.6
 38.7 47.7
 38.8 47.7
 38.8 47.8
 38.8 47.9
 38.9 47.9
 39.0 47.9
 39.1 47.8
 39.3 47.9
 39.4 47.8
 39.6 47.8
 39.7 47.8
 39.8 47.8
 39.8 47.9
 39.8 48.0
 39.9 48.0
 39.8 48.1
 39.9 48.1
 39.9 48.2
 40.0 48.2
 40.0 48.3
 39.9 48.3
 39.8 48.3
 39.9 48.3
 39.9 48.4
 39.8 48.5
 39.9 48.5
 39.9 48.6
 39.8 48.6
 39.7 48.6
 39.7 48.7
 39.7 48.8
 39.8 48.8
 39.9 48.8
 40.0 48.8
 40.1 48.9
 40.0 48.9
 39.9 48.9
 39.8 48.9
 39.7 48.9
 39.7 49.0
 39.9 49.1
 40.0 49.1
 40.1 49.2
 40.2 49.2
 40.2 49.3
 40.2 49.4
 40.1 49.4
 40.1 49.5
 40.1 49.6
 40.0 49.6
 39.9 49.6
 39.8 49.5
 39.8 49.6
 39.6 49.6
 39.6 49.7
 39.5 49.7
 39.5 49.8
 39.4 49.7
 39.3 49.8
 39.2 49.9
 39.1 49.9
 39.1 49.8
 38.9 49.8
 38.9 49.9
 38.8 49.9
 38.7 49.9
 38.7 50.0
 38.6 50.0
 38.5 50.0
 38.4 50.0
 38.3 50.1
 38.2 50.1
 38.2 50.0
 38.1 49.9
 38.0 49.9
 37.9 50.0
 37.7 50.1
 37.6 50.2
 37.6 50.3
 37.5 50.4
 37.3 50.4
 37.2 50.4
 37.1 50.3
 37.0 50.3
 36.8 50.3
 36.7 50.3
 36.7 50.2
 36.6 50.2
 36.5 50.2
 36.6 50.3
 36.5 50.3
 36.4 50.3
 36.3 50.3
 36.2 50.4
 36.1 50.4
 36.0 50.4
 35.9 50.4
 35.8 50.4
 35.7 50.4
 35.7 50.3
 35.6 50.4
 35.6 50.5
 35.5 50.5
 35.4 50.5
 35.4 50.6
 35.5 50.7
 35.5 50.8
 35.4 50.8
 35.4 50.9
 35.3 50.9
 35.3 51.0
 35.4 51.0
 35.3 51.1
 35.2 51.1
 35.1 51.1
 35.1 51.2
 35.0 51.2
 34.9 51.2
 34.7 51.2
 34.6 51.2
 34.5 51.2
 34.4 51.3
 34.3 51.2
 34.2 51.3
 34.3 51.3
 34.3 51.4
 34.2 51.4
 34.2 51.5
 34.2 51.6
 34.1 51.6
 34.1 51.7
 34.4 51.7
 34.4 51.8
 34.3 51.9
 34.2 51.9
 34.2 52.0
 34.1 52.0
 34.1 52.1
 34.1 52.2
 34.0 52.2
 33.9 52.3
 33.8 52.3
 33.7 52.4
 33.5 52.3
 33.5 52.4
 33.4 52.3
 33.4 52.4
 33.3 52.4
 33.2 52.4
 33.1 52.3
 32.9 52.2
 32.9 52.3
 32.7 52.3
 32.6 52.3
 32.5 52.3
 32.4 52.3
 32.3 52.2
 32.3 52.1
 32.2 52.1
 32.1 52.0
 32.0 52.1
 31.9 52.0
 31.9 52.1
 31.8 52.1
 31.4 52.1
 31.3 52.1
 31.3 52.0
 31.2 52.1
 31.0 52.1
 30.9 52.1
 30.9 52.0
 31.0 52.0
 30.9 52.0
 30.8 51.9
 30.7 51.9
 30.7 51.8
 30.6 51.8
 30.6 51.7
 30.6 51.6
 30.5 51.6
 30.6 51.5
 30.6 51.4
 30.6 51.3
 30.5 51.3
 30.4 51.3
 30.3 51.3
 30.4 51.4
 30.3 51.4
 30.2 51.5
 30.0 51.5
 29.9 51.5
 29.9 51.4
 29.8 51.4
 29.7 51.5
 29.6 51.5
 29.5 51.5
 29.5 51.4
 29.4 51.4
 29.3 51.4
 29.2 51.5
 29.3 51.5
 29.2 51.5
 29.2 51.6
 29.1 51.6
 29.0 51.6
 28.9 51.6
 28.8 51.6
 28.8 51.5
 28.8 51.4
 28.7 51.4
 28.7 51.5
 28.7 51.4
 28.7 51.5
 28.6 51.6
 28.5 51.6
 28.4 51.5
 28.3 51.6
 28.3 51.7
 28.2 51.6
 28.1 51.6
 28.0 51.6
 27.9 51.6
 27.8 51.6
 27.8 51.5
 27.7 51.5
 27.7 51.6
 27.5 51.6
 27.4 51.6
 27.3 51.6
 27.3 51.7
 27.2 51.7
 27.2 51.8
 27.0 51.8
 26.9 51.7
 26.6 51.8
 26.5 51.8
 26.4 51.8
 26.4 51.9
 26.2 51.9
 26.1 51.9
 26.0 51.9
 25.8 51.9
 25.7 51.9
 25.5 51.9
 25.4 51.9
 25.2 52.0
 24.9 51.9
 24.4 51.9
 24.3 51.8
 24.3 51.7
 24.0 51.6
 23.9 51.6
 23.8 51.7
 23.7 51.6
 23.6 51.6
 23.6 51.5
 

