-141.0 69.6
 -141.0 66.8
 -141.0 63.6
 -141.0 60.3
 -140.5 60.2
 -140.5 60.3
 -140.0 60.2
 -139.7 60.3
 -139.1 60.4
 -139.1 60.3
 -139.2 60.1
 -139.0 60.0
 -138.7 59.9
 -138.7 59.8
 -138.6 59.8
 -138.0 59.5
 -138.0 59.4
 -137.6 59.2
 -137.5 59.0
 -137.5 58.9
 -137.4 58.9
 -136.8 59.2
 -136.6 59.2
 -136.5 59.3
 -136.5 59.5
 -136.3 59.5
 -136.2 59.5
 -136.2 59.6
 -136.3 59.6
 -135.5 59.8
 -135.0 59.6
 -135.0 59.5
 -135.1 59.4
 -135.0 59.4
 -135.0 59.3
 -134.9 59.3
 -134.7 59.2
 -134.6 59.1
 -134.5 59.1
 -134.4 59.0
 -134.3 59.0
 -134.3 58.9
 -134.2 58.9
 -133.8 58.7
 -133.7 58.6
 -133.4 58.4
 -133.1 58.1
 -133.1 58.0
 -132.6 57.6
 -132.2 57.2
 -132.3 57.1
 -132.0 57.0
 -132.1 56.9
 -131.9 56.8
 -131.8 56.6
 -131.5 56.6
 -131.1 56.4
 -130.8 56.4
 -130.6 56.3
 -130.5 56.2
 -130.4 56.1
 -130.2 56.1
 -130.1 56.1
 -130.0 56.0
 -130.0 55.9
 -130.1 55.8
 -130.1 55.7
 -130.1 55.6
 -129.9 55.3
 -130.1 55.2
 -130.2 55.1
 -130.1 55.0
 -129.8 55.4
 -129.8 55.6
 -129.7 55.4
 -129.9 55.1
 -130.0 55.0
 -129.8 55.0
 -129.7 55.0
 -129.9 54.9
 -130.0 55.0
 -130.1 55.0
 -130.2 54.8
 -130.1 54.9
 -130.2 54.8
 -130.2 54.7
 -130.0 54.6
 -130.2 54.7
 -130.3 54.7
 -130.4 54.7
 -130.4 54.6
 -130.1 54.4
 -130.1 54.5
 -130.1 54.4
 -130.0 54.4
 -130.1 54.3
 -130.3 54.6
 -130.4 54.6
 -130.4 54.5
 -130.5 54.4
 -130.5 54.3
 -130.3 54.3
 -130.2 54.3
 -130.3 54.2
 -130.1 54.2
 -129.8 54.2
 -129.6 54.2
 -129.5 54.2
 -129.6 54.2
 -129.8 54.2
 -129.9 54.2
 -129.8 54.0
 -129.9 54.1
 -130.0 54.2
 -130.1 54.1
 -130.1 53.9
 -130.0 53.9
 -130.0 53.8
 -129.8 53.7
 -129.7 53.7
 -129.5 53.5
 -129.3 53.4
 -129.2 53.5
 -129.3 53.5
 -129.2 53.6
 -129.0 53.7
 -129.0 53.8
 -129.1 53.8
 -129.0 53.8
 -128.9 53.8
 -128.8 53.9
 -128.7 54.0
 -128.6 54.0
 -128.7 53.9
 -128.8 53.8
 -128.8 53.6
 -128.6 53.5
 -128.4 53.5
 -128.1 53.5
 -127.9 53.3
 -127.9 53.2
 -128.0 53.3
 -128.1 53.4
 -128.4 53.5
 -128.5 53.4
 -128.5 53.3
 -128.5 53.4
 -128.8 53.6
 -129.0 53.5
 -128.9 53.5
 -128.8 53.5
 -128.9 53.4
 -128.9 53.3
 -128.8 53.3
 -128.7 53.2
 -128.6 53.1
 -128.5 53.1
 -128.5 53.0
 -128.4 52.8
 -128.2 52.8
 -128.2 52.9
 -128.1 52.9
 -128.0 52.9
 -128.1 52.9
 -128.1 52.8
 -128.2 52.6
 -128.2 52.5
 -128.4 52.3
 -128.3 52.3
 -128.1 52.5
 -127.9 52.6
 -127.9 52.5
 -128.0 52.5
 -128.1 52.4
 -128.0 52.4
 -128.0 52.3
 -127.9 52.4
 -127.8 52.4
 -127.9 52.3
 -127.9 52.2
 -127.8 52.3
 -127.7 52.4
 -127.7 52.3
 -127.3 52.5
 -127.0 52.6
 -127.0 52.7
 -127.1 52.9
 -127.0 52.8
 -126.9 52.7
 -127.0 52.7
 -127.2 52.5
 -127.2 52.4
 -127.1 52.3
 -126.8 52.4
 -126.9 52.3
 -126.7 52.1
 -126.9 52.2
 -126.9 52.3
 -127.0 52.3
 -127.2 52.3
 -127.5 52.2
 -127.4 52.1
 -127.6 52.1
 -127.5 52.1
 -127.6 52.1
 -127.7 51.9
 -127.8 51.9
 -127.9 51.9
 -127.9 51.7
 -127.8 51.6
 -127.8 51.5
 -127.7 51.5
 -127.8 51.5
 -127.7 51.5
 -127.6 51.5
 -127.5 51.6
 -127.5 51.7
 -127.6 51.7
 -127.5 51.7
 -127.4 51.8
 -127.3 51.9
 -127.4 51.8
 -127.4 51.7
 -127.3 51.7
 -126.7 51.7
 -126.6 51.7
 -126.7 51.8
 -126.6 51.7
 -126.7 51.6
 -127.1 51.7
 -127.5 51.6
 -127.6 51.5
 -127.8 51.4
 -127.8 51.3
 -127.5 51.4
 -127.5 51.3
 -127.2 51.3
 -127.1 51.4
 -127.1 51.3
 -127.2 51.3
 -127.6 51.3
 -127.8 51.2
 -127.6 51.1
 -127.5 51.1
 -127.5 51.0
 -127.4 51.0
 -127.4 50.9
 -127.0 50.8
 -126.9 50.9
 -127.2 50.9
 -127.0 50.9
 -126.7 50.9
 -126.5 50.9
 -126.5 51.0
 -126.5 51.1
 -126.5 50.9
 -126.3 50.9
 -126.2 51.0
 -126.2 50.9
 -126.5 50.9
 -126.6 50.9
 -126.6 50.8
 -126.5 50.8
 -126.2 50.9
 -126.2 50.8
 -126.1 50.8
 -126.0 50.8
 -126.2 50.7
 -125.7 50.7
 -125.6 50.8
 -125.7 50.8
 -125.7 50.9
 -125.6 50.9
 -125.5 50.9
 -125.6 51.0
 -125.6 51.1
 -125.6 51.0
 -125.5 50.9
 -125.6 50.9
 -125.6 50.8
 -125.7 50.7
 -126.3 50.6
 -126.2 50.6
 -126.0 50.6
 -126.3 50.5
 -125.9 50.5
 -125.8 50.5
 -125.7 50.5
 -125.8 50.5
 -125.7 50.4
 -125.6 50.5
 -125.6 50.6
 -125.5 50.7
 -125.4 50.7
 -125.5 50.6
 -125.6 50.5
 -125.4 50.5
 -125.3 50.5
 -125.2 50.5
 -125.2 50.4
 -125.1 50.4
 -125.1 50.5
 -125.0 50.6
 -124.9 50.7
 -125.0 50.8
 -124.9 50.8
 -124.9 50.9
 -124.8 50.9
 -124.9 50.8
 -124.8 50.7
 -124.9 50.6
 -125.1 50.5
 -125.1 50.3
 -125.0 50.4
 -124.9 50.3
 -124.8 50.3
 -124.7 50.4
 -124.6 50.4
 -124.4 50.5
 -124.4 50.4
 -124.7 50.4
 -124.7 50.3
 -124.6 50.2
 -124.7 50.1
 -124.7 50.0
 -124.8 50.1
 -124.7 50.0
 -124.6 49.9
 -124.5 49.8
 -124.4 49.8
 -124.1 49.8
 -124.0 49.9
 -124.0 49.8
 -123.9 49.9
 -124.0 49.9
 -124.0 50.0
 -123.9 50.0
 -123.8 50.1
 -124.0 50.2
 -123.7 50.1
 -123.8 50.1
 -124.0 50.0
 -123.9 49.9
 -123.9 49.8
 -123.8 49.6
 -123.5 49.7
 -123.8 49.6
 -123.8 49.5
 -123.9 49.7
 -124.0 49.7
 -124.1 49.6
 -124.0 49.5
 -123.7 49.4
 -123.5 49.4
 -123.5 49.5
 -123.2 49.6
 -123.2 49.7
 -123.2 49.6
 -123.3 49.3
 -123.0 49.3
 -122.9 49.4
 -122.9 49.3
 -123.2 49.3
 -123.2 49.2
 -123.1 49.2
 -123.2 49.2
 -123.2 49.1
 -123.1 49.1
 -123.0 49.1
 -123.1 49.1
 -123.1 49.0
 -123.0 49.0
 -122.9 49.1
 -122.8 49.0
 -120.1 49.0
 -116.8 49.0
 -113.5 49.0
 -110.3 49.0
 -107.0 49.0
 -103.7 49.0
 -100.5 49.0
 -97.2 49.0
 -95.3 49.0
 -95.2 49.0
 -95.2 49.2
 -95.2 49.4
 -95.1 49.4
 -94.8 49.3
 -94.7 48.9
 -94.7 48.8
 -94.5 48.7
 -94.3 48.7
 -93.9 48.6
 -93.8 48.5
 -93.7 48.5
 -93.5 48.6
 -93.4 48.6
 -93.2 48.6
 -92.6 48.5
 -92.7 48.5
 -92.7 48.4
 -92.5 48.4
 -92.4 48.4
 -92.4 48.2
 -92.3 48.2
 -92.3 48.3
 -92.1 48.4
 -92.0 48.2
 -91.7 48.2
 -91.7 48.1
 -91.4 48.0
 -91.0 48.2
 -90.9 48.2
 -90.8 48.2
 -90.8 48.1
 -90.7 48.1
 -90.4 48.1
 -90.2 48.1
 -90.1 48.1
 -90.0 48.0
 -89.9 48.0
 -89.7 48.0
 -89.6 48.0
 -89.4 48.1
 -89.3 48.2
 -89.2 48.3
 -89.2 48.4
 -89.1 48.5
 -88.8 48.6
 -88.9 48.3
 -88.8 48.4
 -88.7 48.5
 -88.6 48.5
 -88.6 48.6
 -88.5 48.6
 -88.5 48.9
 -88.4 48.8
 -88.3 48.8
 -88.3 48.7
 -88.6 48.5
 -88.6 48.4
 -88.5 48.5
 -88.4 48.6
 -88.4 48.5
 -88.3 48.6
 -88.3 48.7
 -88.3 48.6
 -88.2 48.6
 -88.1 48.7
 -88.1 48.8
 -88.2 48.9
 -88.3 48.9
 -88.2 48.9
 -88.3 49.0
 -88.0 49.0
 -87.4 48.8
 -87.1 48.8
 -87.0 48.8
 -86.9 48.8
 -86.7 48.8
 -86.6 48.8
 -86.6 48.7
 -86.4 48.7
 -86.3 48.6
 -86.2 48.4
 -86.0 48.1
 -85.8 48.0
 -85.7 47.9
 -84.9 48.0
 -84.8 48.0
 -84.8 47.9
 -84.9 47.9
 -84.9 47.8
 -84.9 47.7
 -85.0 47.7
 -85.0 47.6
 -84.9 47.5
 -84.7 47.4
 -84.6 47.3
 -84.7 47.2
 -84.8 47.0
 -84.7 47.0
 -84.6 46.9
 -84.5 46.9
 -84.4 46.9
 -84.4 46.8
 -84.5 46.8
 -84.6 46.7
 -84.5 46.7
 -84.5 46.8
 -84.4 46.7
 -84.6 46.6
 -84.6 46.5
 -84.5 46.5
 -84.1 46.5
 -84.1 46.4
 -84.1 46.3
 -83.6 46.3
 -83.4 46.2
 -82.8 46.2
 -82.6 46.2
 -82.7 46.2
 -82.6 46.2
 -82.4 46.2
 -82.3 46.1
 -82.2 46.1
 -81.7 46.1
 -81.6 46.1
 -81.5 46.1
 -81.7 46.0
 -81.6 46.0
 -81.7 45.9
 -81.5 46.0
 -81.2 46.0
 -81.2 45.9
 -80.8 45.9
 -80.7 45.8
 -80.5 45.6
 -80.4 45.6
 -80.4 45.5
 -80.4 45.4
 -80.3 45.4
 -80.2 45.3
 -80.2 45.4
 -80.1 45.4
 -80.0 45.3
 -80.1 45.3
 -80.1 45.2
 -80.0 45.2
 -80.0 45.1
 -80.1 45.1
 -79.8 44.9
 -79.8 44.8
 -79.7 44.8
 -79.7 44.9
 -79.7 44.8
 -79.9 44.8
 -79.9 44.9
 -80.0 44.9
 -80.1 44.8
 -80.0 44.7
 -80.0 44.6
 -80.1 44.5
 -80.6 44.6
 -80.6 44.7
 -80.7 44.7
 -80.8 44.7
 -80.9 44.6
 -80.9 44.8
 -81.0 44.8
 -81.1 44.8
 -81.0 44.8
 -80.9 45.0
 -81.0 45.0
 -81.1 44.9
 -81.1 45.0
 -81.2 45.0
 -81.3 45.2
 -81.3 45.3
 -81.6 45.2
 -81.7 45.3
 -81.7 45.2
 -81.6 45.2
 -81.5 45.0
 -81.4 45.0
 -81.3 45.0
 -81.4 44.9
 -81.3 44.8
 -81.3 44.6
 -81.5 44.4
 -81.6 44.3
 -81.7 44.2
 -81.7 44.1
 -81.7 43.6
 -81.7 43.4
 -81.7 43.3
 -82.3 43.1
 -82.4 43.0
 -82.5 42.8
 -82.5 42.6
 -82.6 42.6
 -82.6 42.5
 -82.4 42.5
 -82.4 42.4
 -82.4 42.3
 -82.5 42.3
 -83.0 42.3
 -83.1 42.3
 -83.1 42.2
 -83.1 42.1
 -82.9 42.0
 -82.8 42.0
 -82.7 42.0
 -82.6 42.0
 -82.5 41.9
 -82.5 42.0
 -82.4 42.1
 -82.1 42.3
 -81.9 42.3
 -81.8 42.3
 -81.8 42.4
 -81.7 42.5
 -81.5 42.6
 -81.2 42.7
 -80.9 42.7
 -80.3 42.6
 -80.2 42.6
 -80.4 42.6
 -80.4 42.7
 -80.3 42.7
 -80.3 42.8
 -80.0 42.8
 -79.4 42.9
 -79.2 42.9
 -79.0 42.9
 -78.9 42.9
 -79.1 43.1
 -79.1 43.3
 -79.5 43.2
 -79.7 43.2
 -79.7 43.3
 -79.8 43.3
 -79.7 43.4
 -79.5 43.6
 -79.3 43.7
 -79.0 43.9
 -78.3 44.0
 -77.7 44.0
 -77.5 44.0
 -77.6 44.0
 -77.5 43.9
 -77.3 44.0
 -77.3 43.9
 -77.2 44.0
 -77.2 43.9
 -77.1 43.9
 -76.9 43.9
 -76.9 44.0
 -77.0 43.9
 -77.0 44.0
 -76.9 44.1
 -77.0 44.1
 -77.1 44.0
 -77.1 44.2
 -77.3 44.1
 -77.3 44.2
 -77.5 44.1
 -77.6 44.1
 -77.5 44.1
 -77.2 44.2
 -77.0 44.2
 -77.1 44.1
 -77.0 44.2
 -76.9 44.2
 -77.1 44.1
 -77.0 44.1
 -76.8 44.2
 -76.5 44.3
 -76.3 44.3
 -75.8 44.5
 -75.5 44.7
 -75.1 44.9
 -74.9 45.0
 -74.7 45.0
 -73.7 45.0
 -73.4 45.0
 -73.3 45.0
 -73.2 45.0
 -73.1 45.0
 -72.7 45.0
 -71.7 45.0
 -71.5 45.0
 -71.5 45.1
 -71.4 45.2
 -71.3 45.3
 -71.2 45.3
 -71.0 45.4
 -70.9 45.2
 -70.8 45.3
 -70.8 45.4
 -70.7 45.4
 -70.6 45.4
 -70.7 45.5
 -70.7 45.6
 -70.5 45.7
 -70.4 45.7
 -70.4 45.8
 -70.2 45.9
 -70.2 46.0
 -70.3 46.0
 -70.3 46.1
 -70.2 46.2
 -70.3 46.2
 -70.1 46.4
 -70.0 46.7
 -69.4 47.3
 -69.2 47.5
 -69.1 47.4
 -69.0 47.3
 -68.9 47.2
 -68.5 47.3
 -68.4 47.3
 -68.4 47.4
 -68.3 47.4
 -68.1 47.3
 -67.8 47.1
 -67.8 46.3
 -67.8 45.8
 -67.8 45.7
 -67.5 45.6
 -67.4 45.6
 -67.4 45.5
 -67.5 45.5
 -67.5 45.3
 -67.4 45.2
 -67.3 45.1
 -67.3 45.2
 -67.2 45.2
 -67.1 45.2
 -67.0 45.1
 -67.0 45.2
 -66.8 45.1
 -66.9 45.1
 -66.8 45.1
 -66.6 45.1
 -66.5 45.1
 -66.4 45.1
 -66.3 45.2
 -66.2 45.2
 -66.1 45.2
 -66.1 45.3
 -66.2 45.3
 -66.1 45.4
 -66.0 45.5
 -66.0 45.4
 -66.1 45.3
 -66.0 45.3
 -66.0 45.2
 -65.9 45.2
 -65.8 45.3
 -65.7 45.2
 -65.3 45.5
 -65.1 45.5
 -64.9 45.6
 -64.8 45.6
 -64.6 45.9
 -64.7 46.0
 -64.5 45.8
 -64.5 45.7
 -64.3 45.9
 -64.3 45.8
 -64.3 45.7
 -64.3 45.8
 -64.4 45.8
 -64.4 45.7
 -64.9 45.4
 -64.9 45.3
 -64.8 45.3
 -64.7 45.4
 -64.6 45.4
 -64.5 45.4
 -64.2 45.4
 -64.0 45.4
 -63.8 45.4
 -63.5 45.4
 -63.4 45.3
 -63.5 45.3
 -63.9 45.3
 -64.2 45.2
 -64.2 45.1
 -64.1 45.1
 -64.2 45.0
 -64.2 45.1
 -64.3 45.1
 -64.4 45.1
 -64.3 45.3
 -64.4 45.3
 -64.5 45.3
 -64.4 45.3
 -64.5 45.2
 -64.8 45.2
 -65.2 45.0
 -65.7 44.7
 -65.4 44.8
 -65.6 44.7
 -65.8 44.6
 -65.8 44.7
 -66.2 44.4
 -66.0 44.5
 -65.9 44.6
 -65.9 44.5
 -66.0 44.4
 -66.2 44.1
 -66.1 43.8
 -66.1 43.7
 -66.1 43.8
 -66.0 43.7
 -66.0 43.8
 -65.9 43.8
 -65.8 43.6
 -65.8 43.7
 -65.8 43.6
 -65.8 43.5
 -65.7 43.5
 -65.6 43.6
 -65.5 43.5
 -65.5 43.6
 -65.4 43.6
 -65.3 43.7
 -65.4 43.7
 -65.3 43.8
 -65.3 43.7
 -65.2 43.7
 -65.3 43.8
 -65.2 43.8
 -65.2 43.7
 -65.1 43.7
 -65.1 43.8
 -65.1 43.7
 -65.0 43.7
 -65.0 43.8
 -64.9 43.8
 -64.9 43.9
 -64.8 43.8
 -64.8 43.9
 -64.7 44.0
 -64.7 44.1
 -64.6 44.1
 -64.5 44.1
 -64.4 44.3
 -64.3 44.3
 -64.2 44.3
 -64.3 44.3
 -64.3 44.4
 -64.4 44.4
 -64.3 44.5
 -64.2 44.6
 -64.1 44.5
 -64.0 44.5
 -64.1 44.6
 -63.9 44.7
 -63.9 44.6
 -63.9 44.5
 -63.8 44.5
 -63.6 44.5
 -63.5 44.5
 -63.5 44.6
 -63.6 44.7
 -63.4 44.6
 -63.5 44.7
 -63.4 44.7
 -63.4 44.6
 -63.3 44.6
 -63.2 44.7
 -63.1 44.7
 -63.1 44.8
 -63.0 44.7
 -63.1 44.8
 -63.0 44.8
 -63.0 44.7
 -62.8 44.7
 -62.6 44.8
 -62.5 44.9
 -62.5 44.8
 -62.3 44.9
 -62.1 45.0
 -61.9 45.0
 -61.8 45.0
 -61.9 45.1
 -61.6 45.1
 -61.7 45.2
 -61.6 45.1
 -61.3 45.2
 -61.4 45.2
 -61.3 45.3
 -61.2 45.2
 -61.1 45.2
 -61.0 45.3
 -61.1 45.3
 -61.5 45.3
 -61.5 45.4
 -61.2 45.5
 -61.5 45.7
 -61.6 45.7
 -61.6 45.6
 -61.7 45.6
 -61.9 45.7
 -61.9 45.9
 -62.0 45.8
 -62.4 45.7
 -62.5 45.6
 -62.5 45.7
 -62.6 45.7
 -62.7 45.6
 -62.6 45.7
 -62.7 45.8
 -63.1 45.8
 -63.2 45.7
 -63.2 45.8
 -63.3 45.7
 -63.4 45.8
 -63.3 45.8
 -63.2 45.8
 -63.5 45.8
 -63.4 45.8
 -63.5 45.9
 -63.7 45.8
 -63.8 45.9
 -64.1 46.0
 -64.1 46.1
 -63.9 46.1
 -63.8 46.1
 -64.1 46.2
 -64.2 46.2
 -64.4 46.2
 -64.6 46.2
 -64.6 46.3
 -64.5 46.3
 -64.6 46.4
 -64.6 46.3
 -64.6 46.4
 -64.7 46.5
 -64.7 46.6
 -64.7 46.7
 -64.8 46.7
 -64.9 46.7
 -64.8 46.7
 -64.9 46.9
 -64.8 47.0
 -64.8 47.1
 -65.1 47.1
 -65.4 47.1
 -65.0 47.3
 -64.9 47.4
 -64.9 47.5
 -64.9 47.6
 -64.8 47.7
 -64.7 47.7
 -64.7 47.8
 -64.8 47.7
 -64.8 47.8
 -65.1 47.8
 -65.0 47.8
 -65.2 47.8
 -65.3 47.8
 -65.6 47.7
 -65.6 47.6
 -65.7 47.7
 -65.6 47.7
 -65.8 47.9
 -66.0 47.9
 -66.4 48.0
 -66.4 48.1
 -66.8 48.0
 -66.5 48.1
 -66.3 48.1
 -66.1 48.1
 -65.9 48.2
 -65.7 48.1
 -65.5 48.0
 -65.3 48.0
 -64.9 48.1
 -65.0 48.2
 -64.8 48.2
 -64.7 48.3
 -64.3 48.4
 -64.2 48.5
 -64.3 48.6
 -64.2 48.6
 -64.4 48.8
 -64.5 48.8
 -64.6 48.9
 -64.2 48.8
 -64.2 48.9
 -64.3 49.0
 -64.8 49.2
 -65.5 49.3
 -65.8 49.2
 -66.6 49.1
 -67.0 49.0
 -67.7 48.8
 -67.8 48.8
 -68.4 48.5
 -69.0 48.3
 -69.1 48.1
 -69.5 48.0
 -69.6 47.9
 -69.5 47.8
 -70.0 47.5
 -70.0 47.4
 -70.1 47.4
 -70.2 47.3
 -70.3 47.2
 -70.5 47.0
 -70.6 47.0
 -70.8 46.9
 -71.2 46.8
 -71.3 46.7
 -71.1 46.9
 -70.7 47.1
 -70.6 47.3
 -70.5 47.4
 -70.2 47.5
 -70.2 47.6
 -69.9 47.8
 -69.7 48.1
 -69.9 48.2
 -70.2 48.2
 -70.4 48.3
 -70.6 48.4
 -70.9 48.3
 -70.9 48.4
 -70.8 48.4
 -70.5 48.4
 -70.3 48.3
 -70.0 48.3
 -69.8 48.2
 -69.7 48.1
 -69.4 48.3
 -69.2 48.6
 -69.1 48.6
 -69.1 48.8
 -69.0 48.8
 -68.6 48.9
 -68.7 48.9
 -68.6 49.1
 -68.4 49.1
 -68.4 49.2
 -68.4 49.1
 -68.2 49.1
 -68.3 49.2
 -68.2 49.2
 -68.1 49.3
 -67.4 49.3
 -67.2 49.5
 -67.2 49.6
 -67.2 49.7
 -67.2 49.8
 -67.1 49.8
 -67.0 49.8
 -67.0 50.0
 -66.9 50.0
 -66.7 50.0
 -66.7 50.1
 -66.6 50.1
 -66.6 50.2
 -66.5 50.1
 -66.4 50.2
 -66.5 50.2
 -66.5 50.3
 -66.4 50.3
 -66.4 50.2
 -66.1 50.2
 -66.0 50.3
 -65.9 50.3
 -65.8 50.3
 -65.3 50.3
 -64.9 50.3
 -64.5 50.3
 -64.2 50.3
 -63.8 50.3
 -63.4 50.2
 -63.0 50.3
 -62.5 50.3
 -62.4 50.3
 -62.2 50.2
 -61.9 50.2
 -61.8 50.2
 -61.8 50.1
 -61.7 50.1
 -61.6 50.2
 -61.3 50.2
 -61.2 50.2
 -60.8 50.2
 -60.7 50.2
 -60.3 50.3
 -60.2 50.3
 -60.1 50.3
 -59.8 50.3
 -59.9 50.4
 -59.8 50.4
 -59.6 50.5
 -59.4 50.6
 -59.4 50.7
 -59.3 50.7
 -59.2 50.7
 -59.1 50.8
 -59.1 50.9
 -59.1 50.8
 -59.0 50.7
 -58.9 50.8
 -59.0 50.9
 -59.0 51.0
 -58.9 51.1
 -58.9 51.0
 -58.8 51.1
 -58.6 51.2
 -58.7 51.2
 -58.7 51.3
 -58.4 51.3
 -58.3 51.3
 -58.2 51.3
 -58.3 51.3
 -58.2 51.3
 -58.1 51.3
 -57.8 51.4
 -57.7 51.5
 -57.6 51.4
 -57.5 51.4
 -57.4 51.5
 -57.2 51.5
 -57.2 51.4
 -56.9 51.4
 -56.9 51.5
 -56.8 51.5
 -56.7 51.6
 -56.6 51.7
 -56.4 51.7
 -56.3 51.8
 -55.9 51.9
 -55.9 52.0
 -56.0 52.0
 -55.9 52.0
 -55.8 52.1
 -55.7 52.1
 -55.7 52.2
 -55.8 52.2
 -55.7 52.2
 -55.6 52.2
 -55.8 52.2
 -55.8 52.3
 -56.0 52.4
 -55.8 52.3
 -55.6 52.4
 -55.8 52.4
 -55.7 52.5
 -55.8 52.5
 -56.3 52.5
 -56.2 52.5
 -56.0 52.6
 -56.1 52.6
 -56.0 52.7
 -55.8 52.6
 -55.7 52.6
 -55.8 52.7
 -56.0 52.7
 -56.2 52.8
 -56.0 52.8
 -55.8 52.8
 -55.8 52.9
 -55.9 53.0
 -56.1 53.0
 -55.9 53.0
 -55.9 53.1
 -55.8 53.1
 -55.7 53.1
 -55.8 53.2
 -55.7 53.2
 -55.8 53.3
 -55.8 53.2
 -55.9 53.2
 -55.8 53.3
 -55.9 53.4
 -56.0 53.4
 -56.1 53.5
 -56.3 53.5
 -56.3 53.6
 -56.1 53.6
 -56.0 53.5
 -56.1 53.6
 -56.5 53.6
 -56.7 53.7
 -56.4 53.7
 -56.5 53.8
 -56.6 53.8
 -56.6 53.7
 -56.7 53.7
 -57.0 53.7
 -57.2 53.6
 -57.1 53.5
 -57.3 53.5
 -57.3 53.4
 -57.4 53.4
 -57.3 53.5
 -57.3 53.6
 -57.5 53.6
 -57.1 53.7
 -57.2 53.8
 -57.1 53.8
 -57.2 53.9
 -57.2 54.0
 -57.4 54.2
 -57.5 54.2
 -58.0 54.2
 -58.4 54.2
 -58.4 54.1
 -58.3 54.1
 -58.2 54.1
 -57.8 54.1
 -58.1 54.1
 -58.2 54.1
 -58.8 53.9
 -59.1 53.8
 -59.0 53.8
 -59.0 53.7
 -59.1 53.7
 -59.3 53.7
 -59.4 53.6
 -59.6 53.5
 -59.9 53.5
 -59.8 53.5
 -59.9 53.5
 -60.0 53.4
 -60.2 53.3
 -60.1 53.3
 -60.2 53.3
 -60.3 53.3
 -60.4 53.3
 -60.3 53.3
 -60.2 53.3
 -60.2 53.4
 -60.4 53.3
 -60.4 53.4
 -60.1 53.5
 -60.4 53.6
 -60.7 53.7
 -60.9 53.7
 -60.9 53.8
 -60.8 53.8
 -60.5 53.7
 -60.1 53.5
 -60.1 53.6
 -60.1 53.7
 -60.0 53.7
 -60.1 53.8
 -59.8 53.8
 -59.9 53.8
 -59.7 53.8
 -59.0 54.0
 -58.9 54.0
 -58.7 54.0
 -58.6 54.0
 -58.4 54.2
 -58.8 54.1
 -59.5 54.0
 -59.6 54.0
 -59.4 54.0
 -58.7 54.1
 -58.6 54.2
 -58.1 54.3
 -57.7 54.4
 -57.6 54.4
 -57.5 54.5
 -57.4 54.5
 -57.3 54.6
 -57.5 54.7
 -57.7 54.6
 -57.8 54.7
 -57.9 54.7
 -58.2 54.8
 -58.4 54.8
 -58.4 54.7
 -58.4 54.8
 -58.6 54.8
 -58.8 54.9
 -58.8 54.8
 -58.9 54.9
 -58.9 55.0
 -59.0 55.0
 -59.0 55.1
 -59.0 55.2
 -59.4 55.0
 -59.1 55.2
 -59.2 55.2
 -59.4 55.0
 -59.8 54.8
 -59.9 54.7
 -59.9 54.8
 -59.8 54.8
 -59.4 55.1
 -59.4 55.2
 -59.5 55.1
 -59.5 55.2
 -60.0 55.1
 -60.0 55.2
 -59.9 55.2
 -59.8 55.2
 -59.7 55.3
 -59.8 55.3
 -60.3 55.0
 -60.3 55.1
 -60.0 55.3
 -60.2 55.2
 -60.2 55.3
 -60.7 55.0
 -60.4 55.2
 -60.4 55.3
 -60.6 55.2
 -60.5 55.2
 -60.4 55.3
 -60.4 55.4
 -60.2 55.4
 -60.2 55.5
 -60.3 55.5
 -60.3 55.4
 -60.3 55.5
 -60.4 55.4
 -60.5 55.3
 -60.5 55.4
 -60.4 55.5
 -60.3 55.6
 -60.4 55.6
 -60.4 55.5
 -60.5 55.5
 -60.4 55.6
 -60.5 55.6
 -60.5 55.7
 -60.4 55.7
 -60.3 55.8
 -60.4 55.8
 -60.5 55.8
 -60.5 55.7
 -60.6 55.6
 -60.7 55.7
 -60.6 55.7
 -60.6 55.8
 -60.8 55.7
 -60.9 55.8
 -60.7 55.8
 -60.8 55.9
 -61.0 55.9
 -61.2 55.9
 -61.1 55.9
 -61.1 56.0
 -61.4 56.0
 -61.5 56.0
 -61.4 56.0
 -61.5 56.0
 -61.3 56.0
 -61.3 56.1
 -61.4 56.0
 -61.5 56.1
 -61.3 56.1
 -61.4 56.1
 -61.3 56.2
 -61.4 56.2
 -62.0 56.2
 -62.1 56.3
 -62.0 56.3
 -61.8 56.3
 -61.7 56.3
 -61.8 56.3
 -61.7 56.3
 -61.8 56.3
 -61.8 56.4
 -62.0 56.4
 -62.1 56.4
 -62.1 56.5
 -62.0 56.5
 -61.9 56.5
 -62.0 56.5
 -61.8 56.5
 -61.7 56.5
 -61.7 56.6
 -62.1 56.6
 -62.2 56.6
 -62.0 56.6
 -62.6 56.8
 -62.5 56.8
 -62.1 56.8
 -62.5 56.8
 -62.0 56.7
 -61.9 56.7
 -61.9 56.6
 -61.8 56.6
 -61.7 56.6
 -61.8 56.7
 -61.7 56.7
 -61.8 56.8
 -61.9 56.8
 -61.9 56.7
 -61.9 56.8
 -61.8 56.8
 -61.6 56.8
 -61.6 56.9
 -61.5 57.0
 -61.4 57.0
 -61.3 57.0
 -61.4 57.1
 -61.5 57.2
 -61.6 57.1
 -61.7 57.2
 -61.8 57.1
 -61.8 57.2
 -61.9 57.2
 -62.0 57.3
 -61.9 57.3
 -61.9 57.4
 -61.8 57.4
 -62.2 57.5
 -62.4 57.4
 -62.5 57.5
 -62.3 57.5
 -62.2 57.5
 -62.0 57.6
 -61.9 57.6
 -62.0 57.8
 -62.1 57.8
 -62.1 57.9
 -62.1 58.0
 -62.3 57.9
 -62.3 58.0
 -62.4 58.0
 -62.4 57.9
 -62.4 58.0
 -62.5 58.0
 -62.6 57.9
 -62.5 58.0
 -62.4 58.0
 -62.3 58.0
 -62.3 58.1
 -62.4 58.1
 -62.5 58.1
 -62.5 58.2
 -62.6 58.1
 -62.6 58.2
 -62.6 58.1
 -62.9 58.1
 -63.1 58.1
 -63.1 58.0
 -63.3 58.0
 -63.1 58.0
 -63.2 58.1
 -63.0 58.1
 -63.1 58.2
 -62.7 58.2
 -62.6 58.2
 -62.6 58.3
 -62.8 58.3
 -62.6 58.3
 -62.6 58.4
 -62.6 58.5
 -62.7 58.5
 -62.8 58.5
 -63.0 58.4
 -63.1 58.5
 -63.2 58.4
 -63.1 58.5
 -63.3 58.5
 -63.6 58.3
 -63.4 58.4
 -63.3 58.5
 -63.0 58.6
 -62.8 58.7
 -62.9 58.7
 -63.0 58.7
 -62.9 58.7
 -62.9 58.8
 -63.1 58.9
 -63.0 58.9
 -63.1 58.9
 -63.2 58.8
 -63.3 58.9
 -63.2 58.9
 -63.2 59.0
 -63.3 59.0
 -63.2 59.0
 -63.3 59.0
 -63.1 59.0
 -63.1 59.1
 -63.3 59.1
 -63.8 59.0
 -63.9 59.0
 -63.9 59.1
 -64.0 59.0
 -63.9 59.1
 -63.7 59.1
 -63.4 59.1
 -63.4 59.2
 -63.5 59.2
 -63.4 59.3
 -63.5 59.3
 -63.5 59.2
 -63.6 59.2
 -63.5 59.3
 -63.6 59.4
 -63.7 59.3
 -63.8 59.3
 -63.7 59.4
 -64.0 59.4
 -63.8 59.4
 -63.7 59.5
 -63.9 59.6
 -64.0 59.5
 -63.9 59.6
 -64.0 59.6
 -64.0 59.5
 -64.1 59.5
 -64.0 59.6
 -63.9 59.7
 -64.1 59.7
 -64.2 59.7
 -64.3 59.8
 -64.2 59.8
 -64.2 59.9
 -64.1 59.9
 -64.2 59.9
 -64.3 59.9
 -64.3 60.0
 -64.2 60.0
 -64.3 60.0
 -64.2 60.0
 -64.4 60.0
 -64.4 59.9
 -64.5 59.9
 -64.4 59.9
 -64.4 60.0
 -64.6 60.0
 -64.4 60.0
 -64.4 60.1
 -64.8 60.0
 -64.5 60.1
 -64.4 60.2
 -64.6 60.2
 -64.5 60.2
 -64.6 60.3
 -64.8 60.2
 -64.7 60.3
 -64.6 60.3
 -64.4 60.2
 -64.6 60.3
 -64.9 60.4
 -64.8 60.3
 -65.0 60.3
 -64.9 60.2
 -65.1 60.1
 -65.0 60.1
 -65.1 60.0
 -65.1 59.9
 -65.2 59.9
 -65.1 59.8
 -65.3 59.8
 -65.4 59.8
 -65.5 59.8
 -65.5 59.7
 -65.4 59.5
 -65.0 59.4
 -65.5 59.5
 -65.4 59.4
 -65.4 59.3
 -65.6 59.4
 -65.6 59.3
 -65.5 59.3
 -65.6 59.2
 -65.7 59.3
 -65.7 59.1
 -65.4 59.1
 -65.3 59.0
 -65.6 59.0
 -65.5 59.0
 -65.7 59.0
 -65.8 59.0
 -65.7 59.0
 -65.7 58.9
 -65.8 59.0
 -65.9 59.0
 -65.9 58.9
 -66.0 58.9
 -65.8 58.9
 -65.8 58.8
 -66.0 58.9
 -66.1 58.8
 -66.0 58.7
 -65.9 58.6
 -66.0 58.5
 -65.9 58.4
 -66.1 58.4
 -66.0 58.4
 -66.0 58.5
 -65.9 58.6
 -66.1 58.6
 -66.1 58.7
 -66.4 58.9
 -66.5 58.8
 -66.5 58.7
 -66.6 58.7
 -66.6 58.6
 -66.6 58.5
 -66.8 58.5
 -66.9 58.4
 -66.9 58.5
 -67.0 58.5
 -67.1 58.4
 -67.1 58.3
 -67.2 58.4
 -67.5 58.3
 -67.7 58.1
 -67.6 58.0
 -67.7 57.9
 -67.7 58.0
 -67.7 58.2
 -67.6 58.3
 -67.7 58.3
 -67.7 58.4
 -67.8 58.5
 -67.8 58.3
 -68.1 58.1
 -67.9 58.3
 -67.9 58.4
 -67.9 58.5
 -68.0 58.6
 -68.0 58.5
 -68.1 58.5
 -68.2 58.4
 -68.3 58.2
 -68.3 58.1
 -68.4 58.0
 -68.7 58.0
 -68.8 58.0
 -69.4 57.8
 -69.1 57.9
 -68.8 58.0
 -68.5 58.0
 -68.3 58.1
 -68.2 58.4
 -68.2 58.5
 -68.3 58.5
 -68.3 58.6
 -68.4 58.6
 -68.4 58.8
 -68.7 58.9
 -68.9 58.9
 -69.1 58.9
 -69.6 58.8
 -69.8 58.6
 -69.9 58.6
 -69.8 58.7
 -69.9 58.7
 -69.9 58.8
 -70.3 58.8
 -69.9 58.8
 -69.9 58.9
 -69.8 58.8
 -69.8 58.9
 -69.9 59.0
 -69.9 59.1
 -69.8 59.0
 -69.7 59.0
 -69.7 58.9
 -69.7 58.8
 -69.5 58.8
 -69.5 58.9
 -69.5 59.0
 -69.5 59.1
 -69.4 59.0
 -69.4 59.1
 -69.5 59.1
 -69.5 59.2
 -69.4 59.2
 -69.3 59.2
 -69.2 59.2
 -69.3 59.3
 -69.4 59.3
 -69.4 59.4
 -69.7 59.3
 -69.6 59.4
 -69.8 59.5
 -69.7 59.5
 -69.5 59.6
 -69.5 59.7
 -69.7 59.7
 -69.5 59.8
 -69.6 59.8
 -69.6 59.9
 -69.8 59.9
 -69.7 59.9
 -69.7 60.0
 -69.8 60.0
 -70.3 60.0
 -70.4 60.0
 -69.8 60.0
 -69.8 60.1
 -69.6 60.1
 -69.6 60.2
 -69.7 60.3
 -69.7 60.4
 -69.8 60.5
 -69.7 60.5
 -69.7 60.6
 -69.7 60.7
 -69.4 60.8
 -69.5 61.1
 -69.6 61.1
 -69.7 61.1
 -69.7 61.0
 -69.6 60.9
 -69.7 60.9
 -69.8 60.9
 -69.9 60.9
 -70.1 60.8
 -70.1 60.9
 -70.1 61.0
 -70.2 61.0
 -70.1 61.1
 -70.5 61.1
 -70.5 61.0
 -70.7 61.1
 -70.8 61.1
 -70.9 61.1
 -71.1 61.1
 -71.2 61.1
 -71.2 61.2
 -71.4 61.1
 -71.5 61.2
 -71.6 61.2
 -71.7 61.3
 -71.8 61.4
 -71.7 61.4
 -71.6 61.4
 -71.9 61.4
 -71.7 61.5
 -71.8 61.5
 -71.5 61.6
 -71.7 61.7
 -72.0 61.7
 -71.9 61.7
 -72.0 61.6
 -72.1 61.6
 -72.0 61.7
 -72.1 61.7
 -72.2 61.7
 -72.2 61.8
 -72.1 61.8
 -72.6 61.9
 -72.6 61.8
 -72.7 61.9
 -72.8 61.8
 -72.6 62.0
 -72.7 62.1
 -72.6 62.1
 -72.8 62.1
 -73.4 62.4
 -73.6 62.4
 -73.7 62.5
 -74.3 62.3
 -74.7 62.2
 -74.8 62.2
 -74.6 62.1
 -74.7 62.1
 -74.9 62.2
 -75.1 62.3
 -75.1 62.2
 -75.1 62.3
 -75.2 62.3
 -75.4 62.3
 -75.6 62.3
 -75.8 62.3
 -76.7 62.5
 -77.5 62.6
 -77.9 62.4
 -78.0 62.4
 -78.2 62.3
 -78.1 62.0
 -78.0 61.7
 -77.9 61.7
 -77.8 61.7
 -77.7 61.6
 -77.5 61.6
 -77.5 61.5
 -77.6 61.6
 -77.7 61.5
 -77.6 61.5
 -77.8 61.5
 -77.7 61.3
 -77.8 61.2
 -77.7 61.2
 -77.8 61.2
 -77.8 61.1
 -78.2 60.9
 -78.2 60.8
 -77.9 60.8
 -78.0 60.8
 -77.9 60.8
 -77.9 60.7
 -77.8 60.8
 -77.5 60.8
 -77.7 60.8
 -77.6 60.8
 -77.8 60.6
 -77.7 60.5
 -77.5 60.6
 -77.4 60.5
 -77.7 60.5
 -77.7 60.4
 -77.6 60.3
 -77.5 60.2
 -77.6 60.2
 -77.4 60.1
 -77.6 60.1
 -77.3 60.1
 -77.3 60.0
 -77.2 60.0
 -77.4 59.9
 -77.3 59.8
 -77.5 59.7
 -77.4 59.6
 -77.3 59.6
 -77.4 59.6
 -77.5 59.6
 -77.5 59.7
 -77.7 59.7
 -77.8 59.7
 -77.8 59.6
 -77.7 59.5
 -77.9 59.5
 -77.8 59.4
 -77.9 59.4
 -77.7 59.4
 -77.8 59.4
 -77.8 59.3
 -78.1 59.2
 -78.2 59.2
 -78.1 59.1
 -78.2 59.1
 -78.3 59.0
 -78.2 59.0
 -78.3 58.9
 -78.4 58.9
 -78.3 58.9
 -78.4 59.0
 -78.5 58.9
 -78.6 59.0
 -78.5 58.9
 -78.5 58.8
 -78.5 58.7
 -78.6 58.6
 -78.5 58.6
 -78.4 58.6
 -78.3 58.5
 -78.4 58.6
 -78.2 58.5
 -78.1 58.5
 -78.1 58.4
 -77.7 58.3
 -77.2 58.0
 -76.9 57.8
 -76.7 57.5
 -76.5 57.1
 -76.6 57.0
 -76.5 56.8
 -76.5 56.3
 -76.6 56.2
 -76.7 56.0
 -77.1 55.7
 -77.2 55.7
 -77.2 55.6
 -77.7 55.4
 -77.8 55.3
 -77.9 55.2
 -78.5 55.0
 -78.7 54.9
 -79.0 54.8
 -79.2 54.8
 -79.7 54.7
 -79.7 54.6
 -79.6 54.6
 -79.5 54.6
 -79.6 54.6
 -79.5 54.5
 -79.5 54.4
 -79.4 54.3
 -79.3 54.2
 -79.2 54.2
 -79.0 54.2
 -79.1 54.1
 -79.2 54.1
 -79.0 54.0
 -79.1 54.0
 -79.0 53.9
 -79.1 53.9
 -79.0 53.9
 -78.9 53.8
 -79.0 53.8
 -79.1 53.8
 -79.2 53.7
 -79.0 53.7
 -79.1 53.6
 -79.0 53.6
 -78.9 53.6
 -78.9 53.5
 -79.0 53.6
 -79.0 53.5
 -79.1 53.5
 -79.0 53.4
 -78.9 53.2
 -79.0 53.1
 -78.9 53.1
 -79.0 53.0
 -78.8 53.0
 -78.9 52.9
 -78.7 52.9
 -78.8 52.8
 -78.7 52.8
 -78.9 52.8
 -78.8 52.7
 -78.7 52.6
 -78.8 52.6
 -78.6 52.5
 -78.5 52.5
 -78.5 52.4
 -78.6 52.3
 -78.5 52.3
 -78.4 52.2
 -78.5 52.3
 -78.6 52.2
 -78.5 52.2
 -78.6 52.1
 -78.7 52.1
 -78.7 52.0
 -78.9 51.9
 -78.8 51.8
 -78.9 51.8
 -79.0 51.8
 -79.0 51.7
 -78.8 51.6
 -78.8 51.5
 -78.7 51.5
 -78.8 51.4
 -78.9 51.4
 -78.8 51.3
 -78.9 51.3
 -78.9 51.2
 -79.0 51.2
 -79.0 51.5
 -79.1 51.5
 -79.3 51.5
 -79.2 51.6
 -79.3 51.7
 -79.6 51.5
 -79.5 51.5
 -79.7 51.4
 -79.8 51.2
 -79.7 51.1
 -79.6 51.0
 -79.4 50.8
 -79.3 50.7
 -80.0 51.3
 -80.4 51.3
 -80.5 51.3
 -80.6 51.2
 -80.9 51.1
 -80.9 51.0
 -81.0 51.0
 -81.0 51.1
 -80.9 51.1
 -80.7 51.3
 -80.4 51.4
 -80.6 51.7
 -80.9 51.9
 -81.0 52.0
 -81.4 52.1
 -81.5 52.2
 -81.8 52.2
 -81.9 52.2
 -81.6 52.3
 -81.5 52.3
 -81.6 52.4
 -82.0 52.8
 -82.3 52.9
 -82.3 53.0
 -82.2 53.2
 -82.1 53.3
 -82.2 53.6
 -82.1 53.7
 -82.1 53.8
 -82.2 54.0
 -82.4 54.2
 -82.4 54.3
 -82.2 54.9
 -82.3 55.0
 -82.2 55.1
 -82.3 55.1
 -82.4 55.2
 -82.3 55.1
 -82.5 55.1
 -82.9 55.2
 -83.0 55.2
 -83.2 55.2
 -83.7 55.3
 -83.6 55.2
 -83.7 55.2
 -83.8 55.3
 -84.0 55.3
 -84.1 55.3
 -84.2 55.3
 -84.6 55.2
 -85.0 55.3
 -85.2 55.3
 -85.2 55.2
 -85.4 55.0
 -85.3 55.2
 -85.1 55.3
 -85.1 55.4
 -85.3 55.4
 -85.5 55.5
 -85.7 55.6
 -86.3 55.7
 -86.5 55.8
 -87.3 56.0
 -87.4 56.0
 -87.6 56.0
 -87.6 56.1
 -88.0 56.4
 -88.2 56.5
 -88.8 56.8
 -88.9 56.8
 -89.8 57.0
 -90.5 57.2
 -90.9 57.3
 -91.4 57.2
 -92.2 57.0
 -92.3 57.0
 -92.5 56.9
 -92.2 57.0
 -92.2 57.1
 -92.5 57.0
 -92.7 56.9
 -92.6 57.1
 -92.4 57.3
 -92.4 57.4
 -92.7 57.8
 -92.8 57.8
 -92.8 58.0
 -93.1 58.5
 -93.2 58.7
 -93.3 58.8
 -93.4 58.7
 -93.5 58.7
 -93.5 58.8
 -93.8 58.8
 -94.2 58.8
 -94.1 58.7
 -94.2 58.6
 -94.2 58.4
 -94.4 58.2
 -94.3 58.6
 -94.2 58.7
 -94.2 58.8
 -94.4 58.7
 -94.5 58.8
 -94.6 58.9
 -94.7 58.9
 -94.7 58.8
 -94.7 58.9
 -94.7 59.0
 -94.8 59.0
 -94.8 59.1
 -94.8 59.3
 -94.7 59.4
 -94.8 59.6
 -94.8 59.8
 -94.8 60.0
 -94.7 60.1
 -94.7 60.2
 -94.6 60.4
 -94.7 60.5
 -94.6 60.5
 -94.5 60.5
 -94.5 60.6
 -94.4 60.7
 -94.4 60.8
 -94.2 61.0
 -94.0 61.1
 -94.1 61.1
 -94.0 61.2
 -94.1 61.2
 -94.0 61.2
 -94.1 61.3
 -93.9 61.3
 -93.8 61.3
 -93.9 61.4
 -94.0 61.4
 -93.9 61.5
 -93.3 61.7
 -93.4 61.7
 -93.5 61.8
 -93.3 61.7
 -93.2 61.8
 -93.4 61.8
 -93.6 61.9
 -93.5 61.9
 -93.6 61.9
 -93.6 62.0
 -93.3 61.9
 -93.4 61.9
 -93.3 61.9
 -93.2 62.0
 -93.4 62.0
 -93.2 62.0
 -93.2 62.1
 -93.1 62.0
 -93.1 62.1
 -93.0 62.1
 -92.9 62.1
 -93.0 62.1
 -93.1 62.1
 -93.1 62.2
 -92.8 62.2
 -92.7 62.3
 -92.6 62.2
 -92.5 62.1
 -92.6 62.3
 -92.7 62.4
 -92.7 62.5
 -92.5 62.4
 -92.5 62.5
 -92.6 62.5
 -92.5 62.5
 -92.6 62.6
 -92.5 62.6
 -92.5 62.5
 -92.4 62.5
 -92.2 62.6
 -92.3 62.6
 -92.2 62.6
 -92.2 62.5
 -91.9 62.5
 -91.9 62.6
 -91.9 62.7
 -92.1 62.7
 -92.3 62.7
 -92.5 62.8
 -92.4 62.8
 -92.3 62.8
 -92.2 62.8
 -92.1 62.8
 -92.1 62.9
 -91.6 62.8
 -91.4 62.8
 -91.2 62.8
 -91.2 62.9
 -91.0 62.9
 -90.8 62.9
 -90.8 63.0
 -90.6 63.0
 -90.7 63.1
 -90.7 63.2
 -90.7 63.3
 -90.7 63.4
 -91.0 63.4
 -90.9 63.4
 -90.8 63.4
 -90.9 63.4
 -91.4 63.5
 -91.6 63.6
 -91.7 63.7
 -91.8 63.7
 -92.2 63.6
 -92.2 63.5
 -92.3 63.6
 -92.5 63.5
 -92.5 63.6
 -92.3 63.6
 -92.2 63.7
 -92.1 63.7
 -92.2 63.7
 -92.4 63.7
 -92.6 63.8
 -93.4 64.0
 -93.5 64.0
 -93.3 63.9
 -93.2 63.8
 -93.3 63.8
 -93.7 63.9
 -93.8 64.0
 -93.6 64.0
 -93.5 64.0
 -93.8 64.2
 -93.6 64.2
 -93.6 64.1
 -93.4 64.0
 -93.0 63.9
 -92.4 63.8
 -92.0 63.7
 -92.0 63.8
 -91.9 63.8
 -92.0 63.8
 -91.9 63.7
 -91.8 63.7
 -91.7 63.8
 -91.7 63.7
 -90.9 63.6
 -90.6 63.6
 -90.5 63.6
 -90.6 63.7
 -90.7 63.7
 -90.6 63.7
 -90.5 63.7
 -90.5 63.6
 -90.4 63.6
 -90.3 63.6
 -90.1 63.6
 -90.1 63.7
 -90.1 63.8
 -90.0 63.8
 -90.1 63.9
 -90.3 64.0
 -90.2 64.0
 -90.1 64.0
 -90.0 64.0
 -89.9 64.0
 -90.0 63.9
 -89.8 63.9
 -89.8 64.0
 -90.0 64.1
 -89.9 64.1
 -90.1 64.1
 -89.8 64.1
 -89.8 64.2
 -89.9 64.2
 -89.8 64.2
 -89.7 64.1
 -89.8 64.1
 -89.7 64.1
 -89.5 63.9
 -89.6 64.0
 -89.5 64.1
 -89.4 64.0
 -89.2 64.0
 -89.3 64.0
 -89.2 64.0
 -89.0 64.0
 -89.3 64.1
 -89.3 64.2
 -89.2 64.1
 -89.1 64.0
 -88.7 64.0
 -88.5 64.0
 -88.2 64.1
 -88.1 64.1
 -88.0 64.2
 -88.0 64.3
 -87.9 64.3
 -87.8 64.5
 -87.6 64.6
 -87.5 64.6
 -87.5 64.7
 -87.4 64.7
 -87.2 64.9
 -87.0 65.1
 -86.9 65.1
 -86.9 65.2
 -87.1 65.2
 -88.0 65.3
 -89.1 65.3
 -89.2 65.4
 -89.4 65.5
 -89.5 65.6
 -89.7 65.7
 -90.1 65.8
 -91.1 65.9
 -91.0 65.8
 -91.4 65.9
 -91.3 66.0
 -90.6 65.9
 -90.2 65.9
 -90.4 65.9
 -90.3 65.9
 -90.0 65.9
 -89.8 65.8
 -89.7 65.8
 -89.7 65.9
 -90.0 65.9
 -89.8 65.9
 -89.4 65.9
 -89.1 65.7
 -88.4 65.6
 -88.5 65.6
 -88.2 65.4
 -88.0 65.3
 -87.4 65.3
 -87.1 65.4
 -87.1 65.5
 -86.9 65.5
 -86.5 65.7
 -86.5 65.8
 -86.4 65.9
 -86.1 66.0
 -86.0 66.0
 -86.0 66.1
 -85.9 66.2
 -86.6 66.3
 -86.8 66.4
 -86.6 66.4
 -86.8 66.5
 -86.6 66.5
 -86.6 66.6
 -86.4 66.5
 -86.3 66.5
 -85.9 66.5
 -85.8 66.5
 -85.5 66.6
 -85.3 66.5
 -85.3 66.4
 -85.3 66.3
 -85.2 66.3
 -85.1 66.3
 -84.9 66.3
 -84.7 66.2
 -84.6 66.2
 -84.5 66.2
 -84.4 66.2
 -84.6 66.3
 -84.5 66.4
 -84.4 66.4
 -84.4 66.3
 -84.3 66.3
 -84.2 66.3
 -83.9 66.2
 -83.8 66.2
 -83.7 66.2
 -83.8 66.3
 -83.9 66.3
 -83.9 66.4
 -84.2 66.6
 -84.1 66.6
 -84.2 66.7
 -84.3 66.7
 -84.4 66.7
 -84.3 66.8
 -84.6 66.8
 -84.7 66.8
 -84.5 66.8
 -84.7 66.9
 -84.6 66.9
 -84.8 67.0
 -84.9 66.9
 -85.1 66.8
 -85.2 66.9
 -85.0 67.0
 -84.6 67.0
 -84.8 67.0
 -84.9 67.0
 -84.4 67.0
 -84.6 67.0
 -84.4 66.9
 -84.2 66.8
 -84.3 66.8
 -84.4 66.8
 -84.3 66.8
 -84.3 66.7
 -84.1 66.7
 -83.9 66.8
 -83.9 66.9
 -83.9 66.8
 -84.0 66.7
 -83.9 66.7
 -83.9 66.6
 -83.9 66.7
 -84.0 66.7
 -84.0 66.6
 -83.7 66.5
 -83.5 66.4
 -83.6 66.4
 -83.6 66.3
 -83.4 66.4
 -83.0 66.5
 -82.6 66.6
 -82.4 66.7
 -82.2 66.7
 -82.2 66.8
 -82.0 66.9
 -81.8 67.0
 -81.5 67.0
 -81.4 67.1
 -81.3 67.3
 -81.2 67.4
 -81.2 67.5
 -81.4 67.6
 -81.9 67.8
 -82.2 68.0
 -82.1 68.0
 -82.0 68.1
 -82.0 68.2
 -82.1 68.2
 -82.1 68.1
 -82.2 68.1
 -82.3 68.2
 -82.3 68.3
 -82.4 68.3
 -82.5 68.3
 -82.4 68.3
 -82.4 68.4
 -82.6 68.4
 -82.5 68.4
 -82.5 68.5
 -82.6 68.5
 -82.4 68.5
 -82.2 68.5
 -82.3 68.5
 -82.2 68.5
 -82.0 68.5
 -82.0 68.4
 -81.8 68.5
 -81.6 68.5
 -81.4 68.6
 -81.3 68.7
 -81.2 68.8
 -81.3 68.8
 -81.4 68.9
 -81.6 68.8
 -81.6 68.9
 -81.7 68.9
 -82.0 68.9
 -81.6 69.0
 -81.5 69.1
 -81.3 69.1
 -81.4 69.2
 -81.7 69.3
 -82.3 69.2
 -82.3 69.3
 -82.1 69.3
 -82.3 69.4
 -82.2 69.4
 -82.3 69.4
 -83.0 69.5
 -83.3 69.5
 -83.2 69.6
 -82.5 69.5
 -82.7 69.6
 -82.6 69.6
 -82.7 69.6
 -82.6 69.6
 -82.5 69.6
 -82.4 69.6
 -82.3 69.6
 -82.7 69.7
 -83.3 69.7
 -83.7 69.7
 -84.2 69.8
 -84.5 69.9
 -84.8 69.8
 -84.9 69.9
 -85.1 69.8
 -85.4 69.9
 -85.6 69.9
 -85.6 69.8
 -85.3 69.8
 -85.4 69.8
 -85.5 69.8
 -85.4 69.7
 -85.5 69.7
 -85.5 69.6
 -85.4 69.6
 -85.5 69.5
 -85.5 69.4
 -85.4 69.5
 -85.3 69.4
 -85.5 69.4
 -85.3 69.3
 -85.5 69.3
 -85.2 69.2
 -85.3 69.2
 -85.3 69.1
 -85.2 69.1
 -85.2 69.2
 -85.0 69.2
 -85.1 69.1
 -84.5 69.0
 -84.6 69.0
 -84.8 69.0
 -85.0 69.0
 -84.8 69.0
 -84.8 68.9
 -85.1 69.0
 -85.1 68.9
 -85.0 68.9
 -85.2 68.9
 -85.1 68.8
 -85.0 68.8
 -84.8 68.8
 -84.8 68.7
 -85.3 68.8
 -85.2 68.7
 -85.4 68.7
 -85.4 68.8
 -85.6 68.8
 -85.5 68.8
 -85.5 68.7
 -85.7 68.7
 -85.7 68.5
 -85.7 68.4
 -85.8 68.3
 -85.8 68.2
 -85.9 68.2
 -85.9 68.1
 -86.0 68.0
 -86.1 68.0
 -86.1 67.9
 -86.3 67.9
 -86.5 67.7
 -86.5 67.6
 -86.5 67.5
 -86.5 67.4
 -86.5 67.3
 -86.6 67.4
 -86.8 67.4
 -86.9 67.4
 -87.0 67.3
 -87.0 67.4
 -87.1 67.3
 -87.0 67.2
 -87.1 67.3
 -87.1 67.2
 -87.2 67.2
 -87.3 67.2
 -87.3 67.1
 -87.3 67.2
 -87.4 67.2
 -87.5 67.1
 -87.5 67.2
 -87.4 67.2
 -87.4 67.3
 -87.7 67.5
 -88.1 67.7
 -88.3 67.8
 -88.4 68.0
 -88.3 68.1
 -88.3 68.2
 -88.4 68.3
 -88.2 68.4
 -88.2 68.3
 -88.2 68.2
 -88.0 68.2
 -87.9 68.2
 -87.8 68.3
 -88.0 68.8
 -88.3 68.9
 -88.9 69.1
 -88.9 69.2
 -89.1 69.3
 -89.3 69.3
 -89.7 69.0
 -89.8 68.9
 -89.7 68.8
 -89.7 68.7
 -89.7 68.6
 -89.8 68.6
 -89.7 68.7
 -89.8 68.7
 -90.0 68.6
 -89.9 68.6
 -89.8 68.5
 -89.9 68.5
 -90.0 68.4
 -90.2 68.3
 -90.1 68.3
 -90.2 68.2
 -90.3 68.2
 -90.3 68.3
 -90.3 68.4
 -90.6 68.4
 -90.6 68.5
 -90.5 68.5
 -90.5 68.6
 -90.5 68.7
 -90.5 68.8
 -90.4 68.8
 -90.5 68.8
 -90.4 68.9
 -90.5 68.9
 -90.6 68.9
 -90.6 69.0
 -90.7 69.0
 -90.7 69.1
 -91.2 69.3
 -91.0 69.4
 -91.1 69.3
 -90.9 69.3
 -90.8 69.3
 -90.8 69.4
 -90.6 69.4
 -90.7 69.5
 -90.4 69.4
 -90.4 69.5
 -90.7 69.5
 -90.8 69.5
 -90.9 69.5
 -91.1 69.5
 -91.2 69.6
 -91.6 69.5
 -91.5 69.5
 -91.4 69.5
 -91.1 69.6
 -91.5 69.7
 -91.8 69.5
 -92.3 69.6
 -92.1 69.6
 -92.3 69.7
 -92.4 69.7
 -92.3 69.7
 -92.5 69.7
 -92.9 69.7
 -92.7 69.8
 -92.6 69.8
 -92.5 69.8
 -92.6 69.8
 -92.3 69.9
 -91.9 70.0
 -92.0 70.1
 -92.3 70.1
 -92.6 70.1
 -92.5 70.1
 -92.4 70.1
 -92.4 70.2
 -92.3 70.2
 -92.3 70.3
 -92.0 70.1
 -91.5 70.1
 -91.5 70.2
 -91.6 70.2
 -91.7 70.2
 -91.7 70.3
 -91.7 70.4
 -91.9 70.4
 -91.9 70.3
 -92.0 70.3
 -92.1 70.3
 -92.0 70.4
 -92.3 70.5
 -92.2 70.5
 -92.2 70.6
 -92.3 70.6
 -92.6 70.7
 -92.7 70.7
 -92.6 70.7
 -92.8 70.8
 -93.0 70.8
 -93.0 70.9
 -92.9 70.8
 -92.9 70.9
 -92.9 71.2
 -93.0 71.3
 -93.2 71.4
 -93.2 71.5
 -93.8 71.6
 -93.8 71.7
 -93.7 71.7
 -93.7 71.8
 -93.8 71.8
 -93.9 71.7
 -94.2 71.8
 -94.4 71.7
 -94.4 71.8
 -94.6 71.7
 -94.6 71.8
 -94.5 71.8
 -94.5 71.9
 -94.4 71.9
 -94.5 72.0
 -94.9 72.0
 -95.2 71.9
 -95.3 71.9
 -95.2 71.8
 -94.6 71.9
 -94.7 71.8
 -95.2 71.8
 -95.3 71.8
 -95.3 71.7
 -95.7 71.7
 -95.7 71.6
 -95.9 71.6
 -95.8 71.5
 -95.4 71.5
 -95.5 71.4
 -95.6 71.4
 -95.5 71.3
 -95.7 71.3
 -96.0 71.4
 -96.1 71.4
 -96.2 71.4
 -96.3 71.3
 -96.4 71.3
 -96.5 71.2
 -96.4 71.1
 -96.5 71.1
 -96.6 71.1
 -96.5 71.1
 -96.4 71.1
 -96.5 71.0
 -96.6 70.8
 -96.2 70.6
 -96.1 70.6
 -96.0 70.6
 -95.8 70.5
 -96.1 70.6
 -96.2 70.5
 -96.2 70.6
 -96.3 70.5
 -96.3 70.4
 -96.4 70.4
 -96.5 70.3
 -96.6 70.2
 -96.5 70.1
 -96.2 70.0
 -96.1 70.0
 -96.1 69.9
 -96.2 69.9
 -95.9 69.8
 -95.8 69.8
 -95.8 69.7
 -95.7 69.8
 -94.8 69.6
 -94.7 69.6
 -94.8 69.7
 -94.6 69.7
 -94.6 69.6
 -94.5 69.5
 -94.3 69.4
 -93.9 69.4
 -93.8 69.5
 -93.7 69.5
 -93.5 69.5
 -93.4 69.5
 -93.6 69.4
 -93.4 69.4
 -93.8 69.2
 -93.9 69.2
 -93.8 69.3
 -93.5 69.4
 -93.6 69.4
 -93.8 69.4
 -93.9 69.3
 -94.2 69.3
 -94.3 69.3
 -94.3 69.2
 -94.2 69.1
 -94.0 69.2
 -94.2 69.0
 -94.4 69.0
 -94.4 68.9
 -94.6 69.0
 -94.6 68.9
 -94.5 68.9
 -94.6 68.8
 -94.4 68.7
 -94.3 68.8
 -94.1 68.8
 -94.0 68.8
 -94.1 68.9
 -93.9 69.0
 -93.8 69.0
 -93.7 69.0
 -93.6 68.9
 -93.6 68.8
 -93.7 68.7
 -93.8 68.6
 -93.4 68.6
 -94.2 68.4
 -94.2 68.3
 -94.8 68.0
 -95.0 68.0
 -95.1 68.1
 -95.5 68.1
 -95.4 68.0
 -95.6 67.9
 -95.5 67.9
 -95.6 67.8
 -95.7 67.7
 -95.5 67.6
 -95.3 67.5
 -95.4 67.5
 -95.3 67.3
 -95.2 67.3
 -95.3 67.2
 -95.4 67.1
 -95.3 67.1
 -95.2 67.0
 -95.3 66.9
 -95.5 66.9
 -96.0 67.0
 -96.1 66.9
 -95.8 66.7
 -95.7 66.7
 -95.6 66.7
 -95.8 66.6
 -95.8 66.7
 -95.9 66.8
 -96.1 66.8
 -96.1 66.9
 -96.4 67.0
 -96.5 67.1
 -96.3 67.1
 -96.3 67.0
 -96.2 67.0
 -96.1 67.0
 -96.0 67.0
 -96.1 67.0
 -96.0 67.1
 -95.9 67.1
 -96.0 67.0
 -95.9 67.0
 -95.9 66.9
 -95.6 67.0
 -95.6 66.9
 -95.4 67.0
 -95.3 67.0
 -95.4 67.1
 -95.4 67.2
 -95.5 67.1
 -95.5 67.2
 -95.6 67.2
 -95.8 67.2
 -95.6 67.3
 -95.5 67.4
 -95.6 67.4
 -95.7 67.3
 -95.7 67.4
 -96.1 67.2
 -96.3 67.2
 -96.2 67.3
 -96.1 67.4
 -96.1 67.5
 -96.2 67.4
 -96.4 67.5
 -96.5 67.5
 -96.4 67.6
 -96.3 67.6
 -96.3 67.7
 -96.2 67.6
 -96.2 67.7
 -96.2 67.8
 -96.0 68.1
 -96.1 68.2
 -95.9 68.3
 -96.2 68.2
 -96.5 68.1
 -96.5 68.0
 -96.6 68.1
 -96.7 68.0
 -96.8 68.0
 -96.8 68.1
 -96.7 68.1
 -96.4 68.3
 -96.5 68.3
 -96.6 68.2
 -96.7 68.2
 -96.6 68.3
 -96.7 68.3
 -96.9 68.2
 -97.1 68.3
 -97.0 68.3
 -97.3 68.5
 -97.5 68.5
 -97.6 68.5
 -97.5 68.4
 -97.6 68.5
 -97.7 68.5
 -98.0 68.5
 -97.9 68.5
 -97.8 68.4
 -97.7 68.4
 -97.8 68.4
 -98.1 68.4
 -98.1 68.3
 -98.5 68.4
 -98.5 68.3
 -98.6 68.4
 -98.7 68.4
 -98.3 68.2
 -98.4 68.1
 -98.4 68.2
 -98.5 68.2
 -98.6 68.1
 -98.1 67.8
 -98.0 67.8
 -98.1 67.9
 -98.0 67.9
 -97.9 68.0
 -97.8 68.0
 -97.7 68.0
 -97.6 68.0
 -97.4 67.9
 -97.3 67.9
 -97.2 67.9
 -97.1 67.8
 -97.2 67.7
 -97.1 67.7
 -97.5 67.6
 -97.7 67.6
 -98.0 67.8
 -98.1 67.8
 -98.2 67.9
 -98.6 68.1
 -98.7 68.1
 -98.7 68.0
 -98.7 67.9
 -98.4 67.9
 -98.4 67.8
 -98.7 67.8
 -98.8 67.7
 -98.9 67.7
 -99.0 67.7
 -99.2 67.7
 -99.3 67.8
 -99.9 67.8
 -100.4 67.8
 -100.6 67.8
 -100.9 67.8
 -101.5 67.7
 -101.4 67.7
 -101.6 67.7
 -102.0 67.8
 -102.0 67.7
 -102.1 67.8
 -102.2 67.7
 -102.4 67.7
 -103.4 68.0
 -103.3 68.1
 -103.4 68.2
 -103.5 68.2
 -103.6 68.1
 -103.5 68.1
 -103.8 68.0
 -104.5 68.0
 -104.7 68.1
 -104.6 68.2
 -104.7 68.3
 -104.9 68.2
 -105.0 68.3
 -104.9 68.3
 -104.8 68.3
 -104.9 68.3
 -105.1 68.3
 -105.0 68.3
 -105.1 68.3
 -105.3 68.3
 -105.3 68.4
 -105.4 68.4
 -105.5 68.4
 -105.4 68.5
 -105.3 68.5
 -105.4 68.5
 -105.5 68.7
 -105.8 68.9
 -106.2 68.9
 -106.5 68.9
 -106.8 68.8
 -107.3 68.7
 -108.3 68.6
 -108.4 68.6
 -108.8 68.3
 -108.7 68.2
 -108.4 68.3
 -108.5 68.2
 -108.4 68.2
 -108.3 68.2
 -108.3 68.1
 -108.4 68.2
 -108.4 68.1
 -108.3 68.1
 -108.2 68.2
 -107.9 68.1
 -107.8 68.2
 -107.7 68.2
 -107.6 68.2
 -107.9 68.3
 -107.8 68.3
 -107.3 68.3
 -107.1 68.3
 -107.0 68.4
 -106.8 68.4
 -106.6 68.3
 -106.5 68.3
 -106.6 68.3
 -106.5 68.4
 -106.6 68.4
 -106.6 68.5
 -106.5 68.4
 -106.5 68.5
 -106.1 68.6
 -105.6 68.6
 -105.8 68.5
 -105.7 68.5
 -105.7 68.4
 -105.8 68.4
 -106.0 68.4
 -106.2 68.4
 -106.5 68.3
 -106.5 68.2
 -106.3 68.2
 -106.4 68.2
 -106.6 68.2
 -106.7 68.2
 -106.8 68.2
 -106.8 68.1
 -107.1 68.1
 -107.4 68.0
 -107.6 68.1
 -107.8 68.0
 -107.8 68.1
 -107.7 68.1
 -107.9 68.1
 -107.9 68.0
 -107.7 67.9
 -107.9 67.8
 -108.0 67.7
 -107.7 67.6
 -107.6 67.5
 -107.6 67.4
 -107.7 67.4
 -107.5 67.2
 -107.4 67.1
 -107.2 67.1
 -107.4 67.1
 -107.4 67.0
 -107.3 67.0
 -107.1 66.8
 -107.2 66.9
 -107.4 67.0
 -107.4 66.9
 -107.5 66.9
 -107.4 66.8
 -107.7 66.9
 -107.7 67.0
 -107.6 66.9
 -107.5 66.9
 -107.5 67.0
 -107.6 67.1
 -107.7 67.1
 -107.6 67.0
 -107.7 67.0
 -107.8 67.0
 -107.7 66.8
 -107.8 66.8
 -107.3 66.5
 -107.2 66.4
 -107.2 66.3
 -107.3 66.4
 -107.5 66.5
 -107.6 66.5
 -107.9 66.8
 -107.9 66.7
 -107.9 66.8
 -108.0 66.8
 -108.2 66.8
 -108.1 66.9
 -108.2 67.0
 -108.3 67.0
 -108.5 67.1
 -108.5 67.0
 -108.6 67.1
 -108.6 67.2
 -108.5 67.1
 -108.2 67.0
 -108.2 67.1
 -107.9 67.1
 -108.0 67.3
 -108.4 67.4
 -108.5 67.3
 -108.5 67.4
 -108.5 67.5
 -108.6 67.6
 -108.7 67.6
 -108.7 67.5
 -108.8 67.4
 -108.8 67.3
 -108.9 67.4
 -109.0 67.4
 -109.0 67.5
 -108.9 67.5
 -109.1 67.7
 -109.4 67.7
 -109.4 67.8
 -109.5 67.7
 -109.7 67.7
 -109.6 67.7
 -109.7 67.8
 -109.8 67.9
 -110.0 67.9
 -109.9 67.8
 -110.0 67.8
 -110.0 67.9
 -110.0 68.0
 -110.1 68.0
 -110.2 68.0
 -110.1 67.9
 -110.2 67.9
 -110.3 68.0
 -110.7 67.9
 -110.9 67.8
 -111.2 67.8
 -111.1 67.8
 -111.2 67.8
 -111.3 67.8
 -111.4 67.7
 -111.5 67.7
 -111.5 67.8
 -111.5 67.7
 -111.6 67.7
 -111.9 67.7
 -112.0 67.7
 -112.4 67.7
 -112.3 67.7
 -112.4 67.7
 -113.4 67.7
 -114.2 67.7
 -114.3 67.7
 -114.5 67.8
 -115.1 67.8
 -115.3 67.9
 -115.4 67.9
 -115.5 67.9
 -115.2 68.0
 -115.1 68.0
 -115.2 68.0
 -115.2 68.1
 -115.2 68.2
 -114.9 68.1
 -114.8 68.2
 -115.0 68.3
 -114.1 68.2
 -114.0 68.3
 -113.9 68.4
 -114.0 68.4
 -114.1 68.4
 -114.1 68.5
 -114.4 68.6
 -114.4 68.7
 -114.7 68.8
 -114.8 68.8
 -115.4 68.9
 -115.8 68.9
 -116.3 69.0
 -115.9 68.8
 -116.0 68.8
 -116.4 68.9
 -116.8 68.9
 -116.9 68.9
 -117.0 68.9
 -117.5 69.0
 -118.5 69.1
 -118.6 69.2
 -118.9 69.3
 -120.0 69.3
 -120.3 69.4
 -120.9 69.6
 -121.9 69.8
 -122.2 69.8
 -122.7 69.8
 -122.8 69.8
 -123.0 69.8
 -123.2 69.8
 -123.1 69.7
 -123.2 69.6
 -123.1 69.6
 -123.2 69.5
 -123.3 69.5
 -123.4 69.5
 -123.5 69.4
 -123.4 69.4
 -123.7 69.4
 -123.9 69.4
 -124.0 69.4
 -124.0 69.3
 -124.2 69.3
 -124.5 69.4
 -124.4 69.4
 -124.4 69.5
 -124.2 69.6
 -124.0 69.7
 -124.1 69.7
 -124.3 69.7
 -124.5 69.7
 -124.4 69.8
 -124.4 69.9
 -124.5 69.9
 -124.4 69.9
 -124.5 70.0
 -124.4 70.0
 -124.4 70.1
 -124.5 70.2
 -124.7 70.1
 -124.4 70.1
 -124.4 70.0
 -124.5 70.0
 -124.6 70.0
 -124.6 70.1
 -124.7 70.1
 -125.0 70.0
 -125.0 70.1
 -125.2 70.0
 -125.2 69.9
 -125.1 70.0
 -124.8 70.0
 -124.7 70.0
 -124.6 70.0
 -124.7 70.0
 -124.9 69.9
 -125.1 69.8
 -125.2 69.8
 -125.2 69.9
 -125.3 69.8
 -125.2 69.8
 -124.9 69.8
 -124.8 69.7
 -124.9 69.7
 -124.9 69.6
 -125.0 69.7
 -125.1 69.7
 -125.4 69.7
 -125.4 69.6
 -125.2 69.6
 -125.3 69.5
 -125.2 69.5
 -125.1 69.5
 -125.3 69.5
 -125.6 69.5
 -125.6 69.4
 -125.2 69.5
 -125.1 69.4
 -125.2 69.4
 -125.5 69.4
 -125.4 69.4
 -125.4 69.3
 -125.8 69.4
 -126.0 69.4
 -126.7 69.8
 -126.8 69.9
 -126.9 70.0
 -127.1 70.2
 -127.3 70.3
 -128.0 70.6
 -128.1 70.6
 -128.2 70.5
 -128.2 70.4
 -127.9 70.4
 -128.0 70.3
 -128.1 70.4
 -128.0 70.3
 -127.7 70.3
 -127.5 70.2
 -128.1 70.2
 -128.4 70.1
 -128.3 70.0
 -128.3 69.9
 -129.0 69.7
 -128.9 69.7
 -129.0 69.7
 -129.2 69.7
 -129.1 69.7
 -129.2 69.8
 -129.1 69.8
 -128.9 69.8
 -129.0 69.9
 -128.9 69.9
 -128.9 70.0
 -129.0 70.0
 -129.1 69.9
 -129.1 69.8
 -129.9 69.8
 -130.3 69.7
 -130.7 69.4
 -130.6 69.5
 -130.7 69.4
 -130.8 69.4
 -130.9 69.3
 -131.0 69.2
 -130.9 69.1
 -131.0 69.1
 -131.0 69.2
 -130.9 69.3
 -130.9 69.4
 -131.0 69.3
 -130.9 69.4
 -130.9 69.5
 -131.0 69.5
 -131.0 69.4
 -131.1 69.3
 -131.0 69.4
 -131.0 69.5
 -131.1 69.6
 -131.2 69.6
 -131.1 69.5
 -131.1 69.4
 -131.1 69.5
 -131.2 69.6
 -131.1 69.4
 -131.2 69.4
 -131.4 69.3
 -131.2 69.4
 -131.3 69.5
 -131.3 69.4
 -131.3 69.5
 -131.4 69.4
 -131.5 69.3
 -131.4 69.4
 -131.6 69.5
 -131.7 69.5
 -131.6 69.4
 -131.9 69.4
 -132.0 69.4
 -131.7 69.4
 -131.8 69.3
 -132.2 69.2
 -132.3 69.2
 -132.4 69.1
 -132.5 69.1
 -132.4 69.2
 -132.5 69.1
 -132.9 69.1
 -132.9 69.0
 -132.7 68.9
 -132.8 68.9
 -132.7 68.9
 -132.8 68.8
 -132.6 68.8
 -132.6 68.9
 -132.5 68.9
 -132.4 68.9
 -132.4 68.8
 -132.7 68.8
 -132.8 68.8
 -133.0 68.9
 -132.9 68.8
 -133.3 68.9
 -133.4 68.8
 -133.2 68.8
 -133.0 68.7
 -132.9 68.7
 -133.3 68.7
 -133.5 68.8
 -133.5 68.9
 -133.4 68.9
 -133.5 68.9
 -133.4 68.9
 -133.3 68.9
 -133.2 68.9
 -133.2 69.0
 -132.9 69.1
 -132.9 69.0
 -132.9 69.1
 -132.8 69.1
 -132.9 69.1
 -132.8 69.2
 -132.6 69.3
 -132.5 69.3
 -132.5 69.2
 -132.4 69.3
 -132.3 69.2
 -132.3 69.3
 -132.1 69.4
 -132.1 69.5
 -132.0 69.5
 -131.0 69.6
 -130.9 69.6
 -130.8 69.6
 -130.6 69.7
 -130.5 69.8
 -130.1 69.9
 -129.5 70.0
 -129.6 70.0
 -129.5 70.0
 -129.4 70.1
 -129.5 70.1
 -129.6 70.2
 -129.7 70.3
 -129.8 70.2
 -129.9 70.1
 -130.1 70.1
 -130.2 70.1
 -130.3 70.1
 -130.4 70.2
 -130.5 70.1
 -130.5 70.2
 -130.7 70.1
 -130.8 70.1
 -131.0 70.0
 -130.9 70.0
 -131.0 70.0
 -131.1 69.9
 -131.2 69.9
 -131.2 69.8
 -131.2 69.9
 -131.4 70.0
 -131.4 69.9
 -131.6 69.9
 -131.8 69.8
 -131.9 69.8
 -132.1 69.7
 -132.3 69.7
 -132.5 69.7
 -132.6 69.7
 -132.4 69.7
 -132.3 69.7
 -132.4 69.6
 -132.9 69.7
 -133.0 69.6
 -133.0 69.5
 -133.7 69.4
 -133.7 69.3
 -133.8 69.4
 -133.9 69.3
 -134.2 69.3
 -134.3 69.2
 -134.6 69.1
 -134.6 69.0
 -134.2 68.7
 -134.4 68.7
 -134.5 68.7
 -134.7 68.9
 -134.8 68.9
 -135.0 68.9
 -135.2 68.9
 -135.6 68.9
 -135.3 68.8
 -135.5 68.8
 -135.3 68.7
 -135.2 68.7
 -135.3 68.7
 -135.4 68.7
 -136.0 68.9
 -136.5 68.9
 -136.7 68.9
 -136.9 68.9
 -137.3 68.9
 -138.2 69.2
 -138.3 69.2
 -138.4 69.3
 -138.6 69.2
 -138.7 69.3
 -138.9 69.4
 -139.1 69.5
 -139.7 69.6
 -139.8 69.6
 -140.5 69.6
 -141.0 69.6
 

-141.0 69.6
 -141.0 66.8
 -141.0 63.6
 -141.0 60.3
 -140.5 60.2
 -140.5 60.3
 -140.0 60.2
 -139.7 60.3
 -139.1 60.4
 -139.1 60.3
 -139.2 60.1
 -139.0 60.0
 -138.7 59.9
 -138.7 59.8
 -138.6 59.8
 -138.0 59.5
 -138.0 59.4
 -137.6 59.2
 -137.5 59.0
 -137.5 58.9
 -137.4 58.9
 -136.8 59.2
 -136.6 59.2
 -136.5 59.3
 -136.5 59.5
 -136.3 59.5
 -136.2 59.5
 -136.2 59.6
 -136.3 59.6
 -135.5 59.8
 -135.0 59.6
 -135.0 59.5
 -135.1 59.4
 -135.0 59.4
 -135.0 59.3
 -134.9 59.3
 -134.7 59.2
 -134.6 59.1
 -134.5 59.1
 -134.4 59.0
 -134.3 59.0
 -134.3 58.9
 -134.2 58.9
 -133.8 58.7
 -133.7 58.6
 -133.4 58.4
 -133.1 58.1
 -133.1 58.0
 -132.6 57.6
 -132.2 57.2
 -132.3 57.1
 -132.0 57.0
 -132.1 56.9
 -131.9 56.8
 -131.8 56.6
 -131.5 56.6
 -131.1 56.4
 -130.8 56.4
 -130.6 56.3
 -130.5 56.2
 -130.4 56.1
 -130.2 56.1
 -130.1 56.1
 -130.0 56.0
 -130.0 55.9
 -130.1 55.8
 -130.1 55.7
 -130.1 55.6
 -129.9 55.3
 -130.1 55.2
 -130.2 55.1
 -130.1 55.0
 -129.8 55.4
 -129.8 55.6
 -129.7 55.4
 -129.9 55.1
 -130.0 55.0
 -129.8 55.0
 -129.7 55.0
 -129.9 54.9
 -130.0 55.0
 -130.1 55.0
 -130.2 54.8
 -130.1 54.9
 -130.2 54.8
 -130.2 54.7
 -130.0 54.6
 -130.2 54.7
 -130.3 54.7
 -130.4 54.7
 -130.4 54.6
 -130.1 54.4
 -130.1 54.5
 -130.1 54.4
 -130.0 54.4
 -130.1 54.3
 -130.3 54.6
 -130.4 54.6
 -130.4 54.5
 -130.5 54.4
 -130.5 54.3
 -130.3 54.3
 -130.2 54.3
 -130.3 54.2
 -130.1 54.2
 -129.8 54.2
 -129.6 54.2
 -129.5 54.2
 -129.6 54.2
 -129.8 54.2
 -129.9 54.2
 -129.8 54.0
 -129.9 54.1
 -130.0 54.2
 -130.1 54.1
 -130.1 53.9
 -130.0 53.9
 -130.0 53.8
 -129.8 53.7
 -129.7 53.7
 -129.5 53.5
 -129.3 53.4
 -129.2 53.5
 -129.3 53.5
 -129.2 53.6
 -129.0 53.7
 -129.0 53.8
 -129.1 53.8
 -129.0 53.8
 -128.9 53.8
 -128.8 53.9
 -128.7 54.0
 -128.6 54.0
 -128.7 53.9
 -128.8 53.8
 -128.8 53.6
 -128.6 53.5
 -128.4 53.5
 -128.1 53.5
 -127.9 53.3
 -127.9 53.2
 -128.0 53.3
 -128.1 53.4
 -128.4 53.5
 -128.5 53.4
 -128.5 53.3
 -128.5 53.4
 -128.8 53.6
 -129.0 53.5
 -128.9 53.5
 -128.8 53.5
 -128.9 53.4
 -128.9 53.3
 -128.8 53.3
 -128.7 53.2
 -128.6 53.1
 -128.5 53.1
 -128.5 53.0
 -128.4 52.8
 -128.2 52.8
 -128.2 52.9
 -128.1 52.9
 -128.0 52.9
 -128.1 52.9
 -128.1 52.8
 -128.2 52.6
 -128.2 52.5
 -128.4 52.3
 -128.3 52.3
 -128.1 52.5
 -127.9 52.6
 -127.9 52.5
 -128.0 52.5
 -128.1 52.4
 -128.0 52.4
 -128.0 52.3
 -127.9 52.4
 -127.8 52.4
 -127.9 52.3
 -127.9 52.2
 -127.8 52.3
 -127.7 52.4
 -127.7 52.3
 -127.3 52.5
 -127.0 52.6
 -127.0 52.7
 -127.1 52.9
 -127.0 52.8
 -126.9 52.7
 -127.0 52.7
 -127.2 52.5
 -127.2 52.4
 -127.1 52.3
 -126.8 52.4
 -126.9 52.3
 -126.7 52.1
 -126.9 52.2
 -126.9 52.3
 -127.0 52.3
 -127.2 52.3
 -127.5 52.2
 -127.4 52.1
 -127.6 52.1
 -127.5 52.1
 -127.6 52.1
 -127.7 51.9
 -127.8 51.9
 -127.9 51.9
 -127.9 51.7
 -127.8 51.6
 -127.8 51.5
 -127.7 51.5
 -127.8 51.5
 -127.7 51.5
 -127.6 51.5
 -127.5 51.6
 -127.5 51.7
 -127.6 51.7
 -127.5 51.7
 -127.4 51.8
 -127.3 51.9
 -127.4 51.8
 -127.4 51.7
 -127.3 51.7
 -126.7 51.7
 -126.6 51.7
 -126.7 51.8
 -126.6 51.7
 -126.7 51.6
 -127.1 51.7
 -127.5 51.6
 -127.6 51.5
 -127.8 51.4
 -127.8 51.3
 -127.5 51.4
 -127.5 51.3
 -127.2 51.3
 -127.1 51.4
 -127.1 51.3
 -127.2 51.3
 -127.6 51.3
 -127.8 51.2
 -127.6 51.1
 -127.5 51.1
 -127.5 51.0
 -127.4 51.0
 -127.4 50.9
 -127.0 50.8
 -126.9 50.9
 -127.2 50.9
 -127.0 50.9
 -126.7 50.9
 -126.5 50.9
 -126.5 51.0
 -126.5 51.1
 -126.5 50.9
 -126.3 50.9
 -126.2 51.0
 -126.2 50.9
 -126.5 50.9
 -126.6 50.9
 -126.6 50.8
 -126.5 50.8
 -126.2 50.9
 -126.2 50.8
 -126.1 50.8
 -126.0 50.8
 -126.2 50.7
 -125.7 50.7
 -125.6 50.8
 -125.7 50.8
 -125.7 50.9
 -125.6 50.9
 -125.5 50.9
 -125.6 51.0
 -125.6 51.1
 -125.6 51.0
 -125.5 50.9
 -125.6 50.9
 -125.6 50.8
 -125.7 50.7
 -126.3 50.6
 -126.2 50.6
 -126.0 50.6
 -126.3 50.5
 -125.9 50.5
 -125.8 50.5
 -125.7 50.5
 -125.8 50.5
 -125.7 50.4
 -125.6 50.5
 -125.6 50.6
 -125.5 50.7
 -125.4 50.7
 -125.5 50.6
 -125.6 50.5
 -125.4 50.5
 -125.3 50.5
 -125.2 50.5
 -125.2 50.4
 -125.1 50.4
 -125.1 50.5
 -125.0 50.6
 -124.9 50.7
 -125.0 50.8
 -124.9 50.8
 -124.9 50.9
 -124.8 50.9
 -124.9 50.8
 -124.8 50.7
 -124.9 50.6
 -125.1 50.5
 -125.1 50.3
 -125.0 50.4
 -124.9 50.3
 -124.8 50.3
 -124.7 50.4
 -124.6 50.4
 -124.4 50.5
 -124.4 50.4
 -124.7 50.4
 -124.7 50.3
 -124.6 50.2
 -124.7 50.1
 -124.7 50.0
 -124.8 50.1
 -124.7 50.0
 -124.6 49.9
 -124.5 49.8
 -124.4 49.8
 -124.1 49.8
 -124.0 49.9
 -124.0 49.8
 -123.9 49.9
 -124.0 49.9
 -124.0 50.0
 -123.9 50.0
 -123.8 50.1
 -124.0 50.2
 -123.7 50.1
 -123.8 50.1
 -124.0 50.0
 -123.9 49.9
 -123.9 49.8
 -123.8 49.6
 -123.5 49.7
 -123.8 49.6
 -123.8 49.5
 -123.9 49.7
 -124.0 49.7
 -124.1 49.6
 -124.0 49.5
 -123.7 49.4
 -123.5 49.4
 -123.5 49.5
 -123.2 49.6
 -123.2 49.7
 -123.2 49.6
 -123.3 49.3
 -123.0 49.3
 -122.9 49.4
 -122.9 49.3
 -123.2 49.3
 -123.2 49.2
 -123.1 49.2
 -123.2 49.2
 -123.2 49.1
 -123.1 49.1
 -123.0 49.1
 -123.1 49.1
 -123.1 49.0
 -123.0 49.0
 -122.9 49.1
 -122.8 49.0
 -120.1 49.0
 -116.8 49.0
 -113.5 49.0
 -110.3 49.0
 -107.0 49.0
 -103.7 49.0
 -100.5 49.0
 -97.2 49.0
 -95.3 49.0
 -95.2 49.0
 -95.2 49.2
 -95.2 49.4
 -95.1 49.4
 -94.8 49.3
 -94.7 48.9
 -94.7 48.8
 -94.5 48.7
 -94.3 48.7
 -93.9 48.6
 -93.8 48.5
 -93.7 48.5
 -93.5 48.6
 -93.4 48.6
 -93.2 48.6
 -92.6 48.5
 -92.7 48.5
 -92.7 48.4
 -92.5 48.4
 -92.4 48.4
 -92.4 48.2
 -92.3 48.2
 -92.3 48.3
 -92.1 48.4
 -92.0 48.2
 -91.7 48.2
 -91.7 48.1
 -91.4 48.0
 -91.0 48.2
 -90.9 48.2
 -90.8 48.2
 -90.8 48.1
 -90.7 48.1
 -90.4 48.1
 -90.2 48.1
 -90.1 48.1
 -90.0 48.0
 -89.9 48.0
 -89.7 48.0
 -89.6 48.0
 -89.4 48.1
 -89.3 48.2
 -89.2 48.3
 -89.2 48.4
 -89.1 48.5
 -88.8 48.6
 -88.9 48.3
 -88.8 48.4
 -88.7 48.5
 -88.6 48.5
 -88.6 48.6
 -88.5 48.6
 -88.5 48.9
 -88.4 48.8
 -88.3 48.8
 -88.3 48.7
 -88.6 48.5
 -88.6 48.4
 -88.5 48.5
 -88.4 48.6
 -88.4 48.5
 -88.3 48.6
 -88.3 48.7
 -88.3 48.6
 -88.2 48.6
 -88.1 48.7
 -88.1 48.8
 -88.2 48.9
 -88.3 48.9
 -88.2 48.9
 -88.3 49.0
 -88.0 49.0
 -87.4 48.8
 -87.1 48.8
 -87.0 48.8
 -86.9 48.8
 -86.7 48.8
 -86.6 48.8
 -86.6 48.7
 -86.4 48.7
 -86.3 48.6
 -86.2 48.4
 -86.0 48.1
 -85.8 48.0
 -85.7 47.9
 -84.9 48.0
 -84.8 48.0
 -84.8 47.9
 -84.9 47.9
 -84.9 47.8
 -84.9 47.7
 -85.0 47.7
 -85.0 47.6
 -84.9 47.5
 -84.7 47.4
 -84.6 47.3
 -84.7 47.2
 -84.8 47.0
 -84.7 47.0
 -84.6 46.9
 -84.5 46.9
 -84.4 46.9
 -84.4 46.8
 -84.5 46.8
 -84.6 46.7
 -84.5 46.7
 -84.5 46.8
 -84.4 46.7
 -84.6 46.6
 -84.6 46.5
 -84.5 46.5
 -84.1 46.5
 -84.1 46.4
 -84.1 46.3
 -83.6 46.3
 -83.4 46.2
 -82.8 46.2
 -82.6 46.2
 -82.7 46.2
 -82.6 46.2
 -82.4 46.2
 -82.3 46.1
 -82.2 46.1
 -81.7 46.1
 -81.6 46.1
 -81.5 46.1
 -81.7 46.0
 -81.6 46.0
 -81.7 45.9
 -81.5 46.0
 -81.2 46.0
 -81.2 45.9
 -80.8 45.9
 -80.7 45.8
 -80.5 45.6
 -80.4 45.6
 -80.4 45.5
 -80.4 45.4
 -80.3 45.4
 -80.2 45.3
 -80.2 45.4
 -80.1 45.4
 -80.0 45.3
 -80.1 45.3
 -80.1 45.2
 -80.0 45.2
 -80.0 45.1
 -80.1 45.1
 -79.8 44.9
 -79.8 44.8
 -79.7 44.8
 -79.7 44.9
 -79.7 44.8
 -79.9 44.8
 -79.9 44.9
 -80.0 44.9
 -80.1 44.8
 -80.0 44.7
 -80.0 44.6
 -80.1 44.5
 -80.6 44.6
 -80.6 44.7
 -80.7 44.7
 -80.8 44.7
 -80.9 44.6
 -80.9 44.8
 -81.0 44.8
 -81.1 44.8
 -81.0 44.8
 -80.9 45.0
 -81.0 45.0
 -81.1 44.9
 -81.1 45.0
 -81.2 45.0
 -81.3 45.2
 -81.3 45.3
 -81.6 45.2
 -81.7 45.3
 -81.7 45.2
 -81.6 45.2
 -81.5 45.0
 -81.4 45.0
 -81.3 45.0
 -81.4 44.9
 -81.3 44.8
 -81.3 44.6
 -81.5 44.4
 -81.6 44.3
 -81.7 44.2
 -81.7 44.1
 -81.7 43.6
 -81.7 43.4
 -81.7 43.3
 -82.3 43.1
 -82.4 43.0
 -82.5 42.8
 -82.5 42.6
 -82.6 42.6
 -82.6 42.5
 -82.4 42.5
 -82.4 42.4
 -82.4 42.3
 -82.5 42.3
 -83.0 42.3
 -83.1 42.3
 -83.1 42.2
 -83.1 42.1
 -82.9 42.0
 -82.8 42.0
 -82.7 42.0
 -82.6 42.0
 -82.5 41.9
 -82.5 42.0
 -82.4 42.1
 -82.1 42.3
 -81.9 42.3
 -81.8 42.3
 -81.8 42.4
 -81.7 42.5
 -81.5 42.6
 -81.2 42.7
 -80.9 42.7
 -80.3 42.6
 -80.2 42.6
 -80.4 42.6
 -80.4 42.7
 -80.3 42.7
 -80.3 42.8
 -80.0 42.8
 -79.4 42.9
 -79.2 42.9
 -79.0 42.9
 -78.9 42.9
 -79.1 43.1
 -79.1 43.3
 -79.5 43.2
 -79.7 43.2
 -79.7 43.3
 -79.8 43.3
 -79.7 43.4
 -79.5 43.6
 -79.3 43.7
 -79.0 43.9
 -78.3 44.0
 -77.7 44.0
 -77.5 44.0
 -77.6 44.0
 -77.5 43.9
 -77.3 44.0
 -77.3 43.9
 -77.2 44.0
 -77.2 43.9
 -77.1 43.9
 -76.9 43.9
 -76.9 44.0
 -77.0 43.9
 -77.0 44.0
 -76.9 44.1
 -77.0 44.1
 -77.1 44.0
 -77.1 44.2
 -77.3 44.1
 -77.3 44.2
 -77.5 44.1
 -77.6 44.1
 -77.5 44.1
 -77.2 44.2
 -77.0 44.2
 -77.1 44.1
 -77.0 44.2
 -76.9 44.2
 -77.1 44.1
 -77.0 44.1
 -76.8 44.2
 -76.5 44.3
 -76.3 44.3
 -75.8 44.5
 -75.5 44.7
 -75.1 44.9
 -74.9 45.0
 -74.7 45.0
 -73.7 45.0
 -73.4 45.0
 -73.3 45.0
 -73.2 45.0
 -73.1 45.0
 -72.7 45.0
 -71.7 45.0
 -71.5 45.0
 -71.5 45.1
 -71.4 45.2
 -71.3 45.3
 -71.2 45.3
 -71.0 45.4
 -70.9 45.2
 -70.8 45.3
 -70.8 45.4
 -70.7 45.4
 -70.6 45.4
 -70.7 45.5
 -70.7 45.6
 -70.5 45.7
 -70.4 45.7
 -70.4 45.8
 -70.2 45.9
 -70.2 46.0
 -70.3 46.0
 -70.3 46.1
 -70.2 46.2
 -70.3 46.2
 -70.1 46.4
 -70.0 46.7
 -69.4 47.3
 -69.2 47.5
 -69.1 47.4
 -69.0 47.3
 -68.9 47.2
 -68.5 47.3
 -68.4 47.3
 -68.4 47.4
 -68.3 47.4
 -68.1 47.3
 -67.8 47.1
 -67.8 46.3
 -67.8 45.8
 -67.8 45.7
 -67.5 45.6
 -67.4 45.6
 -67.4 45.5
 -67.5 45.5
 -67.5 45.3
 -67.4 45.2
 -67.3 45.1
 -67.3 45.2
 -67.2 45.2
 -67.1 45.2
 -67.0 45.1
 -67.0 45.2
 -66.8 45.1
 -66.9 45.1
 -66.8 45.1
 -66.6 45.1
 -66.5 45.1
 -66.4 45.1
 -66.3 45.2
 -66.2 45.2
 -66.1 45.2
 -66.1 45.3
 -66.2 45.3
 -66.1 45.4
 -66.0 45.5
 -66.0 45.4
 -66.1 45.3
 -66.0 45.3
 -66.0 45.2
 -65.9 45.2
 -65.8 45.3
 -65.7 45.2
 -65.3 45.5
 -65.1 45.5
 -64.9 45.6
 -64.8 45.6
 -64.6 45.9
 -64.7 46.0
 -64.5 45.8
 -64.5 45.7
 -64.3 45.9
 -64.3 45.8
 -64.3 45.7
 -64.3 45.8
 -64.4 45.8
 -64.4 45.7
 -64.9 45.4
 -64.9 45.3
 -64.8 45.3
 -64.7 45.4
 -64.6 45.4
 -64.5 45.4
 -64.2 45.4
 -64.0 45.4
 -63.8 45.4
 -63.5 45.4
 -63.4 45.3
 -63.5 45.3
 -63.9 45.3
 -64.2 45.2
 -64.2 45.1
 -64.1 45.1
 -64.2 45.0
 -64.2 45.1
 -64.3 45.1
 -64.4 45.1
 -64.3 45.3
 -64.4 45.3
 -64.5 45.3
 -64.4 45.3
 -64.5 45.2
 -64.8 45.2
 -65.2 45.0
 -65.7 44.7
 -65.4 44.8
 -65.6 44.7
 -65.8 44.6
 -65.8 44.7
 -66.2 44.4
 -66.0 44.5
 -65.9 44.6
 -65.9 44.5
 -66.0 44.4
 -66.2 44.1
 -66.1 43.8
 -66.1 43.7
 -66.1 43.8
 -66.0 43.7
 -66.0 43.8
 -65.9 43.8
 -65.8 43.6
 -65.8 43.7
 -65.8 43.6
 -65.8 43.5
 -65.7 43.5
 -65.6 43.6
 -65.5 43.5
 -65.5 43.6
 -65.4 43.6
 -65.3 43.7
 -65.4 43.7
 -65.3 43.8
 -65.3 43.7
 -65.2 43.7
 -65.3 43.8
 -65.2 43.8
 -65.2 43.7
 -65.1 43.7
 -65.1 43.8
 -65.1 43.7
 -65.0 43.7
 -65.0 43.8
 -64.9 43.8
 -64.9 43.9
 -64.8 43.8
 -64.8 43.9
 -64.7 44.0
 -64.7 44.1
 -64.6 44.1
 -64.5 44.1
 -64.4 44.3
 -64.3 44.3
 -64.2 44.3
 -64.3 44.3
 -64.3 44.4
 -64.4 44.4
 -64.3 44.5
 -64.2 44.6
 -64.1 44.5
 -64.0 44.5
 -64.1 44.6
 -63.9 44.7
 -63.9 44.6
 -63.9 44.5
 -63.8 44.5
 -63.6 44.5
 -63.5 44.5
 -63.5 44.6
 -63.6 44.7
 -63.4 44.6
 -63.5 44.7
 -63.4 44.7
 -63.4 44.6
 -63.3 44.6
 -63.2 44.7
 -63.1 44.7
 -63.1 44.8
 -63.0 44.7
 -63.1 44.8
 -63.0 44.8
 -63.0 44.7
 -62.8 44.7
 -62.6 44.8
 -62.5 44.9
 -62.5 44.8
 -62.3 44.9
 -62.1 45.0
 -61.9 45.0
 -61.8 45.0
 -61.9 45.1
 -61.6 45.1
 -61.7 45.2
 -61.6 45.1
 -61.3 45.2
 -61.4 45.2
 -61.3 45.3
 -61.2 45.2
 -61.1 45.2
 -61.0 45.3
 -61.1 45.3
 -61.5 45.3
 -61.5 45.4
 -61.2 45.5
 -61.5 45.7
 -61.6 45.7
 -61.6 45.6
 -61.7 45.6
 -61.9 45.7
 -61.9 45.9
 -62.0 45.8
 -62.4 45.7
 -62.5 45.6
 -62.5 45.7
 -62.6 45.7
 -62.7 45.6
 -62.6 45.7
 -62.7 45.8
 -63.1 45.8
 -63.2 45.7
 -63.2 45.8
 -63.3 45.7
 -63.4 45.8
 -63.3 45.8
 -63.2 45.8
 -63.5 45.8
 -63.4 45.8
 -63.5 45.9
 -63.7 45.8
 -63.8 45.9
 -64.1 46.0
 -64.1 46.1
 -63.9 46.1
 -63.8 46.1
 -64.1 46.2
 -64.2 46.2
 -64.4 46.2
 -64.6 46.2
 -64.6 46.3
 -64.5 46.3
 -64.6 46.4
 -64.6 46.3
 -64.6 46.4
 -64.7 46.5
 -64.7 46.6
 -64.7 46.7
 -64.8 46.7
 -64.9 46.7
 -64.8 46.7
 -64.9 46.9
 -64.8 47.0
 -64.8 47.1
 -65.1 47.1
 -65.4 47.1
 -65.0 47.3
 -64.9 47.4
 -64.9 47.5
 -64.9 47.6
 -64.8 47.7
 -64.7 47.7
 -64.7 47.8
 -64.8 47.7
 -64.8 47.8
 -65.1 47.8
 -65.0 47.8
 -65.2 47.8
 -65.3 47.8
 -65.6 47.7
 -65.6 47.6
 -65.7 47.7
 -65.6 47.7
 -65.8 47.9
 -66.0 47.9
 -66.4 48.0
 -66.4 48.1
 -66.8 48.0
 -66.5 48.1
 -66.3 48.1
 -66.1 48.1
 -65.9 48.2
 -65.7 48.1
 -65.5 48.0
 -65.3 48.0
 -64.9 48.1
 -65.0 48.2
 -64.8 48.2
 -64.7 48.3
 -64.3 48.4
 -64.2 48.5
 -64.3 48.6
 -64.2 48.6
 -64.4 48.8
 -64.5 48.8
 -64.6 48.9
 -64.2 48.8
 -64.2 48.9
 -64.3 49.0
 -64.8 49.2
 -65.5 49.3
 -65.8 49.2
 -66.6 49.1
 -67.0 49.0
 -67.7 48.8
 -67.8 48.8
 -68.4 48.5
 -69.0 48.3
 -69.1 48.1
 -69.5 48.0
 -69.6 47.9
 -69.5 47.8
 -70.0 47.5
 -70.0 47.4
 -70.1 47.4
 -70.2 47.3
 -70.3 47.2
 -70.5 47.0
 -70.6 47.0
 -70.8 46.9
 -71.2 46.8
 -71.3 46.7
 -71.1 46.9
 -70.7 47.1
 -70.6 47.3
 -70.5 47.4
 -70.2 47.5
 -70.2 47.6
 -69.9 47.8
 -69.7 48.1
 -69.9 48.2
 -70.2 48.2
 -70.4 48.3
 -70.6 48.4
 -70.9 48.3
 -70.9 48.4
 -70.8 48.4
 -70.5 48.4
 -70.3 48.3
 -70.0 48.3
 -69.8 48.2
 -69.7 48.1
 -69.4 48.3
 -69.2 48.6
 -69.1 48.6
 -69.1 48.8
 -69.0 48.8
 -68.6 48.9
 -68.7 48.9
 -68.6 49.1
 -68.4 49.1
 -68.4 49.2
 -68.4 49.1
 -68.2 49.1
 -68.3 49.2
 -68.2 49.2
 -68.1 49.3
 -67.4 49.3
 -67.2 49.5
 -67.2 49.6
 -67.2 49.7
 -67.2 49.8
 -67.1 49.8
 -67.0 49.8
 -67.0 50.0
 -66.9 50.0
 -66.7 50.0
 -66.7 50.1
 -66.6 50.1
 -66.6 50.2
 -66.5 50.1
 -66.4 50.2
 -66.5 50.2
 -66.5 50.3
 -66.4 50.3
 -66.4 50.2
 -66.1 50.2
 -66.0 50.3
 -65.9 50.3
 -65.8 50.3
 -65.3 50.3
 -64.9 50.3
 -64.5 50.3
 -64.2 50.3
 -63.8 50.3
 -63.4 50.2
 -63.0 50.3
 -62.5 50.3
 -62.4 50.3
 -62.2 50.2
 -61.9 50.2
 -61.8 50.2
 -61.8 50.1
 -61.7 50.1
 -61.6 50.2
 -61.3 50.2
 -61.2 50.2
 -60.8 50.2
 -60.7 50.2
 -60.3 50.3
 -60.2 50.3
 -60.1 50.3
 -59.8 50.3
 -59.9 50.4
 -59.8 50.4
 -59.6 50.5
 -59.4 50.6
 -59.4 50.7
 -59.3 50.7
 -59.2 50.7
 -59.1 50.8
 -59.1 50.9
 -59.1 50.8
 -59.0 50.7
 -58.9 50.8
 -59.0 50.9
 -59.0 51.0
 -58.9 51.1
 -58.9 51.0
 -58.8 51.1
 -58.6 51.2
 -58.7 51.2
 -58.7 51.3
 -58.4 51.3
 -58.3 51.3
 -58.2 51.3
 -58.3 51.3
 -58.2 51.3
 -58.1 51.3
 -57.8 51.4
 -57.7 51.5
 -57.6 51.4
 -57.5 51.4
 -57.4 51.5
 -57.2 51.5
 -57.2 51.4
 -56.9 51.4
 -56.9 51.5
 -56.8 51.5
 -56.7 51.6
 -56.6 51.7
 -56.4 51.7
 -56.3 51.8
 -55.9 51.9
 -55.9 52.0
 -56.0 52.0
 -55.9 52.0
 -55.8 52.1
 -55.7 52.1
 -55.7 52.2
 -55.8 52.2
 -55.7 52.2
 -55.6 52.2
 -55.8 52.2
 -55.8 52.3
 -56.0 52.4
 -55.8 52.3
 -55.6 52.4
 -55.8 52.4
 -55.7 52.5
 -55.8 52.5
 -56.3 52.5
 -56.2 52.5
 -56.0 52.6
 -56.1 52.6
 -56.0 52.7
 -55.8 52.6
 -55.7 52.6
 -55.8 52.7
 -56.0 52.7
 -56.2 52.8
 -56.0 52.8
 -55.8 52.8
 -55.8 52.9
 -55.9 53.0
 -56.1 53.0
 -55.9 53.0
 -55.9 53.1
 -55.8 53.1
 -55.7 53.1
 -55.8 53.2
 -55.7 53.2
 -55.8 53.3
 -55.8 53.2
 -55.9 53.2
 -55.8 53.3
 -55.9 53.4
 -56.0 53.4
 -56.1 53.5
 -56.3 53.5
 -56.3 53.6
 -56.1 53.6
 -56.0 53.5
 -56.1 53.6
 -56.5 53.6
 -56.7 53.7
 -56.4 53.7
 -56.5 53.8
 -56.6 53.8
 -56.6 53.7
 -56.7 53.7
 -57.0 53.7
 -57.2 53.6
 -57.1 53.5
 -57.3 53.5
 -57.3 53.4
 -57.4 53.4
 -57.3 53.5
 -57.3 53.6
 -57.5 53.6
 -57.1 53.7
 -57.2 53.8
 -57.1 53.8
 -57.2 53.9
 -57.2 54.0
 -57.4 54.2
 -57.5 54.2
 -58.0 54.2
 -58.4 54.2
 -58.4 54.1
 -58.3 54.1
 -58.2 54.1
 -57.8 54.1
 -58.1 54.1
 -58.2 54.1
 -58.8 53.9
 -59.1 53.8
 -59.0 53.8
 -59.0 53.7
 -59.1 53.7
 -59.3 53.7
 -59.4 53.6
 -59.6 53.5
 -59.9 53.5
 -59.8 53.5
 -59.9 53.5
 -60.0 53.4
 -60.2 53.3
 -60.1 53.3
 -60.2 53.3
 -60.3 53.3
 -60.4 53.3
 -60.3 53.3
 -60.2 53.3
 -60.2 53.4
 -60.4 53.3
 -60.4 53.4
 -60.1 53.5
 -60.4 53.6
 -60.7 53.7
 -60.9 53.7
 -60.9 53.8
 -60.8 53.8
 -60.5 53.7
 -60.1 53.5
 -60.1 53.6
 -60.1 53.7
 -60.0 53.7
 -60.1 53.8
 -59.8 53.8
 -59.9 53.8
 -59.7 53.8
 -59.0 54.0
 -58.9 54.0
 -58.7 54.0
 -58.6 54.0
 -58.4 54.2
 -58.8 54.1
 -59.5 54.0
 -59.6 54.0
 -59.4 54.0
 -58.7 54.1
 -58.6 54.2
 -58.1 54.3
 -57.7 54.4
 -57.6 54.4
 -57.5 54.5
 -57.4 54.5
 -57.3 54.6
 -57.5 54.7
 -57.7 54.6
 -57.8 54.7
 -57.9 54.7
 -58.2 54.8
 -58.4 54.8
 -58.4 54.7
 -58.4 54.8
 -58.6 54.8
 -58.8 54.9
 -58.8 54.8
 -58.9 54.9
 -58.9 55.0
 -59.0 55.0
 -59.0 55.1
 -59.0 55.2
 -59.4 55.0
 -59.1 55.2
 -59.2 55.2
 -59.4 55.0
 -59.8 54.8
 -59.9 54.7
 -59.9 54.8
 -59.8 54.8
 -59.4 55.1
 -59.4 55.2
 -59.5 55.1
 -59.5 55.2
 -60.0 55.1
 -60.0 55.2
 -59.9 55.2
 -59.8 55.2
 -59.7 55.3
 -59.8 55.3
 -60.3 55.0
 -60.3 55.1
 -60.0 55.3
 -60.2 55.2
 -60.2 55.3
 -60.7 55.0
 -60.4 55.2
 -60.4 55.3
 -60.6 55.2
 -60.5 55.2
 -60.4 55.3
 -60.4 55.4
 -60.2 55.4
 -60.2 55.5
 -60.3 55.5
 -60.3 55.4
 -60.3 55.5
 -60.4 55.4
 -60.5 55.3
 -60.5 55.4
 -60.4 55.5
 -60.3 55.6
 -60.4 55.6
 -60.4 55.5
 -60.5 55.5
 -60.4 55.6
 -60.5 55.6
 -60.5 55.7
 -60.4 55.7
 -60.3 55.8
 -60.4 55.8
 -60.5 55.8
 -60.5 55.7
 -60.6 55.6
 -60.7 55.7
 -60.6 55.7
 -60.6 55.8
 -60.8 55.7
 -60.9 55.8
 -60.7 55.8
 -60.8 55.9
 -61.0 55.9
 -61.2 55.9
 -61.1 55.9
 -61.1 56.0
 -61.4 56.0
 -61.5 56.0
 -61.4 56.0
 -61.5 56.0
 -61.3 56.0
 -61.3 56.1
 -61.4 56.0
 -61.5 56.1
 -61.3 56.1
 -61.4 56.1
 -61.3 56.2
 -61.4 56.2
 -62.0 56.2
 -62.1 56.3
 -62.0 56.3
 -61.8 56.3
 -61.7 56.3
 -61.8 56.3
 -61.7 56.3
 -61.8 56.3
 -61.8 56.4
 -62.0 56.4
 -62.1 56.4
 -62.1 56.5
 -62.0 56.5
 -61.9 56.5
 -62.0 56.5
 -61.8 56.5
 -61.7 56.5
 -61.7 56.6
 -62.1 56.6
 -62.2 56.6
 -62.0 56.6
 -62.6 56.8
 -62.5 56.8
 -62.1 56.8
 -62.5 56.8
 -62.0 56.7
 -61.9 56.7
 -61.9 56.6
 -61.8 56.6
 -61.7 56.6
 -61.8 56.7
 -61.7 56.7
 -61.8 56.8
 -61.9 56.8
 -61.9 56.7
 -61.9 56.8
 -61.8 56.8
 -61.6 56.8
 -61.6 56.9
 -61.5 57.0
 -61.4 57.0
 -61.3 57.0
 -61.4 57.1
 -61.5 57.2
 -61.6 57.1
 -61.7 57.2
 -61.8 57.1
 -61.8 57.2
 -61.9 57.2
 -62.0 57.3
 -61.9 57.3
 -61.9 57.4
 -61.8 57.4
 -62.2 57.5
 -62.4 57.4
 -62.5 57.5
 -62.3 57.5
 -62.2 57.5
 -62.0 57.6
 -61.9 57.6
 -62.0 57.8
 -62.1 57.8
 -62.1 57.9
 -62.1 58.0
 -62.3 57.9
 -62.3 58.0
 -62.4 58.0
 -62.4 57.9
 -62.4 58.0
 -62.5 58.0
 -62.6 57.9
 -62.5 58.0
 -62.4 58.0
 -62.3 58.0
 -62.3 58.1
 -62.4 58.1
 -62.5 58.1
 -62.5 58.2
 -62.6 58.1
 -62.6 58.2
 -62.6 58.1
 -62.9 58.1
 -63.1 58.1
 -63.1 58.0
 -63.3 58.0
 -63.1 58.0
 -63.2 58.1
 -63.0 58.1
 -63.1 58.2
 -62.7 58.2
 -62.6 58.2
 -62.6 58.3
 -62.8 58.3
 -62.6 58.3
 -62.6 58.4
 -62.6 58.5
 -62.7 58.5
 -62.8 58.5
 -63.0 58.4
 -63.1 58.5
 -63.2 58.4
 -63.1 58.5
 -63.3 58.5
 -63.6 58.3
 -63.4 58.4
 -63.3 58.5
 -63.0 58.6
 -62.8 58.7
 -62.9 58.7
 -63.0 58.7
 -62.9 58.7
 -62.9 58.8
 -63.1 58.9
 -63.0 58.9
 -63.1 58.9
 -63.2 58.8
 -63.3 58.9
 -63.2 58.9
 -63.2 59.0
 -63.3 59.0
 -63.2 59.0
 -63.3 59.0
 -63.1 59.0
 -63.1 59.1
 -63.3 59.1
 -63.8 59.0
 -63.9 59.0
 -63.9 59.1
 -64.0 59.0
 -63.9 59.1
 -63.7 59.1
 -63.4 59.1
 -63.4 59.2
 -63.5 59.2
 -63.4 59.3
 -63.5 59.3
 -63.5 59.2
 -63.6 59.2
 -63.5 59.3
 -63.6 59.4
 -63.7 59.3
 -63.8 59.3
 -63.7 59.4
 -64.0 59.4
 -63.8 59.4
 -63.7 59.5
 -63.9 59.6
 -64.0 59.5
 -63.9 59.6
 -64.0 59.6
 -64.0 59.5
 -64.1 59.5
 -64.0 59.6
 -63.9 59.7
 -64.1 59.7
 -64.2 59.7
 -64.3 59.8
 -64.2 59.8
 -64.2 59.9
 -64.1 59.9
 -64.2 59.9
 -64.3 59.9
 -64.3 60.0
 -64.2 60.0
 -64.3 60.0
 -64.2 60.0
 -64.4 60.0
 -64.4 59.9
 -64.5 59.9
 -64.4 59.9
 -64.4 60.0
 -64.6 60.0
 -64.4 60.0
 -64.4 60.1
 -64.8 60.0
 -64.5 60.1
 -64.4 60.2
 -64.6 60.2
 -64.5 60.2
 -64.6 60.3
 -64.8 60.2
 -64.7 60.3
 -64.6 60.3
 -64.4 60.2
 -64.6 60.3
 -64.9 60.4
 -64.8 60.3
 -65.0 60.3
 -64.9 60.2
 -65.1 60.1
 -65.0 60.1
 -65.1 60.0
 -65.1 59.9
 -65.2 59.9
 -65.1 59.8
 -65.3 59.8
 -65.4 59.8
 -65.5 59.8
 -65.5 59.7
 -65.4 59.5
 -65.0 59.4
 -65.5 59.5
 -65.4 59.4
 -65.4 59.3
 -65.6 59.4
 -65.6 59.3
 -65.5 59.3
 -65.6 59.2
 -65.7 59.3
 -65.7 59.1
 -65.4 59.1
 -65.3 59.0
 -65.6 59.0
 -65.5 59.0
 -65.7 59.0
 -65.8 59.0
 -65.7 59.0
 -65.7 58.9
 -65.8 59.0
 -65.9 59.0
 -65.9 58.9
 -66.0 58.9
 -65.8 58.9
 -65.8 58.8
 -66.0 58.9
 -66.1 58.8
 -66.0 58.7
 -65.9 58.6
 -66.0 58.5
 -65.9 58.4
 -66.1 58.4
 -66.0 58.4
 -66.0 58.5
 -65.9 58.6
 -66.1 58.6
 -66.1 58.7
 -66.4 58.9
 -66.5 58.8
 -66.5 58.7
 -66.6 58.7
 -66.6 58.6
 -66.6 58.5
 -66.8 58.5
 -66.9 58.4
 -66.9 58.5
 -67.0 58.5
 -67.1 58.4
 -67.1 58.3
 -67.2 58.4
 -67.5 58.3
 -67.7 58.1
 -67.6 58.0
 -67.7 57.9
 -67.7 58.0
 -67.7 58.2
 -67.6 58.3
 -67.7 58.3
 -67.7 58.4
 -67.8 58.5
 -67.8 58.3
 -68.1 58.1
 -67.9 58.3
 -67.9 58.4
 -67.9 58.5
 -68.0 58.6
 -68.0 58.5
 -68.1 58.5
 -68.2 58.4
 -68.3 58.2
 -68.3 58.1
 -68.4 58.0
 -68.7 58.0
 -68.8 58.0
 -69.4 57.8
 -69.1 57.9
 -68.8 58.0
 -68.5 58.0
 -68.3 58.1
 -68.2 58.4
 -68.2 58.5
 -68.3 58.5
 -68.3 58.6
 -68.4 58.6
 -68.4 58.8
 -68.7 58.9
 -68.9 58.9
 -69.1 58.9
 -69.6 58.8
 -69.8 58.6
 -69.9 58.6
 -69.8 58.7
 -69.9 58.7
 -69.9 58.8
 -70.3 58.8
 -69.9 58.8
 -69.9 58.9
 -69.8 58.8
 -69.8 58.9
 -69.9 59.0
 -69.9 59.1
 -69.8 59.0
 -69.7 59.0
 -69.7 58.9
 -69.7 58.8
 -69.5 58.8
 -69.5 58.9
 -69.5 59.0
 -69.5 59.1
 -69.4 59.0
 -69.4 59.1
 -69.5 59.1
 -69.5 59.2
 -69.4 59.2
 -69.3 59.2
 -69.2 59.2
 -69.3 59.3
 -69.4 59.3
 -69.4 59.4
 -69.7 59.3
 -69.6 59.4
 -69.8 59.5
 -69.7 59.5
 -69.5 59.6
 -69.5 59.7
 -69.7 59.7
 -69.5 59.8
 -69.6 59.8
 -69.6 59.9
 -69.8 59.9
 -69.7 59.9
 -69.7 60.0
 -69.8 60.0
 -70.3 60.0
 -70.4 60.0
 -69.8 60.0
 -69.8 60.1
 -69.6 60.1
 -69.6 60.2
 -69.7 60.3
 -69.7 60.4
 -69.8 60.5
 -69.7 60.5
 -69.7 60.6
 -69.7 60.7
 -69.4 60.8
 -69.5 61.1
 -69.6 61.1
 -69.7 61.1
 -69.7 61.0
 -69.6 60.9
 -69.7 60.9
 -69.8 60.9
 -69.9 60.9
 -70.1 60.8
 -70.1 60.9
 -70.1 61.0
 -70.2 61.0
 -70.1 61.1
 -70.5 61.1
 -70.5 61.0
 -70.7 61.1
 -70.8 61.1
 -70.9 61.1
 -71.1 61.1
 -71.2 61.1
 -71.2 61.2
 -71.4 61.1
 -71.5 61.2
 -71.6 61.2
 -71.7 61.3
 -71.8 61.4
 -71.7 61.4
 -71.6 61.4
 -71.9 61.4
 -71.7 61.5
 -71.8 61.5
 -71.5 61.6
 -71.7 61.7
 -72.0 61.7
 -71.9 61.7
 -72.0 61.6
 -72.1 61.6
 -72.0 61.7
 -72.1 61.7
 -72.2 61.7
 -72.2 61.8
 -72.1 61.8
 -72.6 61.9
 -72.6 61.8
 -72.7 61.9
 -72.8 61.8
 -72.6 62.0
 -72.7 62.1
 -72.6 62.1
 -72.8 62.1
 -73.4 62.4
 -73.6 62.4
 -73.7 62.5
 -74.3 62.3
 -74.7 62.2
 -74.8 62.2
 -74.6 62.1
 -74.7 62.1
 -74.9 62.2
 -75.1 62.3
 -75.1 62.2
 -75.1 62.3
 -75.2 62.3
 -75.4 62.3
 -75.6 62.3
 -75.8 62.3
 -76.7 62.5
 -77.5 62.6
 -77.9 62.4
 -78.0 62.4
 -78.2 62.3
 -78.1 62.0
 -78.0 61.7
 -77.9 61.7
 -77.8 61.7
 -77.7 61.6
 -77.5 61.6
 -77.5 61.5
 -77.6 61.6
 -77.7 61.5
 -77.6 61.5
 -77.8 61.5
 -77.7 61.3
 -77.8 61.2
 -77.7 61.2
 -77.8 61.2
 -77.8 61.1
 -78.2 60.9
 -78.2 60.8
 -77.9 60.8
 -78.0 60.8
 -77.9 60.8
 -77.9 60.7
 -77.8 60.8
 -77.5 60.8
 -77.7 60.8
 -77.6 60.8
 -77.8 60.6
 -77.7 60.5
 -77.5 60.6
 -77.4 60.5
 -77.7 60.5
 -77.7 60.4
 -77.6 60.3
 -77.5 60.2
 -77.6 60.2
 -77.4 60.1
 -77.6 60.1
 -77.3 60.1
 -77.3 60.0
 -77.2 60.0
 -77.4 59.9
 -77.3 59.8
 -77.5 59.7
 -77.4 59.6
 -77.3 59.6
 -77.4 59.6
 -77.5 59.6
 -77.5 59.7
 -77.7 59.7
 -77.8 59.7
 -77.8 59.6
 -77.7 59.5
 -77.9 59.5
 -77.8 59.4
 -77.9 59.4
 -77.7 59.4
 -77.8 59.4
 -77.8 59.3
 -78.1 59.2
 -78.2 59.2
 -78.1 59.1
 -78.2 59.1
 -78.3 59.0
 -78.2 59.0
 -78.3 58.9
 -78.4 58.9
 -78.3 58.9
 -78.4 59.0
 -78.5 58.9
 -78.6 59.0
 -78.5 58.9
 -78.5 58.8
 -78.5 58.7
 -78.6 58.6
 -78.5 58.6
 -78.4 58.6
 -78.3 58.5
 -78.4 58.6
 -78.2 58.5
 -78.1 58.5
 -78.1 58.4
 -77.7 58.3
 -77.2 58.0
 -76.9 57.8
 -76.7 57.5
 -76.5 57.1
 -76.6 57.0
 -76.5 56.8
 -76.5 56.3
 -76.6 56.2
 -76.7 56.0
 -77.1 55.7
 -77.2 55.7
 -77.2 55.6
 -77.7 55.4
 -77.8 55.3
 -77.9 55.2
 -78.5 55.0
 -78.7 54.9
 -79.0 54.8
 -79.2 54.8
 -79.7 54.7
 -79.7 54.6
 -79.6 54.6
 -79.5 54.6
 -79.6 54.6
 -79.5 54.5
 -79.5 54.4
 -79.4 54.3
 -79.3 54.2
 -79.2 54.2
 -79.0 54.2
 -79.1 54.1
 -79.2 54.1
 -79.0 54.0
 -79.1 54.0
 -79.0 53.9
 -79.1 53.9
 -79.0 53.9
 -78.9 53.8
 -79.0 53.8
 -79.1 53.8
 -79.2 53.7
 -79.0 53.7
 -79.1 53.6
 -79.0 53.6
 -78.9 53.6
 -78.9 53.5
 -79.0 53.6
 -79.0 53.5
 -79.1 53.5
 -79.0 53.4
 -78.9 53.2
 -79.0 53.1
 -78.9 53.1
 -79.0 53.0
 -78.8 53.0
 -78.9 52.9
 -78.7 52.9
 -78.8 52.8
 -78.7 52.8
 -78.9 52.8
 -78.8 52.7
 -78.7 52.6
 -78.8 52.6
 -78.6 52.5
 -78.5 52.5
 -78.5 52.4
 -78.6 52.3
 -78.5 52.3
 -78.4 52.2
 -78.5 52.3
 -78.6 52.2
 -78.5 52.2
 -78.6 52.1
 -78.7 52.1
 -78.7 52.0
 -78.9 51.9
 -78.8 51.8
 -78.9 51.8
 -79.0 51.8
 -79.0 51.7
 -78.8 51.6
 -78.8 51.5
 -78.7 51.5
 -78.8 51.4
 -78.9 51.4
 -78.8 51.3
 -78.9 51.3
 -78.9 51.2
 -79.0 51.2
 -79.0 51.5
 -79.1 51.5
 -79.3 51.5
 -79.2 51.6
 -79.3 51.7
 -79.6 51.5
 -79.5 51.5
 -79.7 51.4
 -79.8 51.2
 -79.7 51.1
 -79.6 51.0
 -79.4 50.8
 -79.3 50.7
 -80.0 51.3
 -80.4 51.3
 -80.5 51.3
 -80.6 51.2
 -80.9 51.1
 -80.9 51.0
 -81.0 51.0
 -81.0 51.1
 -80.9 51.1
 -80.7 51.3
 -80.4 51.4
 -80.6 51.7
 -80.9 51.9
 -81.0 52.0
 -81.4 52.1
 -81.5 52.2
 -81.8 52.2
 -81.9 52.2
 -81.6 52.3
 -81.5 52.3
 -81.6 52.4
 -82.0 52.8
 -82.3 52.9
 -82.3 53.0
 -82.2 53.2
 -82.1 53.3
 -82.2 53.6
 -82.1 53.7
 -82.1 53.8
 -82.2 54.0
 -82.4 54.2
 -82.4 54.3
 -82.2 54.9
 -82.3 55.0
 -82.2 55.1
 -82.3 55.1
 -82.4 55.2
 -82.3 55.1
 -82.5 55.1
 -82.9 55.2
 -83.0 55.2
 -83.2 55.2
 -83.7 55.3
 -83.6 55.2
 -83.7 55.2
 -83.8 55.3
 -84.0 55.3
 -84.1 55.3
 -84.2 55.3
 -84.6 55.2
 -85.0 55.3
 -85.2 55.3
 -85.2 55.2
 -85.4 55.0
 -85.3 55.2
 -85.1 55.3
 -85.1 55.4
 -85.3 55.4
 -85.5 55.5
 -85.7 55.6
 -86.3 55.7
 -86.5 55.8
 -87.3 56.0
 -87.4 56.0
 -87.6 56.0
 -87.6 56.1
 -88.0 56.4
 -88.2 56.5
 -88.8 56.8
 -88.9 56.8
 -89.8 57.0
 -90.5 57.2
 -90.9 57.3
 -91.4 57.2
 -92.2 57.0
 -92.3 57.0
 -92.5 56.9
 -92.2 57.0
 -92.2 57.1
 -92.5 57.0
 -92.7 56.9
 -92.6 57.1
 -92.4 57.3
 -92.4 57.4
 -92.7 57.8
 -92.8 57.8
 -92.8 58.0
 -93.1 58.5
 -93.2 58.7
 -93.3 58.8
 -93.4 58.7
 -93.5 58.7
 -93.5 58.8
 -93.8 58.8
 -94.2 58.8
 -94.1 58.7
 -94.2 58.6
 -94.2 58.4
 -94.4 58.2
 -94.3 58.6
 -94.2 58.7
 -94.2 58.8
 -94.4 58.7
 -94.5 58.8
 -94.6 58.9
 -94.7 58.9
 -94.7 58.8
 -94.7 58.9
 -94.7 59.0
 -94.8 59.0
 -94.8 59.1
 -94.8 59.3
 -94.7 59.4
 -94.8 59.6
 -94.8 59.8
 -94.8 60.0
 -94.7 60.1
 -94.7 60.2
 -94.6 60.4
 -94.7 60.5
 -94.6 60.5
 -94.5 60.5
 -94.5 60.6
 -94.4 60.7
 -94.4 60.8
 -94.2 61.0
 -94.0 61.1
 -94.1 61.1
 -94.0 61.2
 -94.1 61.2
 -94.0 61.2
 -94.1 61.3
 -93.9 61.3
 -93.8 61.3
 -93.9 61.4
 -94.0 61.4
 -93.9 61.5
 -93.3 61.7
 -93.4 61.7
 -93.5 61.8
 -93.3 61.7
 -93.2 61.8
 -93.4 61.8
 -93.6 61.9
 -93.5 61.9
 -93.6 61.9
 -93.6 62.0
 -93.3 61.9
 -93.4 61.9
 -93.3 61.9
 -93.2 62.0
 -93.4 62.0
 -93.2 62.0
 -93.2 62.1
 -93.1 62.0
 -93.1 62.1
 -93.0 62.1
 -92.9 62.1
 -93.0 62.1
 -93.1 62.1
 -93.1 62.2
 -92.8 62.2
 -92.7 62.3
 -92.6 62.2
 -92.5 62.1
 -92.6 62.3
 -92.7 62.4
 -92.7 62.5
 -92.5 62.4
 -92.5 62.5
 -92.6 62.5
 -92.5 62.5
 -92.6 62.6
 -92.5 62.6
 -92.5 62.5
 -92.4 62.5
 -92.2 62.6
 -92.3 62.6
 -92.2 62.6
 -92.2 62.5
 -91.9 62.5
 -91.9 62.6
 -91.9 62.7
 -92.1 62.7
 -92.3 62.7
 -92.5 62.8
 -92.4 62.8
 -92.3 62.8
 -92.2 62.8
 -92.1 62.8
 -92.1 62.9
 -91.6 62.8
 -91.4 62.8
 -91.2 62.8
 -91.2 62.9
 -91.0 62.9
 -90.8 62.9
 -90.8 63.0
 -90.6 63.0
 -90.7 63.1
 -90.7 63.2
 -90.7 63.3
 -90.7 63.4
 -91.0 63.4
 -90.9 63.4
 -90.8 63.4
 -90.9 63.4
 -91.4 63.5
 -91.6 63.6
 -91.7 63.7
 -91.8 63.7
 -92.2 63.6
 -92.2 63.5
 -92.3 63.6
 -92.5 63.5
 -92.5 63.6
 -92.3 63.6
 -92.2 63.7
 -92.1 63.7
 -92.2 63.7
 -92.4 63.7
 -92.6 63.8
 -93.4 64.0
 -93.5 64.0
 -93.3 63.9
 -93.2 63.8
 -93.3 63.8
 -93.7 63.9
 -93.8 64.0
 -93.6 64.0
 -93.5 64.0
 -93.8 64.2
 -93.6 64.2
 -93.6 64.1
 -93.4 64.0
 -93.0 63.9
 -92.4 63.8
 -92.0 63.7
 -92.0 63.8
 -91.9 63.8
 -92.0 63.8
 -91.9 63.7
 -91.8 63.7
 -91.7 63.8
 -91.7 63.7
 -90.9 63.6
 -90.6 63.6
 -90.5 63.6
 -90.6 63.7
 -90.7 63.7
 -90.6 63.7
 -90.5 63.7
 -90.5 63.6
 -90.4 63.6
 -90.3 63.6
 -90.1 63.6
 -90.1 63.7
 -90.1 63.8
 -90.0 63.8
 -90.1 63.9
 -90.3 64.0
 -90.2 64.0
 -90.1 64.0
 -90.0 64.0
 -89.9 64.0
 -90.0 63.9
 -89.8 63.9
 -89.8 64.0
 -90.0 64.1
 -89.9 64.1
 -90.1 64.1
 -89.8 64.1
 -89.8 64.2
 -89.9 64.2
 -89.8 64.2
 -89.7 64.1
 -89.8 64.1
 -89.7 64.1
 -89.5 63.9
 -89.6 64.0
 -89.5 64.1
 -89.4 64.0
 -89.2 64.0
 -89.3 64.0
 -89.2 64.0
 -89.0 64.0
 -89.3 64.1
 -89.3 64.2
 -89.2 64.1
 -89.1 64.0
 -88.7 64.0
 -88.5 64.0
 -88.2 64.1
 -88.1 64.1
 -88.0 64.2
 -88.0 64.3
 -87.9 64.3
 -87.8 64.5
 -87.6 64.6
 -87.5 64.6
 -87.5 64.7
 -87.4 64.7
 -87.2 64.9
 -87.0 65.1
 -86.9 65.1
 -86.9 65.2
 -87.1 65.2
 -88.0 65.3
 -89.1 65.3
 -89.2 65.4
 -89.4 65.5
 -89.5 65.6
 -89.7 65.7
 -90.1 65.8
 -91.1 65.9
 -91.0 65.8
 -91.4 65.9
 -91.3 66.0
 -90.6 65.9
 -90.2 65.9
 -90.4 65.9
 -90.3 65.9
 -90.0 65.9
 -89.8 65.8
 -89.7 65.8
 -89.7 65.9
 -90.0 65.9
 -89.8 65.9
 -89.4 65.9
 -89.1 65.7
 -88.4 65.6
 -88.5 65.6
 -88.2 65.4
 -88.0 65.3
 -87.4 65.3
 -87.1 65.4
 -87.1 65.5
 -86.9 65.5
 -86.5 65.7
 -86.5 65.8
 -86.4 65.9
 -86.1 66.0
 -86.0 66.0
 -86.0 66.1
 -85.9 66.2
 -86.6 66.3
 -86.8 66.4
 -86.6 66.4
 -86.8 66.5
 -86.6 66.5
 -86.6 66.6
 -86.4 66.5
 -86.3 66.5
 -85.9 66.5
 -85.8 66.5
 -85.5 66.6
 -85.3 66.5
 -85.3 66.4
 -85.3 66.3
 -85.2 66.3
 -85.1 66.3
 -84.9 66.3
 -84.7 66.2
 -84.6 66.2
 -84.5 66.2
 -84.4 66.2
 -84.6 66.3
 -84.5 66.4
 -84.4 66.4
 -84.4 66.3
 -84.3 66.3
 -84.2 66.3
 -83.9 66.2
 -83.8 66.2
 -83.7 66.2
 -83.8 66.3
 -83.9 66.3
 -83.9 66.4
 -84.2 66.6
 -84.1 66.6
 -84.2 66.7
 -84.3 66.7
 -84.4 66.7
 -84.3 66.8
 -84.6 66.8
 -84.7 66.8
 -84.5 66.8
 -84.7 66.9
 -84.6 66.9
 -84.8 67.0
 -84.9 66.9
 -85.1 66.8
 -85.2 66.9
 -85.0 67.0
 -84.6 67.0
 -84.8 67.0
 -84.9 67.0
 -84.4 67.0
 -84.6 67.0
 -84.4 66.9
 -84.2 66.8
 -84.3 66.8
 -84.4 66.8
 -84.3 66.8
 -84.3 66.7
 -84.1 66.7
 -83.9 66.8
 -83.9 66.9
 -83.9 66.8
 -84.0 66.7
 -83.9 66.7
 -83.9 66.6
 -83.9 66.7
 -84.0 66.7
 -84.0 66.6
 -83.7 66.5
 -83.5 66.4
 -83.6 66.4
 -83.6 66.3
 -83.4 66.4
 -83.0 66.5
 -82.6 66.6
 -82.4 66.7
 -82.2 66.7
 -82.2 66.8
 -82.0 66.9
 -81.8 67.0
 -81.5 67.0
 -81.4 67.1
 -81.3 67.3
 -81.2 67.4
 -81.2 67.5
 -81.4 67.6
 -81.9 67.8
 -82.2 68.0
 -82.1 68.0
 -82.0 68.1
 -82.0 68.2
 -82.1 68.2
 -82.1 68.1
 -82.2 68.1
 -82.3 68.2
 -82.3 68.3
 -82.4 68.3
 -82.5 68.3
 -82.4 68.3
 -82.4 68.4
 -82.6 68.4
 -82.5 68.4
 -82.5 68.5
 -82.6 68.5
 -82.4 68.5
 -82.2 68.5
 -82.3 68.5
 -82.2 68.5
 -82.0 68.5
 -82.0 68.4
 -81.8 68.5
 -81.6 68.5
 -81.4 68.6
 -81.3 68.7
 -81.2 68.8
 -81.3 68.8
 -81.4 68.9
 -81.6 68.8
 -81.6 68.9
 -81.7 68.9
 -82.0 68.9
 -81.6 69.0
 -81.5 69.1
 -81.3 69.1
 -81.4 69.2
 -81.7 69.3
 -82.3 69.2
 -82.3 69.3
 -82.1 69.3
 -82.3 69.4
 -82.2 69.4
 -82.3 69.4
 -83.0 69.5
 -83.3 69.5
 -83.2 69.6
 -82.5 69.5
 -82.7 69.6
 -82.6 69.6
 -82.7 69.6
 -82.6 69.6
 -82.5 69.6
 -82.4 69.6
 -82.3 69.6
 -82.7 69.7
 -83.3 69.7
 -83.7 69.7
 -84.2 69.8
 -84.5 69.9
 -84.8 69.8
 -84.9 69.9
 -85.1 69.8
 -85.4 69.9
 -85.6 69.9
 -85.6 69.8
 -85.3 69.8
 -85.4 69.8
 -85.5 69.8
 -85.4 69.7
 -85.5 69.7
 -85.5 69.6
 -85.4 69.6
 -85.5 69.5
 -85.5 69.4
 -85.4 69.5
 -85.3 69.4
 -85.5 69.4
 -85.3 69.3
 -85.5 69.3
 -85.2 69.2
 -85.3 69.2
 -85.3 69.1
 -85.2 69.1
 -85.2 69.2
 -85.0 69.2
 -85.1 69.1
 -84.5 69.0
 -84.6 69.0
 -84.8 69.0
 -85.0 69.0
 -84.8 69.0
 -84.8 68.9
 -85.1 69.0
 -85.1 68.9
 -85.0 68.9
 -85.2 68.9
 -85.1 68.8
 -85.0 68.8
 -84.8 68.8
 -84.8 68.7
 -85.3 68.8
 -85.2 68.7
 -85.4 68.7
 -85.4 68.8
 -85.6 68.8
 -85.5 68.8
 -85.5 68.7
 -85.7 68.7
 -85.7 68.5
 -85.7 68.4
 -85.8 68.3
 -85.8 68.2
 -85.9 68.2
 -85.9 68.1
 -86.0 68.0
 -86.1 68.0
 -86.1 67.9
 -86.3 67.9
 -86.5 67.7
 -86.5 67.6
 -86.5 67.5
 -86.5 67.4
 -86.5 67.3
 -86.6 67.4
 -86.8 67.4
 -86.9 67.4
 -87.0 67.3
 -87.0 67.4
 -87.1 67.3
 -87.0 67.2
 -87.1 67.3
 -87.1 67.2
 -87.2 67.2
 -87.3 67.2
 -87.3 67.1
 -87.3 67.2
 -87.4 67.2
 -87.5 67.1
 -87.5 67.2
 -87.4 67.2
 -87.4 67.3
 -87.7 67.5
 -88.1 67.7
 -88.3 67.8
 -88.4 68.0
 -88.3 68.1
 -88.3 68.2
 -88.4 68.3
 -88.2 68.4
 -88.2 68.3
 -88.2 68.2
 -88.0 68.2
 -87.9 68.2
 -87.8 68.3
 -88.0 68.8
 -88.3 68.9
 -88.9 69.1
 -88.9 69.2
 -89.1 69.3
 -89.3 69.3
 -89.7 69.0
 -89.8 68.9
 -89.7 68.8
 -89.7 68.7
 -89.7 68.6
 -89.8 68.6
 -89.7 68.7
 -89.8 68.7
 -90.0 68.6
 -89.9 68.6
 -89.8 68.5
 -89.9 68.5
 -90.0 68.4
 -90.2 68.3
 -90.1 68.3
 -90.2 68.2
 -90.3 68.2
 -90.3 68.3
 -90.3 68.4
 -90.6 68.4
 -90.6 68.5
 -90.5 68.5
 -90.5 68.6
 -90.5 68.7
 -90.5 68.8
 -90.4 68.8
 -90.5 68.8
 -90.4 68.9
 -90.5 68.9
 -90.6 68.9
 -90.6 69.0
 -90.7 69.0
 -90.7 69.1
 -91.2 69.3
 -91.0 69.4
 -91.1 69.3
 -90.9 69.3
 -90.8 69.3
 -90.8 69.4
 -90.6 69.4
 -90.7 69.5
 -90.4 69.4
 -90.4 69.5
 -90.7 69.5
 -90.8 69.5
 -90.9 69.5
 -91.1 69.5
 -91.2 69.6
 -91.6 69.5
 -91.5 69.5
 -91.4 69.5
 -91.1 69.6
 -91.5 69.7
 -91.8 69.5
 -92.3 69.6
 -92.1 69.6
 -92.3 69.7
 -92.4 69.7
 -92.3 69.7
 -92.5 69.7
 -92.9 69.7
 -92.7 69.8
 -92.6 69.8
 -92.5 69.8
 -92.6 69.8
 -92.3 69.9
 -91.9 70.0
 -92.0 70.1
 -92.3 70.1
 -92.6 70.1
 -92.5 70.1
 -92.4 70.1
 -92.4 70.2
 -92.3 70.2
 -92.3 70.3
 -92.0 70.1
 -91.5 70.1
 -91.5 70.2
 -91.6 70.2
 -91.7 70.2
 -91.7 70.3
 -91.7 70.4
 -91.9 70.4
 -91.9 70.3
 -92.0 70.3
 -92.1 70.3
 -92.0 70.4
 -92.3 70.5
 -92.2 70.5
 -92.2 70.6
 -92.3 70.6
 -92.6 70.7
 -92.7 70.7
 -92.6 70.7
 -92.8 70.8
 -93.0 70.8
 -93.0 70.9
 -92.9 70.8
 -92.9 70.9
 -92.9 71.2
 -93.0 71.3
 -93.2 71.4
 -93.2 71.5
 -93.8 71.6
 -93.8 71.7
 -93.7 71.7
 -93.7 71.8
 -93.8 71.8
 -93.9 71.7
 -94.2 71.8
 -94.4 71.7
 -94.4 71.8
 -94.6 71.7
 -94.6 71.8
 -94.5 71.8
 -94.5 71.9
 -94.4 71.9
 -94.5 72.0
 -94.9 72.0
 -95.2 71.9
 -95.3 71.9
 -95.2 71.8
 -94.6 71.9
 -94.7 71.8
 -95.2 71.8
 -95.3 71.8
 -95.3 71.7
 -95.7 71.7
 -95.7 71.6
 -95.9 71.6
 -95.8 71.5
 -95.4 71.5
 -95.5 71.4
 -95.6 71.4
 -95.5 71.3
 -95.7 71.3
 -96.0 71.4
 -96.1 71.4
 -96.2 71.4
 -96.3 71.3
 -96.4 71.3
 -96.5 71.2
 -96.4 71.1
 -96.5 71.1
 -96.6 71.1
 -96.5 71.1
 -96.4 71.1
 -96.5 71.0
 -96.6 70.8
 -96.2 70.6
 -96.1 70.6
 -96.0 70.6
 -95.8 70.5
 -96.1 70.6
 -96.2 70.5
 -96.2 70.6
 -96.3 70.5
 -96.3 70.4
 -96.4 70.4
 -96.5 70.3
 -96.6 70.2
 -96.5 70.1
 -96.2 70.0
 -96.1 70.0
 -96.1 69.9
 -96.2 69.9
 -95.9 69.8
 -95.8 69.8
 -95.8 69.7
 -95.7 69.8
 -94.8 69.6
 -94.7 69.6
 -94.8 69.7
 -94.6 69.7
 -94.6 69.6
 -94.5 69.5
 -94.3 69.4
 -93.9 69.4
 -93.8 69.5
 -93.7 69.5
 -93.5 69.5
 -93.4 69.5
 -93.6 69.4
 -93.4 69.4
 -93.8 69.2
 -93.9 69.2
 -93.8 69.3
 -93.5 69.4
 -93.6 69.4
 -93.8 69.4
 -93.9 69.3
 -94.2 69.3
 -94.3 69.3
 -94.3 69.2
 -94.2 69.1
 -94.0 69.2
 -94.2 69.0
 -94.4 69.0
 -94.4 68.9
 -94.6 69.0
 -94.6 68.9
 -94.5 68.9
 -94.6 68.8
 -94.4 68.7
 -94.3 68.8
 -94.1 68.8
 -94.0 68.8
 -94.1 68.9
 -93.9 69.0
 -93.8 69.0
 -93.7 69.0
 -93.6 68.9
 -93.6 68.8
 -93.7 68.7
 -93.8 68.6
 -93.4 68.6
 -94.2 68.4
 -94.2 68.3
 -94.8 68.0
 -95.0 68.0
 -95.1 68.1
 -95.5 68.1
 -95.4 68.0
 -95.6 67.9
 -95.5 67.9
 -95.6 67.8
 -95.7 67.7
 -95.5 67.6
 -95.3 67.5
 -95.4 67.5
 -95.3 67.3
 -95.2 67.3
 -95.3 67.2
 -95.4 67.1
 -95.3 67.1
 -95.2 67.0
 -95.3 66.9
 -95.5 66.9
 -96.0 67.0
 -96.1 66.9
 -95.8 66.7
 -95.7 66.7
 -95.6 66.7
 -95.8 66.6
 -95.8 66.7
 -95.9 66.8
 -96.1 66.8
 -96.1 66.9
 -96.4 67.0
 -96.5 67.1
 -96.3 67.1
 -96.3 67.0
 -96.2 67.0
 -96.1 67.0
 -96.0 67.0
 -96.1 67.0
 -96.0 67.1
 -95.9 67.1
 -96.0 67.0
 -95.9 67.0
 -95.9 66.9
 -95.6 67.0
 -95.6 66.9
 -95.4 67.0
 -95.3 67.0
 -95.4 67.1
 -95.4 67.2
 -95.5 67.1
 -95.5 67.2
 -95.6 67.2
 -95.8 67.2
 -95.6 67.3
 -95.5 67.4
 -95.6 67.4
 -95.7 67.3
 -95.7 67.4
 -96.1 67.2
 -96.3 67.2
 -96.2 67.3
 -96.1 67.4
 -96.1 67.5
 -96.2 67.4
 -96.4 67.5
 -96.5 67.5
 -96.4 67.6
 -96.3 67.6
 -96.3 67.7
 -96.2 67.6
 -96.2 67.7
 -96.2 67.8
 -96.0 68.1
 -96.1 68.2
 -95.9 68.3
 -96.2 68.2
 -96.5 68.1
 -96.5 68.0
 -96.6 68.1
 -96.7 68.0
 -96.8 68.0
 -96.8 68.1
 -96.7 68.1
 -96.4 68.3
 -96.5 68.3
 -96.6 68.2
 -96.7 68.2
 -96.6 68.3
 -96.7 68.3
 -96.9 68.2
 -97.1 68.3
 -97.0 68.3
 -97.3 68.5
 -97.5 68.5
 -97.6 68.5
 -97.5 68.4
 -97.6 68.5
 -97.7 68.5
 -98.0 68.5
 -97.9 68.5
 -97.8 68.4
 -97.7 68.4
 -97.8 68.4
 -98.1 68.4
 -98.1 68.3
 -98.5 68.4
 -98.5 68.3
 -98.6 68.4
 -98.7 68.4
 -98.3 68.2
 -98.4 68.1
 -98.4 68.2
 -98.5 68.2
 -98.6 68.1
 -98.1 67.8
 -98.0 67.8
 -98.1 67.9
 -98.0 67.9
 -97.9 68.0
 -97.8 68.0
 -97.7 68.0
 -97.6 68.0
 -97.4 67.9
 -97.3 67.9
 -97.2 67.9
 -97.1 67.8
 -97.2 67.7
 -97.1 67.7
 -97.5 67.6
 -97.7 67.6
 -98.0 67.8
 -98.1 67.8
 -98.2 67.9
 -98.6 68.1
 -98.7 68.1
 -98.7 68.0
 -98.7 67.9
 -98.4 67.9
 -98.4 67.8
 -98.7 67.8
 -98.8 67.7
 -98.9 67.7
 -99.0 67.7
 -99.2 67.7
 -99.3 67.8
 -99.9 67.8
 -100.4 67.8
 -100.6 67.8
 -100.9 67.8
 -101.5 67.7
 -101.4 67.7
 -101.6 67.7
 -102.0 67.8
 -102.0 67.7
 -102.1 67.8
 -102.2 67.7
 -102.4 67.7
 -103.4 68.0
 -103.3 68.1
 -103.4 68.2
 -103.5 68.2
 -103.6 68.1
 -103.5 68.1
 -103.8 68.0
 -104.5 68.0
 -104.7 68.1
 -104.6 68.2
 -104.7 68.3
 -104.9 68.2
 -105.0 68.3
 -104.9 68.3
 -104.8 68.3
 -104.9 68.3
 -105.1 68.3
 -105.0 68.3
 -105.1 68.3
 -105.3 68.3
 -105.3 68.4
 -105.4 68.4
 -105.5 68.4
 -105.4 68.5
 -105.3 68.5
 -105.4 68.5
 -105.5 68.7
 -105.8 68.9
 -106.2 68.9
 -106.5 68.9
 -106.8 68.8
 -107.3 68.7
 -108.3 68.6
 -108.4 68.6
 -108.8 68.3
 -108.7 68.2
 -108.4 68.3
 -108.5 68.2
 -108.4 68.2
 -108.3 68.2
 -108.3 68.1
 -108.4 68.2
 -108.4 68.1
 -108.3 68.1
 -108.2 68.2
 -107.9 68.1
 -107.8 68.2
 -107.7 68.2
 -107.6 68.2
 -107.9 68.3
 -107.8 68.3
 -107.3 68.3
 -107.1 68.3
 -107.0 68.4
 -106.8 68.4
 -106.6 68.3
 -106.5 68.3
 -106.6 68.3
 -106.5 68.4
 -106.6 68.4
 -106.6 68.5
 -106.5 68.4
 -106.5 68.5
 -106.1 68.6
 -105.6 68.6
 -105.8 68.5
 -105.7 68.5
 -105.7 68.4
 -105.8 68.4
 -106.0 68.4
 -106.2 68.4
 -106.5 68.3
 -106.5 68.2
 -106.3 68.2
 -106.4 68.2
 -106.6 68.2
 -106.7 68.2
 -106.8 68.2
 -106.8 68.1
 -107.1 68.1
 -107.4 68.0
 -107.6 68.1
 -107.8 68.0
 -107.8 68.1
 -107.7 68.1
 -107.9 68.1
 -107.9 68.0
 -107.7 67.9
 -107.9 67.8
 -108.0 67.7
 -107.7 67.6
 -107.6 67.5
 -107.6 67.4
 -107.7 67.4
 -107.5 67.2
 -107.4 67.1
 -107.2 67.1
 -107.4 67.1
 -107.4 67.0
 -107.3 67.0
 -107.1 66.8
 -107.2 66.9
 -107.4 67.0
 -107.4 66.9
 -107.5 66.9
 -107.4 66.8
 -107.7 66.9
 -107.7 67.0
 -107.6 66.9
 -107.5 66.9
 -107.5 67.0
 -107.6 67.1
 -107.7 67.1
 -107.6 67.0
 -107.7 67.0
 -107.8 67.0
 -107.7 66.8
 -107.8 66.8
 -107.3 66.5
 -107.2 66.4
 -107.2 66.3
 -107.3 66.4
 -107.5 66.5
 -107.6 66.5
 -107.9 66.8
 -107.9 66.7
 -107.9 66.8
 -108.0 66.8
 -108.2 66.8
 -108.1 66.9
 -108.2 67.0
 -108.3 67.0
 -108.5 67.1
 -108.5 67.0
 -108.6 67.1
 -108.6 67.2
 -108.5 67.1
 -108.2 67.0
 -108.2 67.1
 -107.9 67.1
 -108.0 67.3
 -108.4 67.4
 -108.5 67.3
 -108.5 67.4
 -108.5 67.5
 -108.6 67.6
 -108.7 67.6
 -108.7 67.5
 -108.8 67.4
 -108.8 67.3
 -108.9 67.4
 -109.0 67.4
 -109.0 67.5
 -108.9 67.5
 -109.1 67.7
 -109.4 67.7
 -109.4 67.8
 -109.5 67.7
 -109.7 67.7
 -109.6 67.7
 -109.7 67.8
 -109.8 67.9
 -110.0 67.9
 -109.9 67.8
 -110.0 67.8
 -110.0 67.9
 -110.0 68.0
 -110.1 68.0
 -110.2 68.0
 -110.1 67.9
 -110.2 67.9
 -110.3 68.0
 -110.7 67.9
 -110.9 67.8
 -111.2 67.8
 -111.1 67.8
 -111.2 67.8
 -111.3 67.8
 -111.4 67.7
 -111.5 67.7
 -111.5 67.8
 -111.5 67.7
 -111.6 67.7
 -111.9 67.7
 -112.0 67.7
 -112.4 67.7
 -112.3 67.7
 -112.4 67.7
 -113.4 67.7
 -114.2 67.7
 -114.3 67.7
 -114.5 67.8
 -115.1 67.8
 -115.3 67.9
 -115.4 67.9
 -115.5 67.9
 -115.2 68.0
 -115.1 68.0
 -115.2 68.0
 -115.2 68.1
 -115.2 68.2
 -114.9 68.1
 -114.8 68.2
 -115.0 68.3
 -114.1 68.2
 -114.0 68.3
 -113.9 68.4
 -114.0 68.4
 -114.1 68.4
 -114.1 68.5
 -114.4 68.6
 -114.4 68.7
 -114.7 68.8
 -114.8 68.8
 -115.4 68.9
 -115.8 68.9
 -116.3 69.0
 -115.9 68.8
 -116.0 68.8
 -116.4 68.9
 -116.8 68.9
 -116.9 68.9
 -117.0 68.9
 -117.5 69.0
 -118.5 69.1
 -118.6 69.2
 -118.9 69.3
 -120.0 69.3
 -120.3 69.4
 -120.9 69.6
 -121.9 69.8
 -122.2 69.8
 -122.7 69.8
 -122.8 69.8
 -123.0 69.8
 -123.2 69.8
 -123.1 69.7
 -123.2 69.6
 -123.1 69.6
 -123.2 69.5
 -123.3 69.5
 -123.4 69.5
 -123.5 69.4
 -123.4 69.4
 -123.7 69.4
 -123.9 69.4
 -124.0 69.4
 -124.0 69.3
 -124.2 69.3
 -124.5 69.4
 -124.4 69.4
 -124.4 69.5
 -124.2 69.6
 -124.0 69.7
 -124.1 69.7
 -124.3 69.7
 -124.5 69.7
 -124.4 69.8
 -124.4 69.9
 -124.5 69.9
 -124.4 69.9
 -124.5 70.0
 -124.4 70.0
 -124.4 70.1
 -124.5 70.2
 -124.7 70.1
 -124.4 70.1
 -124.4 70.0
 -124.5 70.0
 -124.6 70.0
 -124.6 70.1
 -124.7 70.1
 -125.0 70.0
 -125.0 70.1
 -125.2 70.0
 -125.2 69.9
 -125.1 70.0
 -124.8 70.0
 -124.7 70.0
 -124.6 70.0
 -124.7 70.0
 -124.9 69.9
 -125.1 69.8
 -125.2 69.8
 -125.2 69.9
 -125.3 69.8
 -125.2 69.8
 -124.9 69.8
 -124.8 69.7
 -124.9 69.7
 -124.9 69.6
 -125.0 69.7
 -125.1 69.7
 -125.4 69.7
 -125.4 69.6
 -125.2 69.6
 -125.3 69.5
 -125.2 69.5
 -125.1 69.5
 -125.3 69.5
 -125.6 69.5
 -125.6 69.4
 -125.2 69.5
 -125.1 69.4
 -125.2 69.4
 -125.5 69.4
 -125.4 69.4
 -125.4 69.3
 -125.8 69.4
 -126.0 69.4
 -126.7 69.8
 -126.8 69.9
 -126.9 70.0
 -127.1 70.2
 -127.3 70.3
 -128.0 70.6
 -128.1 70.6
 -128.2 70.5
 -128.2 70.4
 -127.9 70.4
 -128.0 70.3
 -128.1 70.4
 -128.0 70.3
 -127.7 70.3
 -127.5 70.2
 -128.1 70.2
 -128.4 70.1
 -128.3 70.0
 -128.3 69.9
 -129.0 69.7
 -128.9 69.7
 -129.0 69.7
 -129.2 69.7
 -129.1 69.7
 -129.2 69.8
 -129.1 69.8
 -128.9 69.8
 -129.0 69.9
 -128.9 69.9
 -128.9 70.0
 -129.0 70.0
 -129.1 69.9
 -129.1 69.8
 -129.9 69.8
 -130.3 69.7
 -130.7 69.4
 -130.6 69.5
 -130.7 69.4
 -130.8 69.4
 -130.9 69.3
 -131.0 69.2
 -130.9 69.1
 -131.0 69.1
 -131.0 69.2
 -130.9 69.3
 -130.9 69.4
 -131.0 69.3
 -130.9 69.4
 -130.9 69.5
 -131.0 69.5
 -131.0 69.4
 -131.1 69.3
 -131.0 69.4
 -131.0 69.5
 -131.1 69.6
 -131.2 69.6
 -131.1 69.5
 -131.1 69.4
 -131.1 69.5
 -131.2 69.6
 -131.1 69.4
 -131.2 69.4
 -131.4 69.3
 -131.2 69.4
 -131.3 69.5
 -131.3 69.4
 -131.3 69.5
 -131.4 69.4
 -131.5 69.3
 -131.4 69.4
 -131.6 69.5
 -131.7 69.5
 -131.6 69.4
 -131.9 69.4
 -132.0 69.4
 -131.7 69.4
 -131.8 69.3
 -132.2 69.2
 -132.3 69.2
 -132.4 69.1
 -132.5 69.1
 -132.4 69.2
 -132.5 69.1
 -132.9 69.1
 -132.9 69.0
 -132.7 68.9
 -132.8 68.9
 -132.7 68.9
 -132.8 68.8
 -132.6 68.8
 -132.6 68.9
 -132.5 68.9
 -132.4 68.9
 -132.4 68.8
 -132.7 68.8
 -132.8 68.8
 -133.0 68.9
 -132.9 68.8
 -133.3 68.9
 -133.4 68.8
 -133.2 68.8
 -133.0 68.7
 -132.9 68.7
 -133.3 68.7
 -133.5 68.8
 -133.5 68.9
 -133.4 68.9
 -133.5 68.9
 -133.4 68.9
 -133.3 68.9
 -133.2 68.9
 -133.2 69.0
 -132.9 69.1
 -132.9 69.0
 -132.9 69.1
 -132.8 69.1
 -132.9 69.1
 -132.8 69.2
 -132.6 69.3
 -132.5 69.3
 -132.5 69.2
 -132.4 69.3
 -132.3 69.2
 -132.3 69.3
 -132.1 69.4
 -132.1 69.5
 -132.0 69.5
 -131.0 69.6
 -130.9 69.6
 -130.8 69.6
 -130.6 69.7
 -130.5 69.8
 -130.1 69.9
 -129.5 70.0
 -129.6 70.0
 -129.5 70.0
 -129.4 70.1
 -129.5 70.1
 -129.6 70.2
 -129.7 70.3
 -129.8 70.2
 -129.9 70.1
 -130.1 70.1
 -130.2 70.1
 -130.3 70.1
 -130.4 70.2
 -130.5 70.1
 -130.5 70.2
 -130.7 70.1
 -130.8 70.1
 -131.0 70.0
 -130.9 70.0
 -131.0 70.0
 -131.1 69.9
 -131.2 69.9
 -131.2 69.8
 -131.2 69.9
 -131.4 70.0
 -131.4 69.9
 -131.6 69.9
 -131.8 69.8
 -131.9 69.8
 -132.1 69.7
 -132.3 69.7
 -132.5 69.7
 -132.6 69.7
 -132.4 69.7
 -132.3 69.7
 -132.4 69.6
 -132.9 69.7
 -133.0 69.6
 -133.0 69.5
 -133.7 69.4
 -133.7 69.3
 -133.8 69.4
 -133.9 69.3
 -134.2 69.3
 -134.3 69.2
 -134.6 69.1
 -134.6 69.0
 -134.2 68.7
 -134.4 68.7
 -134.5 68.7
 -134.7 68.9
 -134.8 68.9
 -135.0 68.9
 -135.2 68.9
 -135.6 68.9
 -135.3 68.8
 -135.5 68.8
 -135.3 68.7
 -135.2 68.7
 -135.3 68.7
 -135.4 68.7
 -136.0 68.9
 -136.5 68.9
 -136.7 68.9
 -136.9 68.9
 -137.3 68.9
 -138.2 69.2
 -138.3 69.2
 -138.4 69.3
 -138.6 69.2
 -138.7 69.3
 -138.9 69.4
 -139.1 69.5
 -139.7 69.6
 -139.8 69.6
 -140.5 69.6
 -141.0 69.6
 

