-71.8 19.7
 -71.7 19.5
 -71.7 19.3
 -71.8 19.3
 -71.7 19.2
 -71.6 19.2
 -71.7 19.1
 -71.9 19.0
 -71.8 19.0
 -71.7 18.8
 -71.7 18.7
 -71.9 18.6
 -72.0 18.6
 -71.9 18.5
 -71.9 18.4
 -71.7 18.3
 -71.8 18.2
 -71.7 18.1
 -71.8 18.1
 -71.7 18.0
 -71.6 17.8
 -71.7 17.8
 -71.5 17.7
 -71.4 17.6
 -71.3 17.8
 -71.1 18.2
 -71.1 18.3
 -71.0 18.3
 -70.9 18.3
 -70.8 18.3
 -70.7 18.4
 -70.6 18.4
 -70.6 18.2
 -70.2 18.2
 -70.0 18.4
 -69.9 18.5
 -69.7 18.5
 -69.6 18.4
 -69.3 18.4
 -69.1 18.4
 -69.0 18.4
 -68.8 18.4
 -68.7 18.2
 -68.6 18.2
 -68.6 18.4
 -68.5 18.3
 -68.5 18.4
 -68.3 18.6
 -68.6 18.9
 -68.9 19.0
 -69.0 19.0
 -69.1 19.0
 -69.2 19.0
 -69.4 19.1
 -69.6 19.1
 -69.6 19.2
 -69.2 19.2
 -69.2 19.3
 -69.2 19.4
 -69.3 19.3
 -69.8 19.3
 -69.9 19.4
 -69.9 19.6
 -70.0 19.7
 -70.1 19.6
 -70.3 19.7
 -70.5 19.8
 -70.6 19.8
 -70.8 19.9
 -71.0 19.9
 -71.3 19.8
 -71.5 19.9
 -71.6 19.9
 -71.8 19.8
 -71.7 19.8
 -71.7 19.7
 -71.8 19.7
 

-71.8 19.7
 -71.7 19.5
 -71.7 19.3
 -71.8 19.3
 -71.7 19.2
 -71.6 19.2
 -71.7 19.1
 -71.9 19.0
 -71.8 19.0
 -71.7 18.8
 -71.7 18.7
 -71.9 18.6
 -72.0 18.6
 -71.9 18.5
 -71.9 18.4
 -71.7 18.3
 -71.8 18.2
 -71.7 18.1
 -71.8 18.1
 -71.7 18.0
 -71.6 17.8
 -71.7 17.8
 -71.5 17.7
 -71.4 17.6
 -71.3 17.8
 -71.1 18.2
 -71.1 18.3
 -71.0 18.3
 -70.9 18.3
 -70.8 18.3
 -70.7 18.4
 -70.6 18.4
 -70.6 18.2
 -70.2 18.2
 -70.0 18.4
 -69.9 18.5
 -69.7 18.5
 -69.6 18.4
 -69.3 18.4
 -69.1 18.4
 -69.0 18.4
 -68.8 18.4
 -68.7 18.2
 -68.6 18.2
 -68.6 18.4
 -68.5 18.3
 -68.5 18.4
 -68.3 18.6
 -68.6 18.9
 -68.9 19.0
 -69.0 19.0
 -69.1 19.0
 -69.2 19.0
 -69.4 19.1
 -69.6 19.1
 -69.6 19.2
 -69.2 19.2
 -69.2 19.3
 -69.2 19.4
 -69.3 19.3
 -69.8 19.3
 -69.9 19.4
 -69.9 19.6
 -70.0 19.7
 -70.1 19.6
 -70.3 19.7
 -70.5 19.8
 -70.6 19.8
 -70.8 19.9
 -71.0 19.9
 -71.3 19.8
 -71.5 19.9
 -71.6 19.9
 -71.8 19.8
 -71.7 19.8
 -71.7 19.7
 -71.8 19.7
 

