-63.8 80.1
 -65.0 80.0
 -65.1 80.0
 -65.0 80.0
 -65.0 79.9
 -65.1 79.8
 -65.0 79.8
 -64.9 79.7
 -65.0 79.7
 -64.9 79.6
 -64.8 79.6
 -64.8 79.5
 -64.9 79.5
 -65.1 79.4
 -65.6 79.3
 -65.5 79.3
 -65.7 79.2
 -65.9 79.2
 -65.9 79.1
 -66.3 79.1
 -66.8 79.1
 -66.9 79.1
 -67.0 79.2
 -67.0 79.1
 -67.1 79.1
 -67.2 79.2
 -67.2 79.1
 -67.7 79.1
 -67.8 79.0
 -68.0 79.1
 -68.6 79.0
 -69.1 79.0
 -69.2 78.9
 -68.8 78.8
 -69.1 78.9
 -69.3 78.8
 -69.8 78.8
 -70.0 78.8
 -70.7 78.7
 -70.8 78.7
 -70.8 78.6
 -71.5 78.6
 -72.6 78.5
 -72.7 78.4
 -72.6 78.4
 -72.7 78.4
 -72.8 78.4
 -72.8 78.3
 -72.7 78.3
 -72.8 78.2
 -72.7 78.2
 -73.0 78.2
 -72.9 78.1
 -72.6 78.1
 -72.3 78.1
 -72.4 78.0
 -71.9 77.9
 -71.6 77.9
 -71.3 77.9
 -71.2 77.9
 -71.4 77.8
 -71.2 77.8
 -70.7 77.8
 -70.4 77.9
 -70.0 77.8
 -70.2 77.8
 -70.7 77.7
 -69.8 77.7
 -69.5 77.8
 -69.5 77.7
 -70.2 77.6
 -70.3 77.6
 -69.2 77.4
 -68.7 77.5
 -68.6 77.5
 -68.6 77.6
 -68.8 77.7
 -68.7 77.7
 -68.4 77.6
 -68.4 77.5
 -67.6 77.5
 -67.3 77.6
 -67.1 77.6
 -67.2 77.7
 -66.7 77.7
 -66.5 77.6
 -66.3 77.6
 -66.2 77.6
 -66.1 77.5
 -66.1 77.4
 -66.2 77.4
 -66.5 77.4
 -66.7 77.4
 -66.5 77.3
 -66.2 77.3
 -66.5 77.3
 -66.8 77.4
 -67.6 77.4
 -68.4 77.4
 -69.1 77.3
 -69.0 77.3
 -68.2 77.2
 -68.0 77.2
 -66.9 77.2
 -66.2 77.2
 -66.4 77.1
 -67.9 77.2
 -68.6 77.2
 -69.9 77.2
 -70.9 77.2
 -70.7 77.1
 -71.2 77.1
 -71.4 77.1
 -71.4 77.0
 -71.2 77.0
 -70.7 76.9
 -70.8 76.9
 -71.0 76.9
 -70.9 76.9
 -70.5 76.8
 -70.4 76.8
 -69.7 77.0
 -69.5 77.0
 -69.9 76.9
 -70.1 76.8
 -70.0 76.8
 -68.8 76.7
 -68.1 76.7
 -68.0 76.7
 -68.1 76.7
 -68.0 76.6
 -68.7 76.6
 -69.1 76.5
 -69.6 76.4
 -69.3 76.3
 -68.9 76.2
 -68.7 76.2
 -68.8 76.2
 -68.5 76.2
 -68.4 76.1
 -68.6 76.1
 -68.5 76.1
 -66.5 75.9
 -66.6 76.0
 -67.1 76.1
 -67.0 76.1
 -67.3 76.2
 -67.0 76.3
 -66.8 76.2
 -66.7 76.2
 -66.8 76.2
 -66.5 76.1
 -66.4 76.1
 -66.2 76.2
 -66.2 76.3
 -65.7 76.3
 -65.6 76.2
 -65.8 76.2
 -65.7 76.1
 -65.9 76.1
 -65.6 76.0
 -65.4 76.0
 -65.3 76.1
 -65.4 76.1
 -65.3 76.1
 -65.4 76.2
 -65.2 76.2
 -65.2 76.1
 -65.0 76.1
 -65.0 76.2
 -64.8 76.2
 -64.7 76.1
 -64.6 76.1
 -64.7 76.2
 -64.6 76.2
 -64.7 76.2
 -64.7 76.3
 -64.4 76.2
 -64.4 76.3
 -64.3 76.4
 -64.2 76.3
 -64.1 76.2
 -64.0 76.1
 -63.7 76.2
 -63.5 76.3
 -63.5 76.4
 -63.1 76.3
 -62.9 76.3
 -62.8 76.3
 -62.9 76.2
 -62.8 76.2
 -62.7 76.2
 -62.8 76.2
 -62.6 76.3
 -62.2 76.3
 -62.2 76.2
 -61.7 76.2
 -61.5 76.2
 -61.3 76.2
 -60.9 76.2
 -60.8 76.1
 -60.9 76.1
 -60.7 76.0
 -60.5 76.1
 -60.1 76.0
 -59.9 75.9
 -59.8 76.0
 -59.6 75.9
 -59.8 75.8
 -59.5 75.9
 -59.2 75.9
 -59.1 75.8
 -59.3 75.8
 -59.2 75.8
 -59.1 75.8
 -59.1 75.7
 -58.5 75.7
 -58.4 75.7
 -58.6 75.7
 -58.3 75.6
 -58.4 75.6
 -58.2 75.5
 -58.2 75.4
 -58.7 75.4
 -58.7 75.3
 -58.5 75.3
 -58.4 75.4
 -58.3 75.4
 -58.4 75.4
 -58.3 75.3
 -58.4 75.3
 -58.2 75.2
 -58.0 75.2
 -57.9 75.2
 -58.0 75.1
 -58.1 75.1
 -58.2 75.1
 -58.1 75.0
 -57.9 75.1
 -57.3 74.9
 -57.0 74.9
 -56.8 74.8
 -57.0 74.8
 -57.1 74.8
 -57.2 74.8
 -57.2 74.7
 -57.0 74.7
 -56.8 74.7
 -56.5 74.6
 -56.6 74.6
 -56.4 74.5
 -56.2 74.6
 -56.3 74.5
 -56.1 74.5
 -56.8 74.4
 -56.6 74.4
 -56.2 74.4
 -56.1 74.4
 -56.7 74.3
 -56.5 74.3
 -56.6 74.3
 -56.3 74.3
 -57.3 74.1
 -56.7 74.1
 -56.2 74.3
 -56.1 74.3
 -56.3 74.1
 -56.2 74.1
 -56.4 74.1
 -56.1 74.0
 -55.7 73.9
 -55.6 73.9
 -55.7 73.8
 -55.9 73.9
 -55.8 73.8
 -55.6 73.7
 -55.7 73.7
 -55.9 73.8
 -56.0 73.7
 -55.9 73.7
 -56.0 73.7
 -55.8 73.7
 -56.1 73.7
 -56.0 73.6
 -55.7 73.6
 -55.4 73.5
 -55.2 73.4
 -55.1 73.4
 -55.3 73.4
 -55.4 73.3
 -55.3 73.3
 -55.5 73.3
 -55.4 73.2
 -55.1 73.2
 -55.4 73.2
 -55.5 73.1
 -55.7 73.1
 -55.2 73.0
 -55.0 73.1
 -55.1 73.0
 -55.0 73.0
 -54.8 73.0
 -54.8 72.9
 -54.7 72.9
 -54.6 72.8
 -54.9 72.8
 -54.8 72.8
 -54.6 72.8
 -54.5 72.8
 -54.8 72.7
 -54.6 72.7
 -54.9 72.7
 -54.8 72.6
 -54.6 72.6
 -54.7 72.6
 -55.0 72.6
 -55.0 72.5
 -55.4 72.5
 -55.5 72.5
 -55.6 72.4
 -55.5 72.4
 -55.3 72.4
 -55.3 72.5
 -55.3 72.4
 -55.2 72.4
 -55.0 72.4
 -54.8 72.4
 -54.9 72.4
 -54.9 72.2
 -55.4 72.1
 -55.3 72.1
 -55.5 72.0
 -55.6 72.0
 -55.3 71.9
 -54.9 71.9
 -54.6 72.0
 -54.6 72.1
 -54.4 72.2
 -54.5 72.1
 -54.8 71.9
 -55.3 71.9
 -55.4 71.8
 -55.3 71.8
 -55.4 71.8
 -55.9 71.7
 -55.6 71.6
 -55.7 71.6
 -55.6 71.5
 -55.4 71.4
 -55.2 71.4
 -55.1 71.4
 -55.3 71.5
 -55.2 71.5
 -55.1 71.4
 -55.0 71.4
 -54.9 71.4
 -54.4 71.4
 -53.9 71.4
 -53.9 71.5
 -53.8 71.5
 -54.1 71.6
 -54.0 71.7
 -54.1 71.7
 -54.0 71.7
 -53.9 71.6
 -53.8 71.6
 -53.7 71.6
 -53.7 71.7
 -53.8 71.7
 -53.9 71.7
 -53.6 71.7
 -53.4 71.8
 -53.4 71.9
 -53.6 72.0
 -53.8 72.1
 -53.8 72.2
 -53.8 72.3
 -54.0 72.3
 -53.9 72.3
 -53.6 72.4
 -53.6 72.3
 -53.8 72.3
 -53.8 72.2
 -53.7 72.1
 -53.4 72.1
 -53.4 72.0
 -53.4 71.9
 -53.3 71.9
 -53.3 71.8
 -53.4 71.8
 -53.3 71.8
 -53.0 71.8
 -53.0 71.9
 -52.8 72.0
 -52.7 72.0
 -52.9 71.9
 -52.9 71.8
 -53.3 71.7
 -52.9 71.7
 -52.6 71.7
 -52.6 71.6
 -52.2 71.6
 -51.9 71.7
 -51.8 71.7
 -51.7 71.7
 -51.6 71.7
 -51.8 71.6
 -52.1 71.6
 -52.4 71.6
 -52.7 71.5
 -53.0 71.4
 -52.7 71.4
 -52.4 71.4
 -51.7 71.5
 -51.3 71.5
 -51.4 71.4
 -52.0 71.4
 -52.3 71.4
 -52.2 71.3
 -52.3 71.2
 -52.5 71.2
 -52.5 71.1
 -52.0 71.3
 -51.8 71.3
 -51.6 71.4
 -51.7 71.3
 -51.5 71.3
 -51.6 71.3
 -51.9 71.3
 -52.2 71.1
 -52.1 71.1
 -51.8 71.1
 -51.6 71.1
 -51.3 71.1
 -51.2 71.1
 -51.4 71.1
 -51.5 71.1
 -50.9 71.0
 -51.0 71.0
 -51.2 71.0
 -51.8 71.1
 -52.0 71.0
 -51.4 70.9
 -50.9 70.8
 -50.6 70.7
 -50.7 70.7
 -50.8 70.7
 -51.2 70.8
 -51.3 70.8
 -51.4 70.8
 -51.4 70.7
 -51.2 70.7
 -51.1 70.8
 -51.1 70.7
 -50.9 70.7
 -50.7 70.6
 -50.6 70.6
 -50.7 70.6
 -50.9 70.7
 -51.0 70.6
 -50.8 70.6
 -50.8 70.5
 -50.9 70.6
 -50.9 70.5
 -51.2 70.6
 -51.3 70.6
 -51.2 70.5
 -51.1 70.5
 -51.0 70.5
 -51.1 70.5
 -51.0 70.4
 -50.8 70.4
 -50.5 70.5
 -50.7 70.4
 -50.6 70.4
 -50.5 70.4
 -50.6 70.3
 -50.7 70.3
 -51.8 70.5
 -52.7 70.7
 -54.1 70.8
 -54.3 70.8
 -54.5 70.7
 -54.6 70.7
 -54.4 70.6
 -53.9 70.4
 -52.9 70.3
 -52.5 70.1
 -52.3 70.1
 -51.6 70.0
 -51.5 70.0
 -51.6 70.0
 -51.5 70.0
 -51.3 70.1
 -50.9 70.0
 -51.0 70.0
 -51.3 70.0
 -50.7 70.0
 -50.4 70.0
 -50.2 70.0
 -50.3 70.0
 -50.6 70.0
 -50.6 69.9
 -50.3 69.9
 -50.3 69.8
 -50.2 69.8
 -50.6 69.8
 -50.8 69.7
 -50.4 69.7
 -50.4 69.6
 -50.7 69.6
 -50.8 69.6
 -50.9 69.5
 -50.2 69.5
 -50.5 69.5
 -50.5 69.4
 -50.7 69.5
 -50.9 69.5
 -50.8 69.4
 -50.9 69.4
 -50.8 69.3
 -51.0 69.3
 -50.9 69.3
 -51.1 69.2
 -50.9 69.2
 -50.6 69.2
 -50.5 69.3
 -50.4 69.3
 -50.5 69.2
 -50.3 69.2
 -50.1 69.2
 -50.2 69.2
 -50.5 69.1
 -50.7 69.1
 -50.4 69.1
 -50.3 69.1
 -50.2 69.0
 -50.3 69.0
 -50.3 69.1
 -50.3 69.0
 -50.5 69.0
 -50.3 68.9
 -50.5 68.9
 -50.5 69.0
 -50.7 69.1
 -50.9 69.1
 -50.7 69.1
 -50.8 69.1
 -51.1 69.1
 -51.1 69.0
 -51.1 68.9
 -51.2 68.9
 -51.1 68.9
 -51.0 68.9
 -51.3 68.8
 -51.1 68.7
 -50.8 68.8
 -51.0 68.7
 -50.9 68.7
 -50.9 68.6
 -51.1 68.7
 -51.0 68.7
 -51.0 68.6
 -51.1 68.6
 -51.2 68.6
 -51.3 68.6
 -51.4 68.5
 -51.9 68.6
 -52.5 68.5
 -52.4 68.5
 -52.8 68.4
 -53.1 68.3
 -53.2 68.4
 -53.4 68.3
 -53.3 68.3
 -53.2 68.3
 -53.1 68.3
 -52.8 68.3
 -52.9 68.3
 -52.6 68.2
 -52.8 68.3
 -52.5 68.3
 -52.6 68.3
 -52.4 68.2
 -52.5 68.2
 -52.2 68.2
 -51.2 68.3
 -51.6 68.4
 -51.4 68.4
 -51.2 68.4
 -51.1 68.4
 -51.1 68.3
 -51.1 68.2
 -51.4 68.2
 -51.2 68.1
 -51.0 68.1
 -50.5 68.0
 -50.6 68.0
 -50.2 67.9
 -50.3 67.9
 -50.6 67.9
 -51.2 68.1
 -52.0 68.1
 -52.6 68.2
 -52.8 68.2
 -53.2 68.2
 -53.5 68.2
 -53.3 68.2
 -53.3 68.1
 -53.1 68.2
 -53.1 68.1
 -52.7 68.0
 -52.2 68.0
 -52.1 68.0
 -52.1 67.9
 -52.2 67.9
 -52.3 67.9
 -52.6 67.9
 -53.1 68.1
 -53.2 68.0
 -53.3 68.0
 -52.9 68.0
 -53.2 68.0
 -53.2 67.9
 -53.3 67.9
 -53.1 67.9
 -53.3 67.9
 -53.4 67.9
 -53.5 67.9
 -53.2 67.8
 -53.4 67.8
 -53.5 67.8
 -53.5 67.9
 -53.6 67.8
 -53.7 67.8
 -53.6 67.8
 -53.6 67.7
 -53.8 67.6
 -53.7 67.5
 -53.6 67.5
 -53.0 67.8
 -52.7 67.8
 -51.6 68.0
 -51.9 67.9
 -52.2 67.9
 -52.3 67.8
 -51.9 67.7
 -51.8 67.8
 -51.7 67.8
 -51.8 67.8
 -51.8 67.7
 -51.7 67.7
 -51.6 67.8
 -51.4 67.7
 -51.4 67.8
 -51.3 67.8
 -51.6 67.9
 -51.4 67.9
 -51.2 68.0
 -51.1 68.0
 -51.0 67.9
 -51.1 67.9
 -51.4 67.9
 -51.3 67.8
 -51.2 67.8
 -51.1 67.8
 -50.7 67.8
 -50.8 67.9
 -50.9 67.8
 -50.8 67.9
 -50.5 67.9
 -50.4 67.8
 -50.6 67.8
 -51.0 67.7
 -51.3 67.7
 -50.9 67.7
 -51.0 67.6
 -50.8 67.6
 -50.3 67.7
 -50.0 67.7
 -50.3 67.7
 -50.9 67.6
 -50.7 67.5
 -50.2 67.5
 -50.6 67.5
 -51.2 67.6
 -51.8 67.6
 -51.9 67.7
 -52.3 67.7
 -52.7 67.7
 -52.8 67.7
 -52.9 67.7
 -53.1 67.7
 -53.1 67.6
 -53.0 67.7
 -52.9 67.7
 -53.3 67.6
 -53.8 67.4
 -53.9 67.3
 -53.8 67.2
 -53.2 67.3
 -52.1 67.4
 -52.0 67.4
 -51.1 67.4
 -51.2 67.4
 -51.5 67.4
 -51.5 67.3
 -51.2 67.2
 -50.5 67.2
 -50.3 67.2
 -51.2 67.1
 -51.3 67.2
 -51.5 67.3
 -51.6 67.3
 -52.6 67.3
 -52.9 67.3
 -53.5 67.2
 -53.6 67.2
 -53.5 67.2
 -53.4 67.2
 -53.6 67.2
 -53.9 67.2
 -54.0 67.1
 -53.4 67.1
 -53.5 67.1
 -53.8 67.1
 -53.8 67.0
 -53.6 67.0
 -53.8 67.0
 -53.7 66.9
 -52.7 66.9
 -52.5 67.0
 -52.5 66.9
 -52.3 66.9
 -52.5 66.9
 -52.4 66.9
 -52.6 66.9
 -53.1 66.8
 -52.7 66.8
 -52.7 66.7
 -52.6 66.7
 -52.9 66.7
 -53.1 66.7
 -53.4 66.7
 -53.5 66.6
 -53.3 66.6
 -53.4 66.6
 -53.2 66.5
 -53.0 66.6
 -52.4 66.5
 -52.5 66.5
 -52.9 66.5
 -53.1 66.5
 -53.5 66.5
 -53.6 66.5
 -53.7 66.4
 -53.6 66.4
 -53.7 66.4
 -53.7 66.3
 -53.6 66.3
 -53.7 66.3
 -53.6 66.2
 -53.5 66.2
 -53.7 66.1
 -53.6 66.1
 -53.3 66.1
 -52.9 66.2
 -52.7 66.4
 -52.1 66.5
 -52.0 66.7
 -51.7 66.7
 -51.0 66.9
 -50.9 66.9
 -50.8 66.8
 -51.1 66.9
 -51.3 66.8
 -51.5 66.7
 -51.6 66.7
 -51.9 66.6
 -52.0 66.5
 -52.6 66.4
 -52.8 66.2
 -53.0 66.2
 -53.5 66.0
 -53.4 66.0
 -53.3 66.0
 -53.5 66.0
 -53.4 65.9
 -53.0 66.0
 -53.3 65.9
 -53.1 65.9
 -53.2 65.9
 -53.1 65.9
 -52.8 65.9
 -52.7 66.0
 -52.6 66.0
 -52.5 66.0
 -52.6 65.9
 -52.5 65.9
 -52.3 65.9
 -52.2 66.0
 -51.8 66.1
 -51.9 66.0
 -52.0 66.0
 -52.3 65.9
 -52.5 65.9
 -52.7 65.9
 -53.1 65.8
 -53.0 65.8
 -53.3 65.7
 -53.2 65.7
 -52.9 65.8
 -53.2 65.7
 -52.8 65.7
 -52.7 65.8
 -52.7 65.7
 -52.8 65.7
 -52.8 65.6
 -52.7 65.6
 -52.8 65.6
 -52.8 65.5
 -52.7 65.5
 -52.6 65.5
 -52.4 65.5
 -52.5 65.4
 -52.1 65.5
 -51.9 65.6
 -52.0 65.7
 -51.2 65.8
 -50.7 65.8
 -50.8 65.7
 -50.7 65.7
 -50.6 65.7
 -50.5 65.7
 -50.7 65.7
 -51.0 65.8
 -51.4 65.7
 -51.9 65.6
 -51.8 65.6
 -51.9 65.5
 -52.4 65.4
 -52.6 65.3
 -52.5 65.3
 -52.5 65.2
 -52.3 65.3
 -52.2 65.3
 -52.3 65.2
 -52.2 65.2
 -52.0 65.3
 -52.2 65.2
 -52.2 65.1
 -52.3 65.1
 -52.1 65.0
 -52.0 65.0
 -52.2 64.9
 -52.2 64.8
 -52.0 64.9
 -52.1 64.9
 -51.9 64.9
 -52.0 64.9
 -52.1 64.8
 -51.8 64.9
 -51.7 65.0
 -51.6 65.0
 -51.7 64.9
 -51.5 65.0
 -51.3 65.0
 -51.4 65.0
 -51.5 64.9
 -51.6 64.9
 -51.9 64.8
 -52.0 64.7
 -52.1 64.7
 -52.2 64.7
 -52.0 64.6
 -52.1 64.6
 -52.1 64.5
 -52.1 64.4
 -52.0 64.4
 -52.1 64.3
 -52.0 64.3
 -52.0 64.2
 -51.7 64.3
 -51.7 64.4
 -51.5 64.5
 -51.4 64.6
 -51.3 64.7
 -51.2 64.8
 -51.1 64.8
 -51.0 64.8
 -51.2 64.7
 -51.2 64.6
 -51.1 64.6
 -50.7 64.8
 -50.7 64.7
 -50.6 64.8
 -50.7 64.8
 -50.6 64.8
 -50.7 64.9
 -50.7 65.0
 -50.9 65.0
 -50.9 65.1
 -51.0 65.1
 -51.0 65.2
 -50.9 65.1
 -50.7 65.2
 -50.8 65.1
 -50.8 65.0
 -50.7 65.0
 -50.5 64.8
 -50.4 64.8
 -50.1 64.8
 -50.0 64.9
 -50.2 64.8
 -50.2 64.7
 -50.0 64.7
 -50.1 64.6
 -50.1 64.5
 -49.8 64.4
 -49.7 64.4
 -49.6 64.3
 -49.7 64.3
 -50.2 64.5
 -50.3 64.7
 -50.4 64.7
 -50.6 64.7
 -50.5 64.7
 -50.6 64.6
 -50.8 64.7
 -50.9 64.6
 -50.6 64.6
 -50.7 64.6
 -50.7 64.5
 -50.4 64.5
 -50.7 64.5
 -50.6 64.5
 -50.5 64.4
 -50.2 64.5
 -50.2 64.4
 -50.4 64.4
 -50.7 64.4
 -50.6 64.4
 -50.8 64.4
 -50.9 64.4
 -51.0 64.3
 -50.9 64.3
 -50.8 64.2
 -51.3 64.2
 -51.4 64.2
 -51.7 64.2
 -51.8 64.2
 -51.5 64.2
 -51.4 64.1
 -51.5 64.2
 -51.6 64.1
 -51.4 64.1
 -50.6 64.2
 -50.4 64.3
 -50.3 64.3
 -50.5 64.2
 -50.1 64.2
 -50.0 64.2
 -50.1 64.2
 -50.1 64.1
 -50.1 64.2
 -50.2 64.2
 -50.3 64.2
 -50.7 64.2
 -50.9 64.1
 -51.4 64.1
 -51.3 64.0
 -51.6 64.0
 -51.7 64.0
 -51.5 64.0
 -51.4 64.0
 -51.4 63.9
 -51.5 63.8
 -51.4 63.8
 -51.5 63.8
 -51.6 63.7
 -51.3 63.7
 -51.5 63.7
 -51.3 63.6
 -51.4 63.6
 -51.2 63.5
 -51.1 63.5
 -51.2 63.6
 -51.1 63.6
 -50.5 63.7
 -50.6 63.6
 -50.9 63.6
 -51.1 63.6
 -51.1 63.5
 -50.8 63.6
 -50.8 63.5
 -51.0 63.5
 -51.2 63.5
 -51.2 63.4
 -51.1 63.4
 -51.2 63.4
 -51.1 63.4
 -51.0 63.5
 -51.1 63.4
 -51.0 63.4
 -51.1 63.3
 -51.0 63.3
 -51.0 63.2
 -51.1 63.2
 -51.0 63.2
 -50.8 63.2
 -50.9 63.2
 -50.9 63.1
 -50.7 63.2
 -50.5 63.2
 -50.4 63.2
 -50.0 63.2
 -50.4 63.2
 -50.5 63.2
 -50.4 63.1
 -50.6 63.1
 -50.6 63.0
 -50.5 63.1
 -50.5 63.0
 -50.6 63.0
 -50.5 62.9
 -50.3 63.0
 -50.2 63.0
 -50.1 63.0
 -50.2 63.0
 -50.4 62.9
 -50.4 62.8
 -50.3 62.9
 -49.8 63.1
 -49.7 63.1
 -50.3 62.7
 -50.1 62.8
 -49.9 62.9
 -50.1 62.8
 -50.1 62.7
 -50.2 62.7
 -50.3 62.5
 -50.1 62.4
 -50.0 62.3
 -49.9 62.4
 -49.9 62.3
 -49.8 62.3
 -49.5 62.3
 -49.6 62.3
 -49.3 62.3
 -49.3 62.2
 -49.5 62.2
 -49.7 62.1
 -49.5 62.1
 -49.4 62.2
 -49.3 62.2
 -49.4 62.2
 -49.3 62.2
 -49.3 62.1
 -49.4 62.1
 -49.3 62.1
 -49.5 62.1
 -49.7 62.1
 -49.5 62.1
 -49.7 62.0
 -49.5 62.0
 -49.4 62.1
 -49.4 62.0
 -49.2 62.0
 -49.1 62.1
 -49.0 62.2
 -49.1 62.1
 -49.0 62.1
 -48.9 62.1
 -48.9 62.0
 -49.4 61.9
 -49.3 61.9
 -49.4 61.8
 -49.2 61.9
 -49.4 61.8
 -49.2 61.7
 -49.2 61.8
 -49.2 61.9
 -48.9 62.0
 -48.8 62.0
 -48.7 62.0
 -49.1 61.8
 -49.1 61.7
 -48.9 61.8
 -48.9 61.7
 -49.1 61.7
 -49.1 61.6
 -48.9 61.6
 -48.6 61.6
 -48.7 61.6
 -49.3 61.6
 -49.2 61.6
 -49.3 61.6
 -49.0 61.5
 -49.1 61.5
 -49.0 61.5
 -48.3 61.6
 -48.5 61.5
 -48.8 61.5
 -49.1 61.4
 -48.9 61.4
 -48.6 61.4
 -48.7 61.4
 -48.6 61.4
 -48.3 61.4
 -48.5 61.3
 -48.4 61.3
 -48.6 61.3
 -48.6 61.2
 -48.5 61.2
 -48.3 61.2
 -48.4 61.2
 -48.4 61.1
 -48.2 61.1
 -48.3 61.2
 -48.2 61.2
 -48.2 61.3
 -48.0 61.3
 -47.9 61.3
 -48.1 61.3
 -48.2 61.2
 -48.1 61.1
 -47.8 61.2
 -47.9 61.1
 -47.8 61.0
 -47.9 61.0
 -48.2 61.0
 -48.4 61.0
 -47.7 61.0
 -48.2 60.9
 -48.2 60.8
 -47.9 60.9
 -47.7 60.8
 -47.3 60.9
 -47.5 60.9
 -47.8 60.8
 -47.7 60.9
 -47.3 61.0
 -47.2 60.9
 -46.9 61.0
 -46.9 60.9
 -47.0 60.9
 -47.0 60.8
 -46.8 60.9
 -47.0 60.8
 -46.9 60.8
 -46.7 60.9
 -46.9 60.9
 -46.7 60.9
 -46.6 60.9
 -46.6 61.0
 -46.5 61.0
 -46.6 61.0
 -46.5 61.0
 -46.4 61.0
 -46.4 61.1
 -46.3 61.0
 -46.2 61.0
 -46.1 61.0
 -46.2 61.0
 -46.3 61.1
 -46.1 61.0
 -45.9 61.1
 -46.0 61.1
 -45.8 61.1
 -45.9 61.2
 -46.1 61.2
 -45.9 61.2
 -45.8 61.3
 -45.7 61.3
 -45.8 61.3
 -45.9 61.2
 -45.8 61.2
 -45.7 61.2
 -45.6 61.1
 -45.8 61.1
 -45.7 61.1
 -45.9 61.0
 -46.1 61.0
 -46.1 60.9
 -46.0 60.9
 -45.6 61.0
 -45.5 61.1
 -45.5 61.2
 -45.4 61.1
 -45.2 61.2
 -45.3 61.1
 -46.0 60.9
 -46.2 60.8
 -46.1 60.8
 -46.0 60.9
 -45.9 60.9
 -46.2 60.8
 -46.2 60.7
 -46.0 60.7
 -46.0 60.8
 -45.9 60.8
 -45.8 60.8
 -45.9 60.8
 -45.8 60.7
 -45.4 61.0
 -45.3 61.0
 -45.3 60.9
 -45.6 60.8
 -45.9 60.7
 -45.7 60.7
 -45.6 60.7
 -46.0 60.6
 -45.8 60.6
 -45.7 60.6
 -45.6 60.6
 -45.7 60.5
 -45.6 60.5
 -45.5 60.6
 -45.4 60.7
 -45.3 60.7
 -45.2 60.7
 -45.4 60.6
 -45.4 60.5
 -45.5 60.5
 -45.2 60.6
 -45.1 60.7
 -45.1 60.6
 -45.3 60.5
 -45.2 60.4
 -45.0 60.5
 -44.9 60.6
 -44.8 60.7
 -44.6 60.7
 -44.8 60.7
 -44.8 60.6
 -44.9 60.5
 -44.8 60.5
 -44.9 60.4
 -44.9 60.3
 -45.1 60.3
 -45.2 60.2
 -44.9 60.2
 -44.5 60.6
 -44.5 60.5
 -44.7 60.3
 -44.8 60.2
 -45.1 60.1
 -45.2 60.1
 -45.1 60.1
 -44.9 60.1
 -45.0 60.0
 -44.8 60.0
 -44.9 60.1
 -44.9 60.2
 -44.8 60.1
 -44.9 60.1
 -44.8 60.0
 -44.7 60.0
 -44.7 60.1
 -44.7 60.0
 -44.6 60.0
 -44.4 60.2
 -44.3 60.2
 -44.2 60.2
 -44.2 60.3
 -44.3 60.3
 -44.2 60.3
 -44.2 60.2
 -44.1 60.3
 -44.1 60.4
 -44.1 60.3
 -44.2 60.2
 -44.1 60.2
 -43.7 60.1
 -43.6 60.2
 -43.6 60.1
 -43.1 60.1
 -43.2 60.1
 -43.2 60.2
 -43.1 60.1
 -43.1 60.2
 -43.3 60.2
 -43.1 60.2
 -43.2 60.3
 -43.1 60.3
 -43.3 60.4
 -43.2 60.4
 -43.3 60.4
 -43.4 60.4
 -43.4 60.3
 -43.4 60.4
 -43.6 60.3
 -43.3 60.4
 -43.3 60.5
 -43.8 60.5
 -43.8 60.4
 -43.8 60.5
 -43.9 60.5
 -44.2 60.6
 -43.6 60.5
 -43.6 60.6
 -43.7 60.7
 -43.6 60.6
 -43.5 60.5
 -43.2 60.5
 -43.1 60.5
 -43.3 60.5
 -43.1 60.5
 -43.0 60.5
 -43.1 60.5
 -43.0 60.5
 -42.9 60.6
 -43.1 60.6
 -42.8 60.6
 -42.8 60.7
 -42.9 60.6
 -43.0 60.6
 -43.3 60.7
 -42.9 60.7
 -42.8 60.7
 -43.1 60.8
 -43.3 60.8
 -42.8 60.8
 -43.1 60.9
 -43.5 60.9
 -43.0 60.9
 -42.7 60.9
 -42.8 60.9
 -42.8 61.0
 -42.7 61.0
 -42.8 61.0
 -42.7 61.1
 -43.0 61.0
 -43.0 61.1
 -43.6 61.1
 -43.4 61.1
 -42.6 61.1
 -42.7 61.1
 -43.1 61.2
 -42.8 61.2
 -42.6 61.2
 -42.9 61.2
 -42.8 61.3
 -42.9 61.3
 -43.1 61.3
 -43.2 61.3
 -42.6 61.3
 -42.7 61.3
 -42.6 61.3
 -42.5 61.4
 -42.4 61.4
 -42.5 61.4
 -42.5 61.5
 -42.9 61.5
 -43.1 61.6
 -42.7 61.6
 -42.4 61.6
 -42.5 61.6
 -42.3 61.6
 -42.4 61.7
 -42.3 61.7
 -42.4 61.7
 -42.9 61.8
 -42.8 61.8
 -42.6 61.7
 -42.5 61.7
 -42.3 61.8
 -42.2 61.9
 -42.4 61.9
 -42.2 61.9
 -42.1 62.0
 -42.3 62.0
 -42.5 62.0
 -42.5 61.9
 -42.4 62.0
 -42.5 62.0
 -42.3 62.1
 -42.3 62.2
 -42.3 62.3
 -42.6 62.3
 -42.6 62.4
 -42.8 62.4
 -43.0 62.5
 -42.3 62.4
 -42.5 62.5
 -42.4 62.5
 -42.3 62.5
 -42.5 62.6
 -42.6 62.6
 -42.7 62.6
 -42.8 62.7
 -43.1 62.7
 -43.1 62.8
 -43.0 62.7
 -42.7 62.7
 -42.7 62.8
 -42.6 62.7
 -42.6 62.8
 -42.5 62.7
 -42.6 62.8
 -42.5 62.8
 -42.4 62.8
 -42.6 62.8
 -42.6 62.9
 -42.4 62.9
 -42.3 62.9
 -42.4 62.9
 -42.3 62.9
 -42.3 62.8
 -42.0 62.8
 -42.0 62.9
 -41.9 62.8
 -41.7 62.9
 -41.8 62.9
 -41.6 62.9
 -41.6 63.0
 -42.0 63.0
 -42.0 63.1
 -42.2 63.1
 -42.1 63.1
 -42.2 63.2
 -42.1 63.2
 -42.0 63.1
 -41.9 63.1
 -41.8 63.0
 -41.5 63.0
 -41.6 63.1
 -41.9 63.2
 -41.5 63.1
 -41.4 63.1
 -41.5 63.2
 -41.6 63.3
 -41.8 63.3
 -41.7 63.3
 -41.9 63.4
 -41.9 63.5
 -41.7 63.5
 -41.6 63.4
 -41.5 63.5
 -41.3 63.4
 -41.2 63.4
 -41.3 63.5
 -41.2 63.4
 -41.0 63.4
 -41.3 63.5
 -41.3 63.6
 -41.2 63.5
 -41.1 63.5
 -41.0 63.4
 -41.0 63.5
 -41.1 63.5
 -41.0 63.5
 -41.0 63.6
 -40.9 63.5
 -40.8 63.5
 -40.7 63.6
 -40.9 63.6
 -40.8 63.6
 -40.9 63.7
 -41.0 63.7
 -41.3 63.7
 -41.6 63.8
 -41.5 63.8
 -41.5 63.9
 -41.4 63.9
 -41.4 63.8
 -40.7 63.7
 -40.6 63.7
 -40.5 63.7
 -40.6 63.8
 -40.6 63.9
 -40.8 63.9
 -40.7 64.0
 -40.6 64.0
 -40.5 64.1
 -40.6 64.1
 -40.9 64.2
 -41.0 64.1
 -40.9 64.1
 -41.0 64.1
 -41.4 64.2
 -41.5 64.2
 -41.6 64.3
 -41.5 64.3
 -41.1 64.3
 -40.8 64.4
 -40.6 64.4
 -40.5 64.3
 -40.4 64.3
 -40.4 64.4
 -40.6 64.5
 -40.6 64.7
 -40.7 64.7
 -41.0 64.8
 -40.9 64.9
 -41.1 64.9
 -41.2 65.0
 -41.1 65.0
 -41.0 65.0
 -41.1 65.1
 -40.9 65.1
 -40.7 65.0
 -40.7 65.1
 -40.6 65.1
 -40.4 65.0
 -40.4 65.1
 -40.3 65.0
 -40.1 65.0
 -40.2 65.1
 -40.1 65.1
 -40.0 65.1
 -40.1 65.1
 -40.1 65.2
 -40.0 65.1
 -39.9 65.2
 -40.0 65.2
 -39.9 65.3
 -39.8 65.2
 -39.8 65.3
 -39.9 65.3
 -40.0 65.4
 -39.9 65.4
 -40.2 65.5
 -40.0 65.5
 -40.1 65.5
 -40.1 65.6
 -40.0 65.6
 -39.9 65.5
 -39.8 65.5
 -39.8 65.6
 -39.7 65.5
 -39.7 65.6
 -39.8 65.6
 -39.7 65.6
 -39.6 65.6
 -39.7 65.6
 -39.7 65.7
 -39.5 65.7
 -39.5 65.6
 -39.4 65.5
 -39.4 65.6
 -39.3 65.6
 -39.4 65.6
 -39.3 65.5
 -39.3 65.6
 -39.2 65.6
 -39.3 65.7
 -39.2 65.7
 -39.1 65.6
 -38.6 65.6
 -38.8 65.6
 -38.8 65.7
 -38.7 65.7
 -38.6 65.7
 -38.6 65.6
 -38.5 65.6
 -38.5 65.7
 -38.5 65.6
 -38.4 65.7
 -38.2 65.6
 -38.2 65.7
 -38.2 65.8
 -38.1 65.8
 -38.5 65.9
 -38.5 66.0
 -38.4 66.0
 -38.3 65.9
 -38.2 65.9
 -38.1 65.9
 -38.2 66.0
 -38.1 65.9
 -38.0 66.0
 -38.0 66.1
 -38.1 66.1
 -38.0 66.1
 -37.9 66.2
 -38.0 66.2
 -37.8 66.2
 -37.7 66.3
 -37.8 66.3
 -38.1 66.3
 -38.1 66.4
 -37.9 66.4
 -37.8 66.4
 -37.6 66.3
 -37.2 66.3
 -37.3 66.3
 -37.6 66.2
 -37.6 66.1
 -37.8 66.0
 -37.7 66.0
 -37.8 65.9
 -37.7 65.9
 -37.2 65.8
 -37.3 65.8
 -37.2 65.8
 -37.1 65.8
 -37.1 65.9
 -37.2 65.9
 -37.2 66.0
 -37.1 66.0
 -37.1 66.1
 -37.0 66.1
 -37.0 66.0
 -37.1 65.9
 -37.0 65.8
 -36.8 65.9
 -36.9 65.9
 -36.5 66.0
 -36.6 66.1
 -36.5 66.1
 -36.3 66.1
 -36.4 66.0
 -36.4 65.9
 -36.3 65.9
 -36.3 66.0
 -36.3 65.9
 -36.2 66.0
 -36.2 65.9
 -35.9 66.0
 -35.7 66.1
 -35.9 66.1
 -35.8 66.1
 -35.7 66.1
 -35.7 66.2
 -35.8 66.2
 -35.7 66.2
 -35.6 66.1
 -35.6 66.2
 -35.7 66.2
 -35.6 66.2
 -35.7 66.3
 -35.9 66.4
 -35.7 66.4
 -35.8 66.4
 -35.5 66.3
 -35.2 66.2
 -35.1 66.2
 -35.0 66.3
 -35.2 66.3
 -35.2 66.4
 -35.1 66.4
 -35.1 66.3
 -35.0 66.3
 -34.9 66.3
 -34.8 66.3
 -34.7 66.4
 -34.6 66.4
 -34.7 66.4
 -34.4 66.5
 -34.5 66.6
 -34.4 66.7
 -34.4 66.6
 -34.3 66.6
 -34.3 66.7
 -34.3 66.6
 -34.2 66.7
 -34.1 66.7
 -34.1 66.8
 -34.0 66.7
 -34.1 66.8
 -34.0 66.8
 -34.0 66.7
 -33.9 66.8
 -34.0 66.8
 -34.0 66.9
 -33.9 67.0
 -33.7 67.0
 -33.8 67.0
 -33.5 67.1
 -33.6 67.2
 -33.5 67.2
 -33.7 67.2
 -33.6 67.3
 -33.5 67.2
 -33.4 67.2
 -33.5 67.3
 -33.4 67.3
 -33.6 67.4
 -33.4 67.4
 -33.3 67.4
 -33.3 67.5
 -33.4 67.5
 -33.4 67.6
 -33.2 67.5
 -33.1 67.6
 -33.2 67.6
 -33.2 67.7
 -33.1 67.7
 -33.0 67.7
 -32.9 67.7
 -32.5 67.8
 -32.5 67.9
 -32.4 67.9
 -32.2 67.8
 -32.1 67.9
 -32.2 67.9
 -32.0 67.9
 -32.1 68.0
 -32.1 68.1
 -32.0 68.0
 -32.0 68.1
 -32.4 68.2
 -32.1 68.2
 -32.2 68.3
 -32.4 68.4
 -32.6 68.5
 -32.4 68.5
 -32.5 68.5
 -32.5 68.6
 -32.4 68.6
 -32.3 68.5
 -32.3 68.4
 -32.2 68.5
 -32.1 68.5
 -32.2 68.4
 -32.0 68.3
 -31.7 68.2
 -31.7 68.1
 -31.5 68.1
 -31.4 68.1
 -31.5 68.1
 -31.5 68.2
 -31.3 68.1
 -31.5 68.1
 -31.4 68.1
 -30.9 68.0
 -30.9 68.1
 -30.5 68.1
 -30.4 68.1
 -30.5 68.2
 -30.8 68.3
 -30.4 68.2
 -30.4 68.1
 -30.0 68.1
 -30.1 68.2
 -30.3 68.3
 -30.0 68.2
 -30.0 68.3
 -30.1 68.3
 -29.9 68.4
 -29.8 68.4
 -29.8 68.3
 -29.7 68.3
 -29.6 68.3
 -29.5 68.2
 -29.4 68.2
 -29.5 68.2
 -29.3 68.3
 -29.2 68.3
 -29.1 68.3
 -29.2 68.4
 -29.1 68.4
 -29.0 68.3
 -29.0 68.4
 -28.8 68.3
 -28.8 68.4
 -28.6 68.4
 -28.5 68.4
 -28.3 68.4
 -28.3 68.5
 -28.4 68.5
 -28.3 68.5
 -28.1 68.4
 -28.0 68.4
 -28.0 68.6
 -27.9 68.6
 -27.9 68.5
 -27.8 68.5
 -27.6 68.5
 -27.8 68.5
 -27.7 68.5
 -27.4 68.5
 -27.2 68.5
 -27.2 68.6
 -27.3 68.6
 -27.1 68.6
 -27.0 68.6
 -26.7 68.7
 -26.6 68.7
 -26.3 68.7
 -26.3 68.8
 -25.8 68.8
 -25.8 68.9
 -25.6 68.9
 -25.7 68.9
 -25.7 69.0
 -25.5 69.0
 -25.6 69.0
 -25.5 69.0
 -25.7 69.1
 -25.6 69.1
 -25.5 69.1
 -25.3 69.1
 -25.4 69.0
 -25.3 69.0
 -25.2 69.0
 -25.3 69.1
 -25.0 69.2
 -25.1 69.2
 -25.3 69.2
 -25.1 69.3
 -24.8 69.2
 -24.6 69.3
 -24.8 69.3
 -24.7 69.3
 -24.6 69.3
 -24.6 69.4
 -24.8 69.4
 -24.7 69.4
 -24.5 69.4
 -24.4 69.4
 -24.3 69.4
 -24.1 69.4
 -24.2 69.5
 -24.1 69.5
 -24.3 69.6
 -24.1 69.6
 -24.0 69.6
 -23.8 69.5
 -23.7 69.6
 -23.6 69.6
 -23.7 69.6
 -23.6 69.6
 -23.8 69.7
 -23.9 69.8
 -23.6 69.7
 -23.2 69.8
 -23.3 69.8
 -23.4 69.9
 -23.3 69.8
 -23.2 69.8
 -23.0 69.8
 -22.9 69.8
 -23.3 69.9
 -23.0 69.9
 -23.1 69.9
 -22.8 69.9
 -22.9 69.9
 -22.8 70.0
 -22.6 69.9
 -22.6 70.0
 -22.4 70.0
 -22.1 70.1
 -23.2 70.1
 -24.1 70.2
 -25.0 70.4
 -25.1 70.3
 -25.2 70.3
 -25.3 70.3
 -25.4 70.3
 -25.3 70.4
 -25.4 70.4
 -25.2 70.4
 -25.9 70.3
 -26.3 70.2
 -26.8 70.3
 -26.9 70.2
 -27.2 70.2
 -27.3 70.0
 -27.4 70.0
 -27.5 70.0
 -28.0 70.0
 -28.1 70.1
 -28.5 70.0
 -28.6 70.1
 -28.4 70.1
 -28.3 70.1
 -28.1 70.1
 -27.9 70.1
 -27.4 70.2
 -27.2 70.3
 -27.0 70.3
 -26.7 70.3
 -26.4 70.4
 -26.3 70.4
 -26.5 70.5
 -26.7 70.5
 -28.1 70.4
 -28.2 70.4
 -28.3 70.4
 -28.3 70.5
 -28.8 70.5
 -29.1 70.4
 -29.2 70.4
 -29.2 70.5
 -28.3 70.6
 -28.2 70.6
 -28.3 70.6
 -28.2 70.6
 -28.0 70.8
 -27.9 70.9
 -28.3 70.9
 -28.4 71.0
 -28.3 71.0
 -28.2 71.0
 -27.9 71.0
 -27.7 70.9
 -27.6 70.9
 -27.7 71.0
 -27.8 71.0
 -27.9 71.1
 -27.8 71.1
 -27.5 70.9
 -26.5 71.0
 -25.6 71.2
 -25.8 71.3
 -25.5 71.2
 -25.4 71.3
 -25.4 71.4
 -25.5 71.4
 -25.8 71.5
 -26.4 71.5
 -26.7 71.5
 -27.0 71.5
 -27.3 71.5
 -27.1 71.6
 -27.6 71.6
 -28.4 71.5
 -28.5 71.6
 -28.1 71.6
 -27.9 71.6
 -28.0 71.6
 -27.4 71.6
 -27.3 71.7
 -28.0 71.9
 -27.8 71.9
 -28.5 71.9
 -28.5 72.0
 -28.4 72.0
 -28.5 72.1
 -28.7 72.1
 -28.6 72.1
 -28.1 72.0
 -27.9 72.0
 -27.2 71.7
 -26.8 71.6
 -26.7 71.5
 -26.5 71.6
 -26.4 71.6
 -26.3 71.6
 -25.6 71.5
 -25.1 71.3
 -24.8 71.3
 -24.7 71.4
 -24.6 71.3
 -24.7 71.3
 -24.2 71.0
 -24.2 70.9
 -24.2 70.8
 -24.0 70.7
 -23.4 70.4
 -22.7 70.4
 -22.6 70.4
 -22.6 70.5
 -22.6 70.6
 -22.6 70.7
 -22.6 70.8
 -22.5 70.8
 -22.4 70.8
 -22.5 70.7
 -22.4 70.6
 -22.4 70.4
 -22.0 70.5
 -21.9 70.5
 -22.0 70.4
 -21.6 70.5
 -21.5 70.5
 -21.8 70.6
 -21.6 70.7
 -21.8 70.7
 -21.5 70.7
 -21.6 70.7
 -21.8 70.7
 -21.6 70.8
 -21.7 70.8
 -21.8 70.8
 -21.9 70.8
 -21.8 70.8
 -21.7 70.8
 -21.8 70.9
 -21.6 70.9
 -21.8 70.9
 -21.7 71.0
 -22.0 71.0
 -21.7 71.0
 -21.7 71.1
 -21.9 71.1
 -22.3 71.0
 -22.3 71.1
 -21.7 71.1
 -21.8 71.2
 -21.7 71.1
 -21.7 71.2
 -21.8 71.3
 -21.9 71.2
 -22.0 71.3
 -21.6 71.3
 -21.7 71.3
 -21.8 71.3
 -21.7 71.4
 -21.9 71.3
 -21.9 71.4
 -21.7 71.4
 -21.8 71.4
 -21.7 71.4
 -21.9 71.4
 -21.7 71.5
 -21.8 71.5
 -22.0 71.5
 -22.1 71.5
 -22.3 71.4
 -22.4 71.3
 -22.3 71.3
 -22.4 71.3
 -22.5 71.2
 -22.5 71.3
 -22.5 71.4
 -22.5 71.5
 -22.3 71.6
 -22.2 71.6
 -22.1 71.6
 -22.2 71.6
 -21.9 71.7
 -22.0 71.7
 -22.1 71.7
 -22.3 71.7
 -22.6 71.6
 -22.7 71.7
 -22.4 71.7
 -22.4 71.8
 -23.0 71.6
 -23.1 71.6
 -23.1 71.7
 -22.9 71.8
 -22.5 71.9
 -23.0 72.0
 -23.1 72.0
 -23.2 72.0
 -23.1 72.0
 -23.1 72.1
 -23.6 72.1
 -23.8 72.1
 -23.7 72.2
 -23.8 72.2
 -24.4 72.4
 -24.5 72.4
 -24.8 72.4
 -25.3 72.3
 -25.4 72.2
 -25.4 72.1
 -25.5 72.1
 -25.5 72.2
 -25.3 72.4
 -25.9 72.4
 -24.9 72.5
 -24.6 72.5
 -24.7 72.6
 -24.7 72.7
 -25.0 72.7
 -25.2 72.8
 -25.5 72.8
 -26.2 72.7
 -26.4 72.6
 -26.5 72.6
 -26.4 72.6
 -26.3 72.7
 -26.7 72.7
 -26.4 72.8
 -26.7 72.8
 -27.3 72.8
 -27.4 72.8
 -27.4 72.9
 -26.7 72.9
 -26.3 72.8
 -26.0 72.8
 -25.7 72.9
 -25.2 72.9
 -25.0 73.0
 -25.1 73.1
 -25.7 73.1
 -25.9 73.2
 -26.4 73.2
 -26.5 73.2
 -26.6 73.1
 -26.7 73.1
 -27.1 73.1
 -27.3 73.1
 -27.3 73.0
 -27.5 72.9
 -27.4 73.0
 -27.4 73.1
 -27.5 73.1
 -27.7 73.1
 -27.1 73.2
 -26.7 73.1
 -26.4 73.2
 -26.4 73.3
 -27.2 73.4
 -27.5 73.4
 -27.4 73.5
 -27.2 73.5
 -27.0 73.4
 -26.8 73.3
 -26.6 73.3
 -26.5 73.3
 -26.2 73.2
 -25.8 73.2
 -25.4 73.3
 -25.4 73.4
 -25.5 73.4
 -25.3 73.5
 -24.7 73.5
 -25.0 73.6
 -25.1 73.6
 -25.1 73.7
 -25.6 73.8
 -25.6 73.9
 -25.7 73.9
 -25.7 74.0
 -25.5 73.9
 -25.4 73.8
 -25.0 73.7
 -25.0 73.6
 -24.9 73.6
 -24.4 73.6
 -24.5 73.6
 -24.5 73.7
 -24.2 73.8
 -24.0 73.8
 -23.9 73.8
 -23.2 73.7
 -22.8 73.6
 -22.2 73.6
 -22.7 73.5
 -23.0 73.6
 -23.5 73.7
 -24.0 73.7
 -24.0 73.6
 -23.4 73.4
 -22.4 73.3
 -22.2 73.2
 -21.6 73.4
 -21.6 73.5
 -21.5 73.5
 -20.9 73.5
 -20.5 73.5
 -20.4 73.5
 -20.5 73.5
 -20.5 73.6
 -20.5 73.7
 -20.2 73.8
 -20.3 73.9
 -21.1 73.9
 -21.7 74.1
 -21.9 74.0
 -21.9 73.9
 -21.8 73.9
 -21.7 73.7
 -21.8 73.7
 -21.9 73.8
 -21.8 73.8
 -21.9 73.9
 -22.0 74.0
 -22.5 74.1
 -22.2 74.1
 -22.2 74.2
 -22.3 74.2
 -22.1 74.2
 -22.0 74.3
 -22.1 74.3
 -22.5 74.3
 -22.0 74.3
 -21.8 74.4
 -21.9 74.5
 -22.1 74.6
 -21.9 74.5
 -21.8 74.5
 -21.6 74.4
 -20.5 74.5
 -20.4 74.4
 -20.2 74.3
 -19.6 74.2
 -19.4 74.3
 -19.0 74.5
 -19.4 74.6
 -19.3 74.6
 -19.3 74.7
 -19.4 74.7
 -19.7 74.6
 -20.0 74.6
 -20.1 74.7
 -21.0 74.7
 -20.8 74.7
 -20.6 74.7
 -20.8 74.8
 -20.8 74.9
 -20.7 74.9
 -20.7 75.0
 -20.6 75.1
 -21.1 75.1
 -21.7 75.0
 -21.8 75.0
 -22.0 75.0
 -21.9 75.0
 -22.2 75.1
 -22.4 75.2
 -22.0 75.1
 -21.9 75.1
 -21.9 75.0
 -21.7 75.0
 -21.0 75.1
 -20.7 75.1
 -20.5 75.2
 -20.6 75.2
 -21.4 75.4
 -22.4 75.5
 -22.5 75.6
 -22.5 75.5
 -22.1 75.5
 -21.4 75.5
 -21.8 75.6
 -22.3 75.6
 -22.3 75.7
 -21.7 75.6
 -21.3 75.5
 -21.2 75.4
 -20.7 75.3
 -20.5 75.3
 -20.3 75.3
 -20.0 75.3
 -20.0 75.2
 -19.9 75.1
 -19.6 75.1
 -19.4 75.2
 -19.3 75.4
 -19.4 75.6
 -19.6 75.7
 -19.4 75.7
 -19.9 75.9
 -21.9 76.0
 -22.0 76.0
 -21.9 76.0
 -21.8 76.0
 -20.4 76.0
 -19.7 76.1
 -19.8 76.2
 -19.9 76.3
 -20.4 76.2
 -20.9 76.3
 -21.1 76.3
 -20.4 76.1
 -20.7 76.2
 -21.1 76.3
 -21.4 76.3
 -21.5 76.2
 -21.7 76.2
 -21.6 76.4
 -22.4 76.4
 -22.4 76.5
 -22.3 76.5
 -22.2 76.5
 -21.9 76.4
 -21.7 76.4
 -21.7 76.5
 -22.0 76.5
 -21.7 76.5
 -21.8 76.6
 -22.0 76.5
 -22.1 76.6
 -21.8 76.6
 -21.9 76.6
 -22.2 76.6
 -22.3 76.6
 -22.3 76.5
 -22.5 76.6
 -22.7 76.7
 -22.6 76.7
 -22.3 76.7
 -22.3 76.8
 -22.5 76.8
 -22.3 76.9
 -22.1 76.8
 -21.9 76.8
 -21.7 76.7
 -21.6 76.6
 -21.6 76.7
 -21.2 76.8
 -21.1 76.8
 -20.8 76.8
 -21.3 76.9
 -21.7 76.9
 -21.1 76.9
 -20.8 76.9
 -20.6 76.9
 -20.7 77.0
 -21.0 76.9
 -20.8 77.0
 -19.9 77.0
 -19.1 76.8
 -18.9 76.9
 -18.5 76.7
 -18.5 76.8
 -18.2 76.9
 -18.1 76.9
 -18.2 77.3
 -18.3 77.3
 -18.4 77.3
 -19.0 77.4
 -19.1 77.3
 -19.0 77.2
 -19.4 77.2
 -19.4 77.3
 -19.5 77.3
 -19.8 77.4
 -20.7 77.4
 -20.8 77.4
 -20.2 77.5
 -21.1 77.5
 -20.4 77.5
 -20.7 77.5
 -20.5 77.6
 -20.2 77.6
 -20.3 77.6
 -20.9 77.7
 -20.6 77.7
 -20.4 77.7
 -20.3 77.7
 -20.0 77.7
 -19.5 77.6
 -19.3 77.6
 -19.0 77.6
 -19.2 77.8
 -19.4 77.8
 -20.0 77.8
 -20.6 77.9
 -20.6 78.0
 -20.9 78.0
 -21.0 78.0
 -21.4 77.8
 -21.4 77.7
 -21.3 77.6
 -21.5 77.6
 -21.7 77.5
 -21.7 77.6
 -21.4 77.7
 -22.0 77.7
 -21.9 77.8
 -21.8 77.8
 -21.6 78.0
 -21.8 77.9
 -21.4 78.1
 -21.8 78.1
 -21.5 78.1
 -21.4 78.1
 -21.3 78.2
 -21.4 78.3
 -21.1 78.5
 -21.2 78.5
 -20.9 78.6
 -21.4 78.6
 -21.4 78.7
 -20.9 78.7
 -21.2 78.7
 -21.1 78.7
 -21.1 78.8
 -21.0 78.8
 -21.2 78.8
 -21.0 78.8
 -20.8 78.8
 -20.7 78.9
 -20.2 78.9
 -20.0 78.9
 -19.9 78.9
 -19.9 79.0
 -20.1 79.1
 -19.9 79.1
 -19.6 79.1
 -19.5 79.1
 -19.5 79.2
 -19.6 79.2
 -19.5 79.2
 -19.3 79.3
 -19.2 79.3
 -19.3 79.3
 -19.3 79.2
 -19.1 79.2
 -19.2 79.2
 -19.2 79.3
 -19.0 79.3
 -19.6 79.3
 -19.7 79.3
 -19.7 79.2
 -19.8 79.1
 -19.9 79.2
 -19.7 79.3
 -19.6 79.4
 -19.8 79.5
 -19.7 79.5
 -19.6 79.6
 -19.4 79.7
 -19.2 79.8
 -18.4 79.7
 -18.2 79.8
 -17.9 79.9
 -17.5 80.1
 -17.6 80.1
 -17.8 80.1
 -18.3 80.1
 -19.0 80.1
 -19.3 80.1
 -20.0 80.0
 -20.3 79.9
 -20.2 79.9
 -20.2 79.8
 -19.9 79.8
 -20.2 79.8
 -20.4 79.8
 -20.3 79.8
 -20.4 79.9
 -20.7 79.9
 -20.5 80.0
 -20.6 80.0
 -20.4 80.1
 -20.6 80.1
 -20.1 80.2
 -20.0 80.2
 -19.8 80.3
 -19.5 80.3
 -18.4 80.2
 -17.3 80.2
 -16.9 80.3
 -16.6 80.3
 -16.8 80.4
 -16.6 80.4
 -16.7 80.4
 -16.6 80.4
 -16.1 80.5
 -16.2 80.5
 -17.4 80.6
 -18.1 80.5
 -18.8 80.6
 -19.0 80.6
 -19.9 80.6
 -20.1 80.6
 -20.3 80.6
 -20.8 80.5
 -20.8 80.6
 -21.2 80.6
 -20.6 80.6
 -20.2 80.7
 -19.6 80.7
 -18.8 80.6
 -18.5 80.6
 -18.0 80.7
 -18.1 80.8
 -17.9 80.8
 -17.7 80.7
 -16.1 80.7
 -15.9 80.8
 -14.7 80.9
 -14.9 81.0
 -15.1 81.1
 -14.6 81.1
 -14.2 81.1
 -13.7 81.2
 -13.7 81.3
 -13.5 81.3
 -13.2 81.3
 -13.1 81.4
 -12.4 81.5
 -12.2 81.6
 -12.9 81.7
 -14.8 81.9
 -16.7 81.9
 -16.9 81.9
 -16.8 81.9
 -16.9 81.9
 -17.5 81.9
 -17.5 81.8
 -17.5 81.7
 -17.3 81.7
 -17.8 81.7
 -17.9 81.7
 -17.8 81.6
 -17.6 81.6
 -17.8 81.6
 -18.2 81.6
 -18.0 81.5
 -18.1 81.5
 -18.0 81.5
 -18.4 81.4
 -18.7 81.5
 -18.8 81.5
 -18.9 81.5
 -19.0 81.5
 -19.5 81.6
 -20.3 81.4
 -20.3 81.5
 -20.2 81.6
 -20.3 81.6
 -20.2 81.6
 -20.1 81.6
 -19.9 81.7
 -20.7 81.6
 -21.4 81.4
 -21.5 81.3
 -22.7 81.0
 -23.3 80.9
 -23.6 80.9
 -23.5 80.8
 -23.7 80.8
 -23.7 80.7
 -24.4 80.5
 -24.5 80.5
 -24.5 80.6
 -24.1 80.7
 -24.2 80.7
 -24.4 80.7
 -24.0 80.7
 -23.8 80.8
 -23.9 80.8
 -23.8 80.8
 -23.9 80.9
 -23.0 81.2
 -22.8 81.3
 -23.0 81.3
 -22.6 81.3
 -22.2 81.5
 -22.0 81.8
 -22.0 81.9
 -22.3 82.1
 -22.6 82.1
 -23.6 82.0
 -24.0 82.0
 -24.1 81.9
 -24.1 81.8
 -24.3 81.7
 -24.9 81.7
 -26.1 81.5
 -27.2 81.4
 -27.3 81.5
 -27.5 81.5
 -27.6 81.5
 -27.2 81.5
 -25.9 81.7
 -25.4 81.8
 -25.2 81.8
 -25.2 81.9
 -25.3 81.9
 -25.2 82.0
 -28.3 82.0
 -29.4 82.0
 -29.5 81.9
 -29.4 81.9
 -29.6 81.9
 -29.8 81.9
 -29.7 81.9
 -31.6 81.8
 -32.4 81.7
 -32.9 81.7
 -33.0 81.7
 -33.1 81.7
 -33.0 81.7
 -33.0 81.8
 -33.1 81.8
 -33.0 81.8
 -32.2 81.9
 -29.9 82.1
 -30.1 82.1
 -30.5 82.2
 -30.9 82.2
 -30.6 82.2
 -29.3 82.1
 -28.0 82.2
 -25.1 82.2
 -24.6 82.2
 -23.8 82.3
 -23.0 82.3
 -22.5 82.3
 -22.2 82.4
 -22.3 82.4
 -21.4 82.6
 -21.3 82.6
 -22.0 82.7
 -22.6 82.8
 -22.7 82.8
 -23.1 82.8
 -23.3 82.8
 -23.7 82.8
 -23.8 82.8
 -24.0 82.8
 -23.9 82.8
 -24.0 82.9
 -23.8 82.9
 -24.0 82.9
 -25.7 82.8
 -25.1 82.9
 -24.8 83.0
 -24.9 83.0
 -25.0 83.1
 -24.8 83.1
 -25.0 83.2
 -25.2 83.2
 -26.7 83.1
 -28.3 83.1
 -29.3 83.1
 -30.0 83.1
 -31.4 83.0
 -31.6 83.0
 -31.6 82.9
 -31.7 82.9
 -31.7 83.0
 -31.8 83.0
 -33.0 83.0
 -33.5 82.9
 -33.7 82.9
 -33.7 82.8
 -33.9 82.8
 -33.8 82.8
 -33.8 82.9
 -33.9 82.9
 -34.7 82.9
 -35.2 82.9
 -35.3 82.8
 -35.4 82.8
 -35.4 82.7
 -35.5 82.7
 -35.6 82.8
 -35.3 82.9
 -33.0 83.0
 -32.7 83.0
 -32.5 83.1
 -32.9 83.1
 -33.0 83.1
 -33.5 83.1
 -33.3 83.1
 -33.0 83.1
 -32.0 83.1
 -30.8 83.1
 -30.5 83.2
 -29.3 83.2
 -27.1 83.1
 -26.0 83.2
 -25.7 83.3
 -26.1 83.4
 -27.4 83.5
 -28.3 83.5
 -28.4 83.5
 -28.1 83.4
 -28.6 83.4
 -28.9 83.5
 -28.5 83.5
 -29.0 83.5
 -29.1 83.5
 -29.3 83.5
 -30.2 83.6
 -32.3 83.6
 -32.2 83.6
 -33.0 83.6
 -33.9 83.6
 -34.1 83.6
 -33.7 83.5
 -33.9 83.5
 -34.3 83.5
 -34.3 83.6
 -34.4 83.6
 -34.5 83.5
 -34.7 83.6
 -35.2 83.5
 -36.1 83.6
 -36.7 83.5
 -36.8 83.5
 -36.9 83.5
 -36.5 83.4
 -36.7 83.4
 -36.4 83.4
 -36.5 83.4
 -37.5 83.5
 -37.9 83.5
 -38.0 83.5
 -37.9 83.5
 -38.1 83.4
 -37.8 83.4
 -38.8 83.4
 -38.7 83.4
 -38.8 83.3
 -38.7 83.3
 -38.9 83.3
 -38.5 83.2
 -37.6 83.2
 -37.5 83.2
 -37.4 83.1
 -38.6 83.1
 -38.8 83.0
 -37.6 83.0
 -38.9 83.0
 -39.1 83.0
 -38.8 82.9
 -38.7 82.8
 -38.5 82.8
 -38.6 82.8
 -38.6 82.7
 -38.7 82.8
 -38.9 82.8
 -39.0 82.9
 -39.5 83.0
 -40.5 83.0
 -41.5 83.1
 -41.9 83.1
 -41.7 83.2
 -42.0 83.2
 -42.7 83.3
 -42.9 83.2
 -44.0 83.2
 -43.3 83.1
 -44.7 83.2
 -44.7 83.1
 -45.1 83.2
 -45.3 83.1
 -45.4 83.2
 -45.5 83.1
 -45.1 83.0
 -43.7 82.9
 -43.5 82.9
 -44.4 82.9
 -44.8 83.0
 -45.1 82.9
 -45.1 83.0
 -45.9 83.1
 -46.5 83.1
 -46.7 83.0
 -46.8 83.0
 -46.9 83.0
 -46.4 82.9
 -45.9 82.8
 -45.0 82.8
 -44.9 82.9
 -44.7 82.8
 -41.8 82.8
 -40.1 82.7
 -39.9 82.7
 -39.9 82.6
 -40.0 82.6
 -39.8 82.5
 -39.9 82.5
 -39.9 82.4
 -39.8 82.4
 -39.9 82.4
 -40.1 82.4
 -40.0 82.5
 -40.2 82.6
 -40.6 82.6
 -41.3 82.7
 -41.7 82.7
 -41.9 82.7
 -41.6 82.6
 -41.7 82.6
 -41.6 82.5
 -41.7 82.5
 -41.9 82.5
 -41.8 82.6
 -41.8 82.7
 -42.1 82.7
 -42.2 82.7
 -42.1 82.8
 -43.2 82.8
 -45.6 82.8
 -45.7 82.8
 -45.3 82.7
 -44.5 82.5
 -44.4 82.5
 -43.8 82.4
 -43.7 82.4
 -43.9 82.4
 -43.9 82.3
 -43.3 82.3
 -42.8 82.3
 -42.3 82.2
 -44.1 82.3
 -44.4 82.3
 -44.7 82.3
 -44.8 82.2
 -44.6 82.1
 -44.4 82.1
 -44.9 82.0
 -44.5 82.0
 -44.5 81.9
 -44.7 81.9
 -44.6 81.9
 -44.2 81.8
 -44.6 81.8
 -45.1 81.8
 -45.7 81.9
 -46.0 82.0
 -46.4 82.1
 -47.6 82.2
 -47.9 82.3
 -48.7 82.3
 -49.0 82.4
 -49.6 82.5
 -50.8 82.5
 -51.1 82.5
 -51.1 82.4
 -50.8 82.3
 -50.7 82.2
 -50.6 82.2
 -49.4 81.9
 -49.6 81.9
 -49.8 81.9
 -51.0 82.0
 -51.1 81.9
 -50.9 81.9
 -50.6 81.8
 -50.5 81.8
 -50.0 81.7
 -49.6 81.6
 -49.9 81.6
 -50.2 81.6
 -50.2 81.7
 -51.4 81.9
 -52.3 82.0
 -52.8 82.0
 -53.0 82.0
 -52.9 81.9
 -53.1 81.8
 -53.5 81.7
 -53.5 81.6
 -53.5 81.5
 -53.6 81.5
 -53.8 81.6
 -53.8 81.7
 -53.5 81.9
 -53.6 82.0
 -53.6 82.1
 -54.1 82.3
 -54.5 82.4
 -55.5 82.3
 -55.3 82.3
 -55.2 82.2
 -55.1 82.2
 -55.3 82.2
 -56.0 82.3
 -56.1 82.2
 -56.3 82.2
 -56.4 82.2
 -56.6 82.2
 -59.5 82.0
 -59.4 82.0
 -58.6 81.9
 -58.5 81.9
 -58.4 81.8
 -58.1 81.7
 -57.5 81.6
 -57.1 81.5
 -57.0 81.5
 -56.6 81.4
 -56.4 81.3
 -56.5 81.3
 -57.5 81.5
 -57.6 81.6
 -58.4 81.6
 -58.7 81.7
 -58.8 81.7
 -58.7 81.8
 -58.8 81.9
 -60.1 81.9
 -61.2 81.8
 -61.4 81.8
 -61.5 81.8
 -61.4 81.7
 -60.8 81.5
 -61.3 81.4
 -61.2 81.3
 -61.0 81.2
 -60.9 81.2
 -61.5 81.1
 -62.2 81.2
 -63.0 81.2
 -63.4 81.2
 -63.4 81.1
 -63.2 81.0
 -62.7 80.8
 -62.8 80.8
 -63.4 81.0
 -63.5 81.1
 -63.6 81.1
 -63.7 81.1
 -63.9 81.1
 -64.8 81.0
 -64.7 80.9
 -65.0 80.9
 -65.0 80.8
 -65.1 80.8
 -65.7 80.7
 -66.0 80.7
 -66.5 80.6
 -66.7 80.6
 -66.8 80.5
 -66.7 80.5
 -67.4 80.3
 -67.5 80.3
 -67.4 80.2
 -67.5 80.2
 -67.1 80.1
 -66.7 80.1
 -66.4 80.1
 -66.1 80.0
 -65.5 80.0
 -65.3 80.1
 -65.0 80.1
 -64.5 80.1
 -64.3 80.1
 -64.3 80.2
 -64.2 80.2
 -64.1 80.2
 -63.8 80.1
 

-63.8 80.1
 -65.0 80.0
 -65.1 80.0
 -65.0 80.0
 -65.0 79.9
 -65.1 79.8
 -65.0 79.8
 -64.9 79.7
 -65.0 79.7
 -64.9 79.6
 -64.8 79.6
 -64.8 79.5
 -64.9 79.5
 -65.1 79.4
 -65.6 79.3
 -65.5 79.3
 -65.7 79.2
 -65.9 79.2
 -65.9 79.1
 -66.3 79.1
 -66.8 79.1
 -66.9 79.1
 -67.0 79.2
 -67.0 79.1
 -67.1 79.1
 -67.2 79.2
 -67.2 79.1
 -67.7 79.1
 -67.8 79.0
 -68.0 79.1
 -68.6 79.0
 -69.1 79.0
 -69.2 78.9
 -68.8 78.8
 -69.1 78.9
 -69.3 78.8
 -69.8 78.8
 -70.0 78.8
 -70.7 78.7
 -70.8 78.7
 -70.8 78.6
 -71.5 78.6
 -72.6 78.5
 -72.7 78.4
 -72.6 78.4
 -72.7 78.4
 -72.8 78.4
 -72.8 78.3
 -72.7 78.3
 -72.8 78.2
 -72.7 78.2
 -73.0 78.2
 -72.9 78.1
 -72.6 78.1
 -72.3 78.1
 -72.4 78.0
 -71.9 77.9
 -71.6 77.9
 -71.3 77.9
 -71.2 77.9
 -71.4 77.8
 -71.2 77.8
 -70.7 77.8
 -70.4 77.9
 -70.0 77.8
 -70.2 77.8
 -70.7 77.7
 -69.8 77.7
 -69.5 77.8
 -69.5 77.7
 -70.2 77.6
 -70.3 77.6
 -69.2 77.4
 -68.7 77.5
 -68.6 77.5
 -68.6 77.6
 -68.8 77.7
 -68.7 77.7
 -68.4 77.6
 -68.4 77.5
 -67.6 77.5
 -67.3 77.6
 -67.1 77.6
 -67.2 77.7
 -66.7 77.7
 -66.5 77.6
 -66.3 77.6
 -66.2 77.6
 -66.1 77.5
 -66.1 77.4
 -66.2 77.4
 -66.5 77.4
 -66.7 77.4
 -66.5 77.3
 -66.2 77.3
 -66.5 77.3
 -66.8 77.4
 -67.6 77.4
 -68.4 77.4
 -69.1 77.3
 -69.0 77.3
 -68.2 77.2
 -68.0 77.2
 -66.9 77.2
 -66.2 77.2
 -66.4 77.1
 -67.9 77.2
 -68.6 77.2
 -69.9 77.2
 -70.9 77.2
 -70.7 77.1
 -71.2 77.1
 -71.4 77.1
 -71.4 77.0
 -71.2 77.0
 -70.7 76.9
 -70.8 76.9
 -71.0 76.9
 -70.9 76.9
 -70.5 76.8
 -70.4 76.8
 -69.7 77.0
 -69.5 77.0
 -69.9 76.9
 -70.1 76.8
 -70.0 76.8
 -68.8 76.7
 -68.1 76.7
 -68.0 76.7
 -68.1 76.7
 -68.0 76.6
 -68.7 76.6
 -69.1 76.5
 -69.6 76.4
 -69.3 76.3
 -68.9 76.2
 -68.7 76.2
 -68.8 76.2
 -68.5 76.2
 -68.4 76.1
 -68.6 76.1
 -68.5 76.1
 -66.5 75.9
 -66.6 76.0
 -67.1 76.1
 -67.0 76.1
 -67.3 76.2
 -67.0 76.3
 -66.8 76.2
 -66.7 76.2
 -66.8 76.2
 -66.5 76.1
 -66.4 76.1
 -66.2 76.2
 -66.2 76.3
 -65.7 76.3
 -65.6 76.2
 -65.8 76.2
 -65.7 76.1
 -65.9 76.1
 -65.6 76.0
 -65.4 76.0
 -65.3 76.1
 -65.4 76.1
 -65.3 76.1
 -65.4 76.2
 -65.2 76.2
 -65.2 76.1
 -65.0 76.1
 -65.0 76.2
 -64.8 76.2
 -64.7 76.1
 -64.6 76.1
 -64.7 76.2
 -64.6 76.2
 -64.7 76.2
 -64.7 76.3
 -64.4 76.2
 -64.4 76.3
 -64.3 76.4
 -64.2 76.3
 -64.1 76.2
 -64.0 76.1
 -63.7 76.2
 -63.5 76.3
 -63.5 76.4
 -63.1 76.3
 -62.9 76.3
 -62.8 76.3
 -62.9 76.2
 -62.8 76.2
 -62.7 76.2
 -62.8 76.2
 -62.6 76.3
 -62.2 76.3
 -62.2 76.2
 -61.7 76.2
 -61.5 76.2
 -61.3 76.2
 -60.9 76.2
 -60.8 76.1
 -60.9 76.1
 -60.7 76.0
 -60.5 76.1
 -60.1 76.0
 -59.9 75.9
 -59.8 76.0
 -59.6 75.9
 -59.8 75.8
 -59.5 75.9
 -59.2 75.9
 -59.1 75.8
 -59.3 75.8
 -59.2 75.8
 -59.1 75.8
 -59.1 75.7
 -58.5 75.7
 -58.4 75.7
 -58.6 75.7
 -58.3 75.6
 -58.4 75.6
 -58.2 75.5
 -58.2 75.4
 -58.7 75.4
 -58.7 75.3
 -58.5 75.3
 -58.4 75.4
 -58.3 75.4
 -58.4 75.4
 -58.3 75.3
 -58.4 75.3
 -58.2 75.2
 -58.0 75.2
 -57.9 75.2
 -58.0 75.1
 -58.1 75.1
 -58.2 75.1
 -58.1 75.0
 -57.9 75.1
 -57.3 74.9
 -57.0 74.9
 -56.8 74.8
 -57.0 74.8
 -57.1 74.8
 -57.2 74.8
 -57.2 74.7
 -57.0 74.7
 -56.8 74.7
 -56.5 74.6
 -56.6 74.6
 -56.4 74.5
 -56.2 74.6
 -56.3 74.5
 -56.1 74.5
 -56.8 74.4
 -56.6 74.4
 -56.2 74.4
 -56.1 74.4
 -56.7 74.3
 -56.5 74.3
 -56.6 74.3
 -56.3 74.3
 -57.3 74.1
 -56.7 74.1
 -56.2 74.3
 -56.1 74.3
 -56.3 74.1
 -56.2 74.1
 -56.4 74.1
 -56.1 74.0
 -55.7 73.9
 -55.6 73.9
 -55.7 73.8
 -55.9 73.9
 -55.8 73.8
 -55.6 73.7
 -55.7 73.7
 -55.9 73.8
 -56.0 73.7
 -55.9 73.7
 -56.0 73.7
 -55.8 73.7
 -56.1 73.7
 -56.0 73.6
 -55.7 73.6
 -55.4 73.5
 -55.2 73.4
 -55.1 73.4
 -55.3 73.4
 -55.4 73.3
 -55.3 73.3
 -55.5 73.3
 -55.4 73.2
 -55.1 73.2
 -55.4 73.2
 -55.5 73.1
 -55.7 73.1
 -55.2 73.0
 -55.0 73.1
 -55.1 73.0
 -55.0 73.0
 -54.8 73.0
 -54.8 72.9
 -54.7 72.9
 -54.6 72.8
 -54.9 72.8
 -54.8 72.8
 -54.6 72.8
 -54.5 72.8
 -54.8 72.7
 -54.6 72.7
 -54.9 72.7
 -54.8 72.6
 -54.6 72.6
 -54.7 72.6
 -55.0 72.6
 -55.0 72.5
 -55.4 72.5
 -55.5 72.5
 -55.6 72.4
 -55.5 72.4
 -55.3 72.4
 -55.3 72.5
 -55.3 72.4
 -55.2 72.4
 -55.0 72.4
 -54.8 72.4
 -54.9 72.4
 -54.9 72.2
 -55.4 72.1
 -55.3 72.1
 -55.5 72.0
 -55.6 72.0
 -55.3 71.9
 -54.9 71.9
 -54.6 72.0
 -54.6 72.1
 -54.4 72.2
 -54.5 72.1
 -54.8 71.9
 -55.3 71.9
 -55.4 71.8
 -55.3 71.8
 -55.4 71.8
 -55.9 71.7
 -55.6 71.6
 -55.7 71.6
 -55.6 71.5
 -55.4 71.4
 -55.2 71.4
 -55.1 71.4
 -55.3 71.5
 -55.2 71.5
 -55.1 71.4
 -55.0 71.4
 -54.9 71.4
 -54.4 71.4
 -53.9 71.4
 -53.9 71.5
 -53.8 71.5
 -54.1 71.6
 -54.0 71.7
 -54.1 71.7
 -54.0 71.7
 -53.9 71.6
 -53.8 71.6
 -53.7 71.6
 -53.7 71.7
 -53.8 71.7
 -53.9 71.7
 -53.6 71.7
 -53.4 71.8
 -53.4 71.9
 -53.6 72.0
 -53.8 72.1
 -53.8 72.2
 -53.8 72.3
 -54.0 72.3
 -53.9 72.3
 -53.6 72.4
 -53.6 72.3
 -53.8 72.3
 -53.8 72.2
 -53.7 72.1
 -53.4 72.1
 -53.4 72.0
 -53.4 71.9
 -53.3 71.9
 -53.3 71.8
 -53.4 71.8
 -53.3 71.8
 -53.0 71.8
 -53.0 71.9
 -52.8 72.0
 -52.7 72.0
 -52.9 71.9
 -52.9 71.8
 -53.3 71.7
 -52.9 71.7
 -52.6 71.7
 -52.6 71.6
 -52.2 71.6
 -51.9 71.7
 -51.8 71.7
 -51.7 71.7
 -51.6 71.7
 -51.8 71.6
 -52.1 71.6
 -52.4 71.6
 -52.7 71.5
 -53.0 71.4
 -52.7 71.4
 -52.4 71.4
 -51.7 71.5
 -51.3 71.5
 -51.4 71.4
 -52.0 71.4
 -52.3 71.4
 -52.2 71.3
 -52.3 71.2
 -52.5 71.2
 -52.5 71.1
 -52.0 71.3
 -51.8 71.3
 -51.6 71.4
 -51.7 71.3
 -51.5 71.3
 -51.6 71.3
 -51.9 71.3
 -52.2 71.1
 -52.1 71.1
 -51.8 71.1
 -51.6 71.1
 -51.3 71.1
 -51.2 71.1
 -51.4 71.1
 -51.5 71.1
 -50.9 71.0
 -51.0 71.0
 -51.2 71.0
 -51.8 71.1
 -52.0 71.0
 -51.4 70.9
 -50.9 70.8
 -50.6 70.7
 -50.7 70.7
 -50.8 70.7
 -51.2 70.8
 -51.3 70.8
 -51.4 70.8
 -51.4 70.7
 -51.2 70.7
 -51.1 70.8
 -51.1 70.7
 -50.9 70.7
 -50.7 70.6
 -50.6 70.6
 -50.7 70.6
 -50.9 70.7
 -51.0 70.6
 -50.8 70.6
 -50.8 70.5
 -50.9 70.6
 -50.9 70.5
 -51.2 70.6
 -51.3 70.6
 -51.2 70.5
 -51.1 70.5
 -51.0 70.5
 -51.1 70.5
 -51.0 70.4
 -50.8 70.4
 -50.5 70.5
 -50.7 70.4
 -50.6 70.4
 -50.5 70.4
 -50.6 70.3
 -50.7 70.3
 -51.8 70.5
 -52.7 70.7
 -54.1 70.8
 -54.3 70.8
 -54.5 70.7
 -54.6 70.7
 -54.4 70.6
 -53.9 70.4
 -52.9 70.3
 -52.5 70.1
 -52.3 70.1
 -51.6 70.0
 -51.5 70.0
 -51.6 70.0
 -51.5 70.0
 -51.3 70.1
 -50.9 70.0
 -51.0 70.0
 -51.3 70.0
 -50.7 70.0
 -50.4 70.0
 -50.2 70.0
 -50.3 70.0
 -50.6 70.0
 -50.6 69.9
 -50.3 69.9
 -50.3 69.8
 -50.2 69.8
 -50.6 69.8
 -50.8 69.7
 -50.4 69.7
 -50.4 69.6
 -50.7 69.6
 -50.8 69.6
 -50.9 69.5
 -50.2 69.5
 -50.5 69.5
 -50.5 69.4
 -50.7 69.5
 -50.9 69.5
 -50.8 69.4
 -50.9 69.4
 -50.8 69.3
 -51.0 69.3
 -50.9 69.3
 -51.1 69.2
 -50.9 69.2
 -50.6 69.2
 -50.5 69.3
 -50.4 69.3
 -50.5 69.2
 -50.3 69.2
 -50.1 69.2
 -50.2 69.2
 -50.5 69.1
 -50.7 69.1
 -50.4 69.1
 -50.3 69.1
 -50.2 69.0
 -50.3 69.0
 -50.3 69.1
 -50.3 69.0
 -50.5 69.0
 -50.3 68.9
 -50.5 68.9
 -50.5 69.0
 -50.7 69.1
 -50.9 69.1
 -50.7 69.1
 -50.8 69.1
 -51.1 69.1
 -51.1 69.0
 -51.1 68.9
 -51.2 68.9
 -51.1 68.9
 -51.0 68.9
 -51.3 68.8
 -51.1 68.7
 -50.8 68.8
 -51.0 68.7
 -50.9 68.7
 -50.9 68.6
 -51.1 68.7
 -51.0 68.7
 -51.0 68.6
 -51.1 68.6
 -51.2 68.6
 -51.3 68.6
 -51.4 68.5
 -51.9 68.6
 -52.5 68.5
 -52.4 68.5
 -52.8 68.4
 -53.1 68.3
 -53.2 68.4
 -53.4 68.3
 -53.3 68.3
 -53.2 68.3
 -53.1 68.3
 -52.8 68.3
 -52.9 68.3
 -52.6 68.2
 -52.8 68.3
 -52.5 68.3
 -52.6 68.3
 -52.4 68.2
 -52.5 68.2
 -52.2 68.2
 -51.2 68.3
 -51.6 68.4
 -51.4 68.4
 -51.2 68.4
 -51.1 68.4
 -51.1 68.3
 -51.1 68.2
 -51.4 68.2
 -51.2 68.1
 -51.0 68.1
 -50.5 68.0
 -50.6 68.0
 -50.2 67.9
 -50.3 67.9
 -50.6 67.9
 -51.2 68.1
 -52.0 68.1
 -52.6 68.2
 -52.8 68.2
 -53.2 68.2
 -53.5 68.2
 -53.3 68.2
 -53.3 68.1
 -53.1 68.2
 -53.1 68.1
 -52.7 68.0
 -52.2 68.0
 -52.1 68.0
 -52.1 67.9
 -52.2 67.9
 -52.3 67.9
 -52.6 67.9
 -53.1 68.1
 -53.2 68.0
 -53.3 68.0
 -52.9 68.0
 -53.2 68.0
 -53.2 67.9
 -53.3 67.9
 -53.1 67.9
 -53.3 67.9
 -53.4 67.9
 -53.5 67.9
 -53.2 67.8
 -53.4 67.8
 -53.5 67.8
 -53.5 67.9
 -53.6 67.8
 -53.7 67.8
 -53.6 67.8
 -53.6 67.7
 -53.8 67.6
 -53.7 67.5
 -53.6 67.5
 -53.0 67.8
 -52.7 67.8
 -51.6 68.0
 -51.9 67.9
 -52.2 67.9
 -52.3 67.8
 -51.9 67.7
 -51.8 67.8
 -51.7 67.8
 -51.8 67.8
 -51.8 67.7
 -51.7 67.7
 -51.6 67.8
 -51.4 67.7
 -51.4 67.8
 -51.3 67.8
 -51.6 67.9
 -51.4 67.9
 -51.2 68.0
 -51.1 68.0
 -51.0 67.9
 -51.1 67.9
 -51.4 67.9
 -51.3 67.8
 -51.2 67.8
 -51.1 67.8
 -50.7 67.8
 -50.8 67.9
 -50.9 67.8
 -50.8 67.9
 -50.5 67.9
 -50.4 67.8
 -50.6 67.8
 -51.0 67.7
 -51.3 67.7
 -50.9 67.7
 -51.0 67.6
 -50.8 67.6
 -50.3 67.7
 -50.0 67.7
 -50.3 67.7
 -50.9 67.6
 -50.7 67.5
 -50.2 67.5
 -50.6 67.5
 -51.2 67.6
 -51.8 67.6
 -51.9 67.7
 -52.3 67.7
 -52.7 67.7
 -52.8 67.7
 -52.9 67.7
 -53.1 67.7
 -53.1 67.6
 -53.0 67.7
 -52.9 67.7
 -53.3 67.6
 -53.8 67.4
 -53.9 67.3
 -53.8 67.2
 -53.2 67.3
 -52.1 67.4
 -52.0 67.4
 -51.1 67.4
 -51.2 67.4
 -51.5 67.4
 -51.5 67.3
 -51.2 67.2
 -50.5 67.2
 -50.3 67.2
 -51.2 67.1
 -51.3 67.2
 -51.5 67.3
 -51.6 67.3
 -52.6 67.3
 -52.9 67.3
 -53.5 67.2
 -53.6 67.2
 -53.5 67.2
 -53.4 67.2
 -53.6 67.2
 -53.9 67.2
 -54.0 67.1
 -53.4 67.1
 -53.5 67.1
 -53.8 67.1
 -53.8 67.0
 -53.6 67.0
 -53.8 67.0
 -53.7 66.9
 -52.7 66.9
 -52.5 67.0
 -52.5 66.9
 -52.3 66.9
 -52.5 66.9
 -52.4 66.9
 -52.6 66.9
 -53.1 66.8
 -52.7 66.8
 -52.7 66.7
 -52.6 66.7
 -52.9 66.7
 -53.1 66.7
 -53.4 66.7
 -53.5 66.6
 -53.3 66.6
 -53.4 66.6
 -53.2 66.5
 -53.0 66.6
 -52.4 66.5
 -52.5 66.5
 -52.9 66.5
 -53.1 66.5
 -53.5 66.5
 -53.6 66.5
 -53.7 66.4
 -53.6 66.4
 -53.7 66.4
 -53.7 66.3
 -53.6 66.3
 -53.7 66.3
 -53.6 66.2
 -53.5 66.2
 -53.7 66.1
 -53.6 66.1
 -53.3 66.1
 -52.9 66.2
 -52.7 66.4
 -52.1 66.5
 -52.0 66.7
 -51.7 66.7
 -51.0 66.9
 -50.9 66.9
 -50.8 66.8
 -51.1 66.9
 -51.3 66.8
 -51.5 66.7
 -51.6 66.7
 -51.9 66.6
 -52.0 66.5
 -52.6 66.4
 -52.8 66.2
 -53.0 66.2
 -53.5 66.0
 -53.4 66.0
 -53.3 66.0
 -53.5 66.0
 -53.4 65.9
 -53.0 66.0
 -53.3 65.9
 -53.1 65.9
 -53.2 65.9
 -53.1 65.9
 -52.8 65.9
 -52.7 66.0
 -52.6 66.0
 -52.5 66.0
 -52.6 65.9
 -52.5 65.9
 -52.3 65.9
 -52.2 66.0
 -51.8 66.1
 -51.9 66.0
 -52.0 66.0
 -52.3 65.9
 -52.5 65.9
 -52.7 65.9
 -53.1 65.8
 -53.0 65.8
 -53.3 65.7
 -53.2 65.7
 -52.9 65.8
 -53.2 65.7
 -52.8 65.7
 -52.7 65.8
 -52.7 65.7
 -52.8 65.7
 -52.8 65.6
 -52.7 65.6
 -52.8 65.6
 -52.8 65.5
 -52.7 65.5
 -52.6 65.5
 -52.4 65.5
 -52.5 65.4
 -52.1 65.5
 -51.9 65.6
 -52.0 65.7
 -51.2 65.8
 -50.7 65.8
 -50.8 65.7
 -50.7 65.7
 -50.6 65.7
 -50.5 65.7
 -50.7 65.7
 -51.0 65.8
 -51.4 65.7
 -51.9 65.6
 -51.8 65.6
 -51.9 65.5
 -52.4 65.4
 -52.6 65.3
 -52.5 65.3
 -52.5 65.2
 -52.3 65.3
 -52.2 65.3
 -52.3 65.2
 -52.2 65.2
 -52.0 65.3
 -52.2 65.2
 -52.2 65.1
 -52.3 65.1
 -52.1 65.0
 -52.0 65.0
 -52.2 64.9
 -52.2 64.8
 -52.0 64.9
 -52.1 64.9
 -51.9 64.9
 -52.0 64.9
 -52.1 64.8
 -51.8 64.9
 -51.7 65.0
 -51.6 65.0
 -51.7 64.9
 -51.5 65.0
 -51.3 65.0
 -51.4 65.0
 -51.5 64.9
 -51.6 64.9
 -51.9 64.8
 -52.0 64.7
 -52.1 64.7
 -52.2 64.7
 -52.0 64.6
 -52.1 64.6
 -52.1 64.5
 -52.1 64.4
 -52.0 64.4
 -52.1 64.3
 -52.0 64.3
 -52.0 64.2
 -51.7 64.3
 -51.7 64.4
 -51.5 64.5
 -51.4 64.6
 -51.3 64.7
 -51.2 64.8
 -51.1 64.8
 -51.0 64.8
 -51.2 64.7
 -51.2 64.6
 -51.1 64.6
 -50.7 64.8
 -50.7 64.7
 -50.6 64.8
 -50.7 64.8
 -50.6 64.8
 -50.7 64.9
 -50.7 65.0
 -50.9 65.0
 -50.9 65.1
 -51.0 65.1
 -51.0 65.2
 -50.9 65.1
 -50.7 65.2
 -50.8 65.1
 -50.8 65.0
 -50.7 65.0
 -50.5 64.8
 -50.4 64.8
 -50.1 64.8
 -50.0 64.9
 -50.2 64.8
 -50.2 64.7
 -50.0 64.7
 -50.1 64.6
 -50.1 64.5
 -49.8 64.4
 -49.7 64.4
 -49.6 64.3
 -49.7 64.3
 -50.2 64.5
 -50.3 64.7
 -50.4 64.7
 -50.6 64.7
 -50.5 64.7
 -50.6 64.6
 -50.8 64.7
 -50.9 64.6
 -50.6 64.6
 -50.7 64.6
 -50.7 64.5
 -50.4 64.5
 -50.7 64.5
 -50.6 64.5
 -50.5 64.4
 -50.2 64.5
 -50.2 64.4
 -50.4 64.4
 -50.7 64.4
 -50.6 64.4
 -50.8 64.4
 -50.9 64.4
 -51.0 64.3
 -50.9 64.3
 -50.8 64.2
 -51.3 64.2
 -51.4 64.2
 -51.7 64.2
 -51.8 64.2
 -51.5 64.2
 -51.4 64.1
 -51.5 64.2
 -51.6 64.1
 -51.4 64.1
 -50.6 64.2
 -50.4 64.3
 -50.3 64.3
 -50.5 64.2
 -50.1 64.2
 -50.0 64.2
 -50.1 64.2
 -50.1 64.1
 -50.1 64.2
 -50.2 64.2
 -50.3 64.2
 -50.7 64.2
 -50.9 64.1
 -51.4 64.1
 -51.3 64.0
 -51.6 64.0
 -51.7 64.0
 -51.5 64.0
 -51.4 64.0
 -51.4 63.9
 -51.5 63.8
 -51.4 63.8
 -51.5 63.8
 -51.6 63.7
 -51.3 63.7
 -51.5 63.7
 -51.3 63.6
 -51.4 63.6
 -51.2 63.5
 -51.1 63.5
 -51.2 63.6
 -51.1 63.6
 -50.5 63.7
 -50.6 63.6
 -50.9 63.6
 -51.1 63.6
 -51.1 63.5
 -50.8 63.6
 -50.8 63.5
 -51.0 63.5
 -51.2 63.5
 -51.2 63.4
 -51.1 63.4
 -51.2 63.4
 -51.1 63.4
 -51.0 63.5
 -51.1 63.4
 -51.0 63.4
 -51.1 63.3
 -51.0 63.3
 -51.0 63.2
 -51.1 63.2
 -51.0 63.2
 -50.8 63.2
 -50.9 63.2
 -50.9 63.1
 -50.7 63.2
 -50.5 63.2
 -50.4 63.2
 -50.0 63.2
 -50.4 63.2
 -50.5 63.2
 -50.4 63.1
 -50.6 63.1
 -50.6 63.0
 -50.5 63.1
 -50.5 63.0
 -50.6 63.0
 -50.5 62.9
 -50.3 63.0
 -50.2 63.0
 -50.1 63.0
 -50.2 63.0
 -50.4 62.9
 -50.4 62.8
 -50.3 62.9
 -49.8 63.1
 -49.7 63.1
 -50.3 62.7
 -50.1 62.8
 -49.9 62.9
 -50.1 62.8
 -50.1 62.7
 -50.2 62.7
 -50.3 62.5
 -50.1 62.4
 -50.0 62.3
 -49.9 62.4
 -49.9 62.3
 -49.8 62.3
 -49.5 62.3
 -49.6 62.3
 -49.3 62.3
 -49.3 62.2
 -49.5 62.2
 -49.7 62.1
 -49.5 62.1
 -49.4 62.2
 -49.3 62.2
 -49.4 62.2
 -49.3 62.2
 -49.3 62.1
 -49.4 62.1
 -49.3 62.1
 -49.5 62.1
 -49.7 62.1
 -49.5 62.1
 -49.7 62.0
 -49.5 62.0
 -49.4 62.1
 -49.4 62.0
 -49.2 62.0
 -49.1 62.1
 -49.0 62.2
 -49.1 62.1
 -49.0 62.1
 -48.9 62.1
 -48.9 62.0
 -49.4 61.9
 -49.3 61.9
 -49.4 61.8
 -49.2 61.9
 -49.4 61.8
 -49.2 61.7
 -49.2 61.8
 -49.2 61.9
 -48.9 62.0
 -48.8 62.0
 -48.7 62.0
 -49.1 61.8
 -49.1 61.7
 -48.9 61.8
 -48.9 61.7
 -49.1 61.7
 -49.1 61.6
 -48.9 61.6
 -48.6 61.6
 -48.7 61.6
 -49.3 61.6
 -49.2 61.6
 -49.3 61.6
 -49.0 61.5
 -49.1 61.5
 -49.0 61.5
 -48.3 61.6
 -48.5 61.5
 -48.8 61.5
 -49.1 61.4
 -48.9 61.4
 -48.6 61.4
 -48.7 61.4
 -48.6 61.4
 -48.3 61.4
 -48.5 61.3
 -48.4 61.3
 -48.6 61.3
 -48.6 61.2
 -48.5 61.2
 -48.3 61.2
 -48.4 61.2
 -48.4 61.1
 -48.2 61.1
 -48.3 61.2
 -48.2 61.2
 -48.2 61.3
 -48.0 61.3
 -47.9 61.3
 -48.1 61.3
 -48.2 61.2
 -48.1 61.1
 -47.8 61.2
 -47.9 61.1
 -47.8 61.0
 -47.9 61.0
 -48.2 61.0
 -48.4 61.0
 -47.7 61.0
 -48.2 60.9
 -48.2 60.8
 -47.9 60.9
 -47.7 60.8
 -47.3 60.9
 -47.5 60.9
 -47.8 60.8
 -47.7 60.9
 -47.3 61.0
 -47.2 60.9
 -46.9 61.0
 -46.9 60.9
 -47.0 60.9
 -47.0 60.8
 -46.8 60.9
 -47.0 60.8
 -46.9 60.8
 -46.7 60.9
 -46.9 60.9
 -46.7 60.9
 -46.6 60.9
 -46.6 61.0
 -46.5 61.0
 -46.6 61.0
 -46.5 61.0
 -46.4 61.0
 -46.4 61.1
 -46.3 61.0
 -46.2 61.0
 -46.1 61.0
 -46.2 61.0
 -46.3 61.1
 -46.1 61.0
 -45.9 61.1
 -46.0 61.1
 -45.8 61.1
 -45.9 61.2
 -46.1 61.2
 -45.9 61.2
 -45.8 61.3
 -45.7 61.3
 -45.8 61.3
 -45.9 61.2
 -45.8 61.2
 -45.7 61.2
 -45.6 61.1
 -45.8 61.1
 -45.7 61.1
 -45.9 61.0
 -46.1 61.0
 -46.1 60.9
 -46.0 60.9
 -45.6 61.0
 -45.5 61.1
 -45.5 61.2
 -45.4 61.1
 -45.2 61.2
 -45.3 61.1
 -46.0 60.9
 -46.2 60.8
 -46.1 60.8
 -46.0 60.9
 -45.9 60.9
 -46.2 60.8
 -46.2 60.7
 -46.0 60.7
 -46.0 60.8
 -45.9 60.8
 -45.8 60.8
 -45.9 60.8
 -45.8 60.7
 -45.4 61.0
 -45.3 61.0
 -45.3 60.9
 -45.6 60.8
 -45.9 60.7
 -45.7 60.7
 -45.6 60.7
 -46.0 60.6
 -45.8 60.6
 -45.7 60.6
 -45.6 60.6
 -45.7 60.5
 -45.6 60.5
 -45.5 60.6
 -45.4 60.7
 -45.3 60.7
 -45.2 60.7
 -45.4 60.6
 -45.4 60.5
 -45.5 60.5
 -45.2 60.6
 -45.1 60.7
 -45.1 60.6
 -45.3 60.5
 -45.2 60.4
 -45.0 60.5
 -44.9 60.6
 -44.8 60.7
 -44.6 60.7
 -44.8 60.7
 -44.8 60.6
 -44.9 60.5
 -44.8 60.5
 -44.9 60.4
 -44.9 60.3
 -45.1 60.3
 -45.2 60.2
 -44.9 60.2
 -44.5 60.6
 -44.5 60.5
 -44.7 60.3
 -44.8 60.2
 -45.1 60.1
 -45.2 60.1
 -45.1 60.1
 -44.9 60.1
 -45.0 60.0
 -44.8 60.0
 -44.9 60.1
 -44.9 60.2
 -44.8 60.1
 -44.9 60.1
 -44.8 60.0
 -44.7 60.0
 -44.7 60.1
 -44.7 60.0
 -44.6 60.0
 -44.4 60.2
 -44.3 60.2
 -44.2 60.2
 -44.2 60.3
 -44.3 60.3
 -44.2 60.3
 -44.2 60.2
 -44.1 60.3
 -44.1 60.4
 -44.1 60.3
 -44.2 60.2
 -44.1 60.2
 -43.7 60.1
 -43.6 60.2
 -43.6 60.1
 -43.1 60.1
 -43.2 60.1
 -43.2 60.2
 -43.1 60.1
 -43.1 60.2
 -43.3 60.2
 -43.1 60.2
 -43.2 60.3
 -43.1 60.3
 -43.3 60.4
 -43.2 60.4
 -43.3 60.4
 -43.4 60.4
 -43.4 60.3
 -43.4 60.4
 -43.6 60.3
 -43.3 60.4
 -43.3 60.5
 -43.8 60.5
 -43.8 60.4
 -43.8 60.5
 -43.9 60.5
 -44.2 60.6
 -43.6 60.5
 -43.6 60.6
 -43.7 60.7
 -43.6 60.6
 -43.5 60.5
 -43.2 60.5
 -43.1 60.5
 -43.3 60.5
 -43.1 60.5
 -43.0 60.5
 -43.1 60.5
 -43.0 60.5
 -42.9 60.6
 -43.1 60.6
 -42.8 60.6
 -42.8 60.7
 -42.9 60.6
 -43.0 60.6
 -43.3 60.7
 -42.9 60.7
 -42.8 60.7
 -43.1 60.8
 -43.3 60.8
 -42.8 60.8
 -43.1 60.9
 -43.5 60.9
 -43.0 60.9
 -42.7 60.9
 -42.8 60.9
 -42.8 61.0
 -42.7 61.0
 -42.8 61.0
 -42.7 61.1
 -43.0 61.0
 -43.0 61.1
 -43.6 61.1
 -43.4 61.1
 -42.6 61.1
 -42.7 61.1
 -43.1 61.2
 -42.8 61.2
 -42.6 61.2
 -42.9 61.2
 -42.8 61.3
 -42.9 61.3
 -43.1 61.3
 -43.2 61.3
 -42.6 61.3
 -42.7 61.3
 -42.6 61.3
 -42.5 61.4
 -42.4 61.4
 -42.5 61.4
 -42.5 61.5
 -42.9 61.5
 -43.1 61.6
 -42.7 61.6
 -42.4 61.6
 -42.5 61.6
 -42.3 61.6
 -42.4 61.7
 -42.3 61.7
 -42.4 61.7
 -42.9 61.8
 -42.8 61.8
 -42.6 61.7
 -42.5 61.7
 -42.3 61.8
 -42.2 61.9
 -42.4 61.9
 -42.2 61.9
 -42.1 62.0
 -42.3 62.0
 -42.5 62.0
 -42.5 61.9
 -42.4 62.0
 -42.5 62.0
 -42.3 62.1
 -42.3 62.2
 -42.3 62.3
 -42.6 62.3
 -42.6 62.4
 -42.8 62.4
 -43.0 62.5
 -42.3 62.4
 -42.5 62.5
 -42.4 62.5
 -42.3 62.5
 -42.5 62.6
 -42.6 62.6
 -42.7 62.6
 -42.8 62.7
 -43.1 62.7
 -43.1 62.8
 -43.0 62.7
 -42.7 62.7
 -42.7 62.8
 -42.6 62.7
 -42.6 62.8
 -42.5 62.7
 -42.6 62.8
 -42.5 62.8
 -42.4 62.8
 -42.6 62.8
 -42.6 62.9
 -42.4 62.9
 -42.3 62.9
 -42.4 62.9
 -42.3 62.9
 -42.3 62.8
 -42.0 62.8
 -42.0 62.9
 -41.9 62.8
 -41.7 62.9
 -41.8 62.9
 -41.6 62.9
 -41.6 63.0
 -42.0 63.0
 -42.0 63.1
 -42.2 63.1
 -42.1 63.1
 -42.2 63.2
 -42.1 63.2
 -42.0 63.1
 -41.9 63.1
 -41.8 63.0
 -41.5 63.0
 -41.6 63.1
 -41.9 63.2
 -41.5 63.1
 -41.4 63.1
 -41.5 63.2
 -41.6 63.3
 -41.8 63.3
 -41.7 63.3
 -41.9 63.4
 -41.9 63.5
 -41.7 63.5
 -41.6 63.4
 -41.5 63.5
 -41.3 63.4
 -41.2 63.4
 -41.3 63.5
 -41.2 63.4
 -41.0 63.4
 -41.3 63.5
 -41.3 63.6
 -41.2 63.5
 -41.1 63.5
 -41.0 63.4
 -41.0 63.5
 -41.1 63.5
 -41.0 63.5
 -41.0 63.6
 -40.9 63.5
 -40.8 63.5
 -40.7 63.6
 -40.9 63.6
 -40.8 63.6
 -40.9 63.7
 -41.0 63.7
 -41.3 63.7
 -41.6 63.8
 -41.5 63.8
 -41.5 63.9
 -41.4 63.9
 -41.4 63.8
 -40.7 63.7
 -40.6 63.7
 -40.5 63.7
 -40.6 63.8
 -40.6 63.9
 -40.8 63.9
 -40.7 64.0
 -40.6 64.0
 -40.5 64.1
 -40.6 64.1
 -40.9 64.2
 -41.0 64.1
 -40.9 64.1
 -41.0 64.1
 -41.4 64.2
 -41.5 64.2
 -41.6 64.3
 -41.5 64.3
 -41.1 64.3
 -40.8 64.4
 -40.6 64.4
 -40.5 64.3
 -40.4 64.3
 -40.4 64.4
 -40.6 64.5
 -40.6 64.7
 -40.7 64.7
 -41.0 64.8
 -40.9 64.9
 -41.1 64.9
 -41.2 65.0
 -41.1 65.0
 -41.0 65.0
 -41.1 65.1
 -40.9 65.1
 -40.7 65.0
 -40.7 65.1
 -40.6 65.1
 -40.4 65.0
 -40.4 65.1
 -40.3 65.0
 -40.1 65.0
 -40.2 65.1
 -40.1 65.1
 -40.0 65.1
 -40.1 65.1
 -40.1 65.2
 -40.0 65.1
 -39.9 65.2
 -40.0 65.2
 -39.9 65.3
 -39.8 65.2
 -39.8 65.3
 -39.9 65.3
 -40.0 65.4
 -39.9 65.4
 -40.2 65.5
 -40.0 65.5
 -40.1 65.5
 -40.1 65.6
 -40.0 65.6
 -39.9 65.5
 -39.8 65.5
 -39.8 65.6
 -39.7 65.5
 -39.7 65.6
 -39.8 65.6
 -39.7 65.6
 -39.6 65.6
 -39.7 65.6
 -39.7 65.7
 -39.5 65.7
 -39.5 65.6
 -39.4 65.5
 -39.4 65.6
 -39.3 65.6
 -39.4 65.6
 -39.3 65.5
 -39.3 65.6
 -39.2 65.6
 -39.3 65.7
 -39.2 65.7
 -39.1 65.6
 -38.6 65.6
 -38.8 65.6
 -38.8 65.7
 -38.7 65.7
 -38.6 65.7
 -38.6 65.6
 -38.5 65.6
 -38.5 65.7
 -38.5 65.6
 -38.4 65.7
 -38.2 65.6
 -38.2 65.7
 -38.2 65.8
 -38.1 65.8
 -38.5 65.9
 -38.5 66.0
 -38.4 66.0
 -38.3 65.9
 -38.2 65.9
 -38.1 65.9
 -38.2 66.0
 -38.1 65.9
 -38.0 66.0
 -38.0 66.1
 -38.1 66.1
 -38.0 66.1
 -37.9 66.2
 -38.0 66.2
 -37.8 66.2
 -37.7 66.3
 -37.8 66.3
 -38.1 66.3
 -38.1 66.4
 -37.9 66.4
 -37.8 66.4
 -37.6 66.3
 -37.2 66.3
 -37.3 66.3
 -37.6 66.2
 -37.6 66.1
 -37.8 66.0
 -37.7 66.0
 -37.8 65.9
 -37.7 65.9
 -37.2 65.8
 -37.3 65.8
 -37.2 65.8
 -37.1 65.8
 -37.1 65.9
 -37.2 65.9
 -37.2 66.0
 -37.1 66.0
 -37.1 66.1
 -37.0 66.1
 -37.0 66.0
 -37.1 65.9
 -37.0 65.8
 -36.8 65.9
 -36.9 65.9
 -36.5 66.0
 -36.6 66.1
 -36.5 66.1
 -36.3 66.1
 -36.4 66.0
 -36.4 65.9
 -36.3 65.9
 -36.3 66.0
 -36.3 65.9
 -36.2 66.0
 -36.2 65.9
 -35.9 66.0
 -35.7 66.1
 -35.9 66.1
 -35.8 66.1
 -35.7 66.1
 -35.7 66.2
 -35.8 66.2
 -35.7 66.2
 -35.6 66.1
 -35.6 66.2
 -35.7 66.2
 -35.6 66.2
 -35.7 66.3
 -35.9 66.4
 -35.7 66.4
 -35.8 66.4
 -35.5 66.3
 -35.2 66.2
 -35.1 66.2
 -35.0 66.3
 -35.2 66.3
 -35.2 66.4
 -35.1 66.4
 -35.1 66.3
 -35.0 66.3
 -34.9 66.3
 -34.8 66.3
 -34.7 66.4
 -34.6 66.4
 -34.7 66.4
 -34.4 66.5
 -34.5 66.6
 -34.4 66.7
 -34.4 66.6
 -34.3 66.6
 -34.3 66.7
 -34.3 66.6
 -34.2 66.7
 -34.1 66.7
 -34.1 66.8
 -34.0 66.7
 -34.1 66.8
 -34.0 66.8
 -34.0 66.7
 -33.9 66.8
 -34.0 66.8
 -34.0 66.9
 -33.9 67.0
 -33.7 67.0
 -33.8 67.0
 -33.5 67.1
 -33.6 67.2
 -33.5 67.2
 -33.7 67.2
 -33.6 67.3
 -33.5 67.2
 -33.4 67.2
 -33.5 67.3
 -33.4 67.3
 -33.6 67.4
 -33.4 67.4
 -33.3 67.4
 -33.3 67.5
 -33.4 67.5
 -33.4 67.6
 -33.2 67.5
 -33.1 67.6
 -33.2 67.6
 -33.2 67.7
 -33.1 67.7
 -33.0 67.7
 -32.9 67.7
 -32.5 67.8
 -32.5 67.9
 -32.4 67.9
 -32.2 67.8
 -32.1 67.9
 -32.2 67.9
 -32.0 67.9
 -32.1 68.0
 -32.1 68.1
 -32.0 68.0
 -32.0 68.1
 -32.4 68.2
 -32.1 68.2
 -32.2 68.3
 -32.4 68.4
 -32.6 68.5
 -32.4 68.5
 -32.5 68.5
 -32.5 68.6
 -32.4 68.6
 -32.3 68.5
 -32.3 68.4
 -32.2 68.5
 -32.1 68.5
 -32.2 68.4
 -32.0 68.3
 -31.7 68.2
 -31.7 68.1
 -31.5 68.1
 -31.4 68.1
 -31.5 68.1
 -31.5 68.2
 -31.3 68.1
 -31.5 68.1
 -31.4 68.1
 -30.9 68.0
 -30.9 68.1
 -30.5 68.1
 -30.4 68.1
 -30.5 68.2
 -30.8 68.3
 -30.4 68.2
 -30.4 68.1
 -30.0 68.1
 -30.1 68.2
 -30.3 68.3
 -30.0 68.2
 -30.0 68.3
 -30.1 68.3
 -29.9 68.4
 -29.8 68.4
 -29.8 68.3
 -29.7 68.3
 -29.6 68.3
 -29.5 68.2
 -29.4 68.2
 -29.5 68.2
 -29.3 68.3
 -29.2 68.3
 -29.1 68.3
 -29.2 68.4
 -29.1 68.4
 -29.0 68.3
 -29.0 68.4
 -28.8 68.3
 -28.8 68.4
 -28.6 68.4
 -28.5 68.4
 -28.3 68.4
 -28.3 68.5
 -28.4 68.5
 -28.3 68.5
 -28.1 68.4
 -28.0 68.4
 -28.0 68.6
 -27.9 68.6
 -27.9 68.5
 -27.8 68.5
 -27.6 68.5
 -27.8 68.5
 -27.7 68.5
 -27.4 68.5
 -27.2 68.5
 -27.2 68.6
 -27.3 68.6
 -27.1 68.6
 -27.0 68.6
 -26.7 68.7
 -26.6 68.7
 -26.3 68.7
 -26.3 68.8
 -25.8 68.8
 -25.8 68.9
 -25.6 68.9
 -25.7 68.9
 -25.7 69.0
 -25.5 69.0
 -25.6 69.0
 -25.5 69.0
 -25.7 69.1
 -25.6 69.1
 -25.5 69.1
 -25.3 69.1
 -25.4 69.0
 -25.3 69.0
 -25.2 69.0
 -25.3 69.1
 -25.0 69.2
 -25.1 69.2
 -25.3 69.2
 -25.1 69.3
 -24.8 69.2
 -24.6 69.3
 -24.8 69.3
 -24.7 69.3
 -24.6 69.3
 -24.6 69.4
 -24.8 69.4
 -24.7 69.4
 -24.5 69.4
 -24.4 69.4
 -24.3 69.4
 -24.1 69.4
 -24.2 69.5
 -24.1 69.5
 -24.3 69.6
 -24.1 69.6
 -24.0 69.6
 -23.8 69.5
 -23.7 69.6
 -23.6 69.6
 -23.7 69.6
 -23.6 69.6
 -23.8 69.7
 -23.9 69.8
 -23.6 69.7
 -23.2 69.8
 -23.3 69.8
 -23.4 69.9
 -23.3 69.8
 -23.2 69.8
 -23.0 69.8
 -22.9 69.8
 -23.3 69.9
 -23.0 69.9
 -23.1 69.9
 -22.8 69.9
 -22.9 69.9
 -22.8 70.0
 -22.6 69.9
 -22.6 70.0
 -22.4 70.0
 -22.1 70.1
 -23.2 70.1
 -24.1 70.2
 -25.0 70.4
 -25.1 70.3
 -25.2 70.3
 -25.3 70.3
 -25.4 70.3
 -25.3 70.4
 -25.4 70.4
 -25.2 70.4
 -25.9 70.3
 -26.3 70.2
 -26.8 70.3
 -26.9 70.2
 -27.2 70.2
 -27.3 70.0
 -27.4 70.0
 -27.5 70.0
 -28.0 70.0
 -28.1 70.1
 -28.5 70.0
 -28.6 70.1
 -28.4 70.1
 -28.3 70.1
 -28.1 70.1
 -27.9 70.1
 -27.4 70.2
 -27.2 70.3
 -27.0 70.3
 -26.7 70.3
 -26.4 70.4
 -26.3 70.4
 -26.5 70.5
 -26.7 70.5
 -28.1 70.4
 -28.2 70.4
 -28.3 70.4
 -28.3 70.5
 -28.8 70.5
 -29.1 70.4
 -29.2 70.4
 -29.2 70.5
 -28.3 70.6
 -28.2 70.6
 -28.3 70.6
 -28.2 70.6
 -28.0 70.8
 -27.9 70.9
 -28.3 70.9
 -28.4 71.0
 -28.3 71.0
 -28.2 71.0
 -27.9 71.0
 -27.7 70.9
 -27.6 70.9
 -27.7 71.0
 -27.8 71.0
 -27.9 71.1
 -27.8 71.1
 -27.5 70.9
 -26.5 71.0
 -25.6 71.2
 -25.8 71.3
 -25.5 71.2
 -25.4 71.3
 -25.4 71.4
 -25.5 71.4
 -25.8 71.5
 -26.4 71.5
 -26.7 71.5
 -27.0 71.5
 -27.3 71.5
 -27.1 71.6
 -27.6 71.6
 -28.4 71.5
 -28.5 71.6
 -28.1 71.6
 -27.9 71.6
 -28.0 71.6
 -27.4 71.6
 -27.3 71.7
 -28.0 71.9
 -27.8 71.9
 -28.5 71.9
 -28.5 72.0
 -28.4 72.0
 -28.5 72.1
 -28.7 72.1
 -28.6 72.1
 -28.1 72.0
 -27.9 72.0
 -27.2 71.7
 -26.8 71.6
 -26.7 71.5
 -26.5 71.6
 -26.4 71.6
 -26.3 71.6
 -25.6 71.5
 -25.1 71.3
 -24.8 71.3
 -24.7 71.4
 -24.6 71.3
 -24.7 71.3
 -24.2 71.0
 -24.2 70.9
 -24.2 70.8
 -24.0 70.7
 -23.4 70.4
 -22.7 70.4
 -22.6 70.4
 -22.6 70.5
 -22.6 70.6
 -22.6 70.7
 -22.6 70.8
 -22.5 70.8
 -22.4 70.8
 -22.5 70.7
 -22.4 70.6
 -22.4 70.4
 -22.0 70.5
 -21.9 70.5
 -22.0 70.4
 -21.6 70.5
 -21.5 70.5
 -21.8 70.6
 -21.6 70.7
 -21.8 70.7
 -21.5 70.7
 -21.6 70.7
 -21.8 70.7
 -21.6 70.8
 -21.7 70.8
 -21.8 70.8
 -21.9 70.8
 -21.8 70.8
 -21.7 70.8
 -21.8 70.9
 -21.6 70.9
 -21.8 70.9
 -21.7 71.0
 -22.0 71.0
 -21.7 71.0
 -21.7 71.1
 -21.9 71.1
 -22.3 71.0
 -22.3 71.1
 -21.7 71.1
 -21.8 71.2
 -21.7 71.1
 -21.7 71.2
 -21.8 71.3
 -21.9 71.2
 -22.0 71.3
 -21.6 71.3
 -21.7 71.3
 -21.8 71.3
 -21.7 71.4
 -21.9 71.3
 -21.9 71.4
 -21.7 71.4
 -21.8 71.4
 -21.7 71.4
 -21.9 71.4
 -21.7 71.5
 -21.8 71.5
 -22.0 71.5
 -22.1 71.5
 -22.3 71.4
 -22.4 71.3
 -22.3 71.3
 -22.4 71.3
 -22.5 71.2
 -22.5 71.3
 -22.5 71.4
 -22.5 71.5
 -22.3 71.6
 -22.2 71.6
 -22.1 71.6
 -22.2 71.6
 -21.9 71.7
 -22.0 71.7
 -22.1 71.7
 -22.3 71.7
 -22.6 71.6
 -22.7 71.7
 -22.4 71.7
 -22.4 71.8
 -23.0 71.6
 -23.1 71.6
 -23.1 71.7
 -22.9 71.8
 -22.5 71.9
 -23.0 72.0
 -23.1 72.0
 -23.2 72.0
 -23.1 72.0
 -23.1 72.1
 -23.6 72.1
 -23.8 72.1
 -23.7 72.2
 -23.8 72.2
 -24.4 72.4
 -24.5 72.4
 -24.8 72.4
 -25.3 72.3
 -25.4 72.2
 -25.4 72.1
 -25.5 72.1
 -25.5 72.2
 -25.3 72.4
 -25.9 72.4
 -24.9 72.5
 -24.6 72.5
 -24.7 72.6
 -24.7 72.7
 -25.0 72.7
 -25.2 72.8
 -25.5 72.8
 -26.2 72.7
 -26.4 72.6
 -26.5 72.6
 -26.4 72.6
 -26.3 72.7
 -26.7 72.7
 -26.4 72.8
 -26.7 72.8
 -27.3 72.8
 -27.4 72.8
 -27.4 72.9
 -26.7 72.9
 -26.3 72.8
 -26.0 72.8
 -25.7 72.9
 -25.2 72.9
 -25.0 73.0
 -25.1 73.1
 -25.7 73.1
 -25.9 73.2
 -26.4 73.2
 -26.5 73.2
 -26.6 73.1
 -26.7 73.1
 -27.1 73.1
 -27.3 73.1
 -27.3 73.0
 -27.5 72.9
 -27.4 73.0
 -27.4 73.1
 -27.5 73.1
 -27.7 73.1
 -27.1 73.2
 -26.7 73.1
 -26.4 73.2
 -26.4 73.3
 -27.2 73.4
 -27.5 73.4
 -27.4 73.5
 -27.2 73.5
 -27.0 73.4
 -26.8 73.3
 -26.6 73.3
 -26.5 73.3
 -26.2 73.2
 -25.8 73.2
 -25.4 73.3
 -25.4 73.4
 -25.5 73.4
 -25.3 73.5
 -24.7 73.5
 -25.0 73.6
 -25.1 73.6
 -25.1 73.7
 -25.6 73.8
 -25.6 73.9
 -25.7 73.9
 -25.7 74.0
 -25.5 73.9
 -25.4 73.8
 -25.0 73.7
 -25.0 73.6
 -24.9 73.6
 -24.4 73.6
 -24.5 73.6
 -24.5 73.7
 -24.2 73.8
 -24.0 73.8
 -23.9 73.8
 -23.2 73.7
 -22.8 73.6
 -22.2 73.6
 -22.7 73.5
 -23.0 73.6
 -23.5 73.7
 -24.0 73.7
 -24.0 73.6
 -23.4 73.4
 -22.4 73.3
 -22.2 73.2
 -21.6 73.4
 -21.6 73.5
 -21.5 73.5
 -20.9 73.5
 -20.5 73.5
 -20.4 73.5
 -20.5 73.5
 -20.5 73.6
 -20.5 73.7
 -20.2 73.8
 -20.3 73.9
 -21.1 73.9
 -21.7 74.1
 -21.9 74.0
 -21.9 73.9
 -21.8 73.9
 -21.7 73.7
 -21.8 73.7
 -21.9 73.8
 -21.8 73.8
 -21.9 73.9
 -22.0 74.0
 -22.5 74.1
 -22.2 74.1
 -22.2 74.2
 -22.3 74.2
 -22.1 74.2
 -22.0 74.3
 -22.1 74.3
 -22.5 74.3
 -22.0 74.3
 -21.8 74.4
 -21.9 74.5
 -22.1 74.6
 -21.9 74.5
 -21.8 74.5
 -21.6 74.4
 -20.5 74.5
 -20.4 74.4
 -20.2 74.3
 -19.6 74.2
 -19.4 74.3
 -19.0 74.5
 -19.4 74.6
 -19.3 74.6
 -19.3 74.7
 -19.4 74.7
 -19.7 74.6
 -20.0 74.6
 -20.1 74.7
 -21.0 74.7
 -20.8 74.7
 -20.6 74.7
 -20.8 74.8
 -20.8 74.9
 -20.7 74.9
 -20.7 75.0
 -20.6 75.1
 -21.1 75.1
 -21.7 75.0
 -21.8 75.0
 -22.0 75.0
 -21.9 75.0
 -22.2 75.1
 -22.4 75.2
 -22.0 75.1
 -21.9 75.1
 -21.9 75.0
 -21.7 75.0
 -21.0 75.1
 -20.7 75.1
 -20.5 75.2
 -20.6 75.2
 -21.4 75.4
 -22.4 75.5
 -22.5 75.6
 -22.5 75.5
 -22.1 75.5
 -21.4 75.5
 -21.8 75.6
 -22.3 75.6
 -22.3 75.7
 -21.7 75.6
 -21.3 75.5
 -21.2 75.4
 -20.7 75.3
 -20.5 75.3
 -20.3 75.3
 -20.0 75.3
 -20.0 75.2
 -19.9 75.1
 -19.6 75.1
 -19.4 75.2
 -19.3 75.4
 -19.4 75.6
 -19.6 75.7
 -19.4 75.7
 -19.9 75.9
 -21.9 76.0
 -22.0 76.0
 -21.9 76.0
 -21.8 76.0
 -20.4 76.0
 -19.7 76.1
 -19.8 76.2
 -19.9 76.3
 -20.4 76.2
 -20.9 76.3
 -21.1 76.3
 -20.4 76.1
 -20.7 76.2
 -21.1 76.3
 -21.4 76.3
 -21.5 76.2
 -21.7 76.2
 -21.6 76.4
 -22.4 76.4
 -22.4 76.5
 -22.3 76.5
 -22.2 76.5
 -21.9 76.4
 -21.7 76.4
 -21.7 76.5
 -22.0 76.5
 -21.7 76.5
 -21.8 76.6
 -22.0 76.5
 -22.1 76.6
 -21.8 76.6
 -21.9 76.6
 -22.2 76.6
 -22.3 76.6
 -22.3 76.5
 -22.5 76.6
 -22.7 76.7
 -22.6 76.7
 -22.3 76.7
 -22.3 76.8
 -22.5 76.8
 -22.3 76.9
 -22.1 76.8
 -21.9 76.8
 -21.7 76.7
 -21.6 76.6
 -21.6 76.7
 -21.2 76.8
 -21.1 76.8
 -20.8 76.8
 -21.3 76.9
 -21.7 76.9
 -21.1 76.9
 -20.8 76.9
 -20.6 76.9
 -20.7 77.0
 -21.0 76.9
 -20.8 77.0
 -19.9 77.0
 -19.1 76.8
 -18.9 76.9
 -18.5 76.7
 -18.5 76.8
 -18.2 76.9
 -18.1 76.9
 -18.2 77.3
 -18.3 77.3
 -18.4 77.3
 -19.0 77.4
 -19.1 77.3
 -19.0 77.2
 -19.4 77.2
 -19.4 77.3
 -19.5 77.3
 -19.8 77.4
 -20.7 77.4
 -20.8 77.4
 -20.2 77.5
 -21.1 77.5
 -20.4 77.5
 -20.7 77.5
 -20.5 77.6
 -20.2 77.6
 -20.3 77.6
 -20.9 77.7
 -20.6 77.7
 -20.4 77.7
 -20.3 77.7
 -20.0 77.7
 -19.5 77.6
 -19.3 77.6
 -19.0 77.6
 -19.2 77.8
 -19.4 77.8
 -20.0 77.8
 -20.6 77.9
 -20.6 78.0
 -20.9 78.0
 -21.0 78.0
 -21.4 77.8
 -21.4 77.7
 -21.3 77.6
 -21.5 77.6
 -21.7 77.5
 -21.7 77.6
 -21.4 77.7
 -22.0 77.7
 -21.9 77.8
 -21.8 77.8
 -21.6 78.0
 -21.8 77.9
 -21.4 78.1
 -21.8 78.1
 -21.5 78.1
 -21.4 78.1
 -21.3 78.2
 -21.4 78.3
 -21.1 78.5
 -21.2 78.5
 -20.9 78.6
 -21.4 78.6
 -21.4 78.7
 -20.9 78.7
 -21.2 78.7
 -21.1 78.7
 -21.1 78.8
 -21.0 78.8
 -21.2 78.8
 -21.0 78.8
 -20.8 78.8
 -20.7 78.9
 -20.2 78.9
 -20.0 78.9
 -19.9 78.9
 -19.9 79.0
 -20.1 79.1
 -19.9 79.1
 -19.6 79.1
 -19.5 79.1
 -19.5 79.2
 -19.6 79.2
 -19.5 79.2
 -19.3 79.3
 -19.2 79.3
 -19.3 79.3
 -19.3 79.2
 -19.1 79.2
 -19.2 79.2
 -19.2 79.3
 -19.0 79.3
 -19.6 79.3
 -19.7 79.3
 -19.7 79.2
 -19.8 79.1
 -19.9 79.2
 -19.7 79.3
 -19.6 79.4
 -19.8 79.5
 -19.7 79.5
 -19.6 79.6
 -19.4 79.7
 -19.2 79.8
 -18.4 79.7
 -18.2 79.8
 -17.9 79.9
 -17.5 80.1
 -17.6 80.1
 -17.8 80.1
 -18.3 80.1
 -19.0 80.1
 -19.3 80.1
 -20.0 80.0
 -20.3 79.9
 -20.2 79.9
 -20.2 79.8
 -19.9 79.8
 -20.2 79.8
 -20.4 79.8
 -20.3 79.8
 -20.4 79.9
 -20.7 79.9
 -20.5 80.0
 -20.6 80.0
 -20.4 80.1
 -20.6 80.1
 -20.1 80.2
 -20.0 80.2
 -19.8 80.3
 -19.5 80.3
 -18.4 80.2
 -17.3 80.2
 -16.9 80.3
 -16.6 80.3
 -16.8 80.4
 -16.6 80.4
 -16.7 80.4
 -16.6 80.4
 -16.1 80.5
 -16.2 80.5
 -17.4 80.6
 -18.1 80.5
 -18.8 80.6
 -19.0 80.6
 -19.9 80.6
 -20.1 80.6
 -20.3 80.6
 -20.8 80.5
 -20.8 80.6
 -21.2 80.6
 -20.6 80.6
 -20.2 80.7
 -19.6 80.7
 -18.8 80.6
 -18.5 80.6
 -18.0 80.7
 -18.1 80.8
 -17.9 80.8
 -17.7 80.7
 -16.1 80.7
 -15.9 80.8
 -14.7 80.9
 -14.9 81.0
 -15.1 81.1
 -14.6 81.1
 -14.2 81.1
 -13.7 81.2
 -13.7 81.3
 -13.5 81.3
 -13.2 81.3
 -13.1 81.4
 -12.4 81.5
 -12.2 81.6
 -12.9 81.7
 -14.8 81.9
 -16.7 81.9
 -16.9 81.9
 -16.8 81.9
 -16.9 81.9
 -17.5 81.9
 -17.5 81.8
 -17.5 81.7
 -17.3 81.7
 -17.8 81.7
 -17.9 81.7
 -17.8 81.6
 -17.6 81.6
 -17.8 81.6
 -18.2 81.6
 -18.0 81.5
 -18.1 81.5
 -18.0 81.5
 -18.4 81.4
 -18.7 81.5
 -18.8 81.5
 -18.9 81.5
 -19.0 81.5
 -19.5 81.6
 -20.3 81.4
 -20.3 81.5
 -20.2 81.6
 -20.3 81.6
 -20.2 81.6
 -20.1 81.6
 -19.9 81.7
 -20.7 81.6
 -21.4 81.4
 -21.5 81.3
 -22.7 81.0
 -23.3 80.9
 -23.6 80.9
 -23.5 80.8
 -23.7 80.8
 -23.7 80.7
 -24.4 80.5
 -24.5 80.5
 -24.5 80.6
 -24.1 80.7
 -24.2 80.7
 -24.4 80.7
 -24.0 80.7
 -23.8 80.8
 -23.9 80.8
 -23.8 80.8
 -23.9 80.9
 -23.0 81.2
 -22.8 81.3
 -23.0 81.3
 -22.6 81.3
 -22.2 81.5
 -22.0 81.8
 -22.0 81.9
 -22.3 82.1
 -22.6 82.1
 -23.6 82.0
 -24.0 82.0
 -24.1 81.9
 -24.1 81.8
 -24.3 81.7
 -24.9 81.7
 -26.1 81.5
 -27.2 81.4
 -27.3 81.5
 -27.5 81.5
 -27.6 81.5
 -27.2 81.5
 -25.9 81.7
 -25.4 81.8
 -25.2 81.8
 -25.2 81.9
 -25.3 81.9
 -25.2 82.0
 -28.3 82.0
 -29.4 82.0
 -29.5 81.9
 -29.4 81.9
 -29.6 81.9
 -29.8 81.9
 -29.7 81.9
 -31.6 81.8
 -32.4 81.7
 -32.9 81.7
 -33.0 81.7
 -33.1 81.7
 -33.0 81.7
 -33.0 81.8
 -33.1 81.8
 -33.0 81.8
 -32.2 81.9
 -29.9 82.1
 -30.1 82.1
 -30.5 82.2
 -30.9 82.2
 -30.6 82.2
 -29.3 82.1
 -28.0 82.2
 -25.1 82.2
 -24.6 82.2
 -23.8 82.3
 -23.0 82.3
 -22.5 82.3
 -22.2 82.4
 -22.3 82.4
 -21.4 82.6
 -21.3 82.6
 -22.0 82.7
 -22.6 82.8
 -22.7 82.8
 -23.1 82.8
 -23.3 82.8
 -23.7 82.8
 -23.8 82.8
 -24.0 82.8
 -23.9 82.8
 -24.0 82.9
 -23.8 82.9
 -24.0 82.9
 -25.7 82.8
 -25.1 82.9
 -24.8 83.0
 -24.9 83.0
 -25.0 83.1
 -24.8 83.1
 -25.0 83.2
 -25.2 83.2
 -26.7 83.1
 -28.3 83.1
 -29.3 83.1
 -30.0 83.1
 -31.4 83.0
 -31.6 83.0
 -31.6 82.9
 -31.7 82.9
 -31.7 83.0
 -31.8 83.0
 -33.0 83.0
 -33.5 82.9
 -33.7 82.9
 -33.7 82.8
 -33.9 82.8
 -33.8 82.8
 -33.8 82.9
 -33.9 82.9
 -34.7 82.9
 -35.2 82.9
 -35.3 82.8
 -35.4 82.8
 -35.4 82.7
 -35.5 82.7
 -35.6 82.8
 -35.3 82.9
 -33.0 83.0
 -32.7 83.0
 -32.5 83.1
 -32.9 83.1
 -33.0 83.1
 -33.5 83.1
 -33.3 83.1
 -33.0 83.1
 -32.0 83.1
 -30.8 83.1
 -30.5 83.2
 -29.3 83.2
 -27.1 83.1
 -26.0 83.2
 -25.7 83.3
 -26.1 83.4
 -27.4 83.5
 -28.3 83.5
 -28.4 83.5
 -28.1 83.4
 -28.6 83.4
 -28.9 83.5
 -28.5 83.5
 -29.0 83.5
 -29.1 83.5
 -29.3 83.5
 -30.2 83.6
 -32.3 83.6
 -32.2 83.6
 -33.0 83.6
 -33.9 83.6
 -34.1 83.6
 -33.7 83.5
 -33.9 83.5
 -34.3 83.5
 -34.3 83.6
 -34.4 83.6
 -34.5 83.5
 -34.7 83.6
 -35.2 83.5
 -36.1 83.6
 -36.7 83.5
 -36.8 83.5
 -36.9 83.5
 -36.5 83.4
 -36.7 83.4
 -36.4 83.4
 -36.5 83.4
 -37.5 83.5
 -37.9 83.5
 -38.0 83.5
 -37.9 83.5
 -38.1 83.4
 -37.8 83.4
 -38.8 83.4
 -38.7 83.4
 -38.8 83.3
 -38.7 83.3
 -38.9 83.3
 -38.5 83.2
 -37.6 83.2
 -37.5 83.2
 -37.4 83.1
 -38.6 83.1
 -38.8 83.0
 -37.6 83.0
 -38.9 83.0
 -39.1 83.0
 -38.8 82.9
 -38.7 82.8
 -38.5 82.8
 -38.6 82.8
 -38.6 82.7
 -38.7 82.8
 -38.9 82.8
 -39.0 82.9
 -39.5 83.0
 -40.5 83.0
 -41.5 83.1
 -41.9 83.1
 -41.7 83.2
 -42.0 83.2
 -42.7 83.3
 -42.9 83.2
 -44.0 83.2
 -43.3 83.1
 -44.7 83.2
 -44.7 83.1
 -45.1 83.2
 -45.3 83.1
 -45.4 83.2
 -45.5 83.1
 -45.1 83.0
 -43.7 82.9
 -43.5 82.9
 -44.4 82.9
 -44.8 83.0
 -45.1 82.9
 -45.1 83.0
 -45.9 83.1
 -46.5 83.1
 -46.7 83.0
 -46.8 83.0
 -46.9 83.0
 -46.4 82.9
 -45.9 82.8
 -45.0 82.8
 -44.9 82.9
 -44.7 82.8
 -41.8 82.8
 -40.1 82.7
 -39.9 82.7
 -39.9 82.6
 -40.0 82.6
 -39.8 82.5
 -39.9 82.5
 -39.9 82.4
 -39.8 82.4
 -39.9 82.4
 -40.1 82.4
 -40.0 82.5
 -40.2 82.6
 -40.6 82.6
 -41.3 82.7
 -41.7 82.7
 -41.9 82.7
 -41.6 82.6
 -41.7 82.6
 -41.6 82.5
 -41.7 82.5
 -41.9 82.5
 -41.8 82.6
 -41.8 82.7
 -42.1 82.7
 -42.2 82.7
 -42.1 82.8
 -43.2 82.8
 -45.6 82.8
 -45.7 82.8
 -45.3 82.7
 -44.5 82.5
 -44.4 82.5
 -43.8 82.4
 -43.7 82.4
 -43.9 82.4
 -43.9 82.3
 -43.3 82.3
 -42.8 82.3
 -42.3 82.2
 -44.1 82.3
 -44.4 82.3
 -44.7 82.3
 -44.8 82.2
 -44.6 82.1
 -44.4 82.1
 -44.9 82.0
 -44.5 82.0
 -44.5 81.9
 -44.7 81.9
 -44.6 81.9
 -44.2 81.8
 -44.6 81.8
 -45.1 81.8
 -45.7 81.9
 -46.0 82.0
 -46.4 82.1
 -47.6 82.2
 -47.9 82.3
 -48.7 82.3
 -49.0 82.4
 -49.6 82.5
 -50.8 82.5
 -51.1 82.5
 -51.1 82.4
 -50.8 82.3
 -50.7 82.2
 -50.6 82.2
 -49.4 81.9
 -49.6 81.9
 -49.8 81.9
 -51.0 82.0
 -51.1 81.9
 -50.9 81.9
 -50.6 81.8
 -50.5 81.8
 -50.0 81.7
 -49.6 81.6
 -49.9 81.6
 -50.2 81.6
 -50.2 81.7
 -51.4 81.9
 -52.3 82.0
 -52.8 82.0
 -53.0 82.0
 -52.9 81.9
 -53.1 81.8
 -53.5 81.7
 -53.5 81.6
 -53.5 81.5
 -53.6 81.5
 -53.8 81.6
 -53.8 81.7
 -53.5 81.9
 -53.6 82.0
 -53.6 82.1
 -54.1 82.3
 -54.5 82.4
 -55.5 82.3
 -55.3 82.3
 -55.2 82.2
 -55.1 82.2
 -55.3 82.2
 -56.0 82.3
 -56.1 82.2
 -56.3 82.2
 -56.4 82.2
 -56.6 82.2
 -59.5 82.0
 -59.4 82.0
 -58.6 81.9
 -58.5 81.9
 -58.4 81.8
 -58.1 81.7
 -57.5 81.6
 -57.1 81.5
 -57.0 81.5
 -56.6 81.4
 -56.4 81.3
 -56.5 81.3
 -57.5 81.5
 -57.6 81.6
 -58.4 81.6
 -58.7 81.7
 -58.8 81.7
 -58.7 81.8
 -58.8 81.9
 -60.1 81.9
 -61.2 81.8
 -61.4 81.8
 -61.5 81.8
 -61.4 81.7
 -60.8 81.5
 -61.3 81.4
 -61.2 81.3
 -61.0 81.2
 -60.9 81.2
 -61.5 81.1
 -62.2 81.2
 -63.0 81.2
 -63.4 81.2
 -63.4 81.1
 -63.2 81.0
 -62.7 80.8
 -62.8 80.8
 -63.4 81.0
 -63.5 81.1
 -63.6 81.1
 -63.7 81.1
 -63.9 81.1
 -64.8 81.0
 -64.7 80.9
 -65.0 80.9
 -65.0 80.8
 -65.1 80.8
 -65.7 80.7
 -66.0 80.7
 -66.5 80.6
 -66.7 80.6
 -66.8 80.5
 -66.7 80.5
 -67.4 80.3
 -67.5 80.3
 -67.4 80.2
 -67.5 80.2
 -67.1 80.1
 -66.7 80.1
 -66.4 80.1
 -66.1 80.0
 -65.5 80.0
 -65.3 80.1
 -65.0 80.1
 -64.5 80.1
 -64.3 80.1
 -64.3 80.2
 -64.2 80.2
 -64.1 80.2
 -63.8 80.1
 

