-71.8 19.7
 -71.8 19.7
 -71.9 19.7
 -72.0 19.7
 -72.2 19.7
 -72.2 19.8
 -72.3 19.8
 -72.4 19.8
 -72.7 19.9
 -72.9 19.9
 -73.1 19.9
 -73.2 19.9
 -73.4 19.8
 -73.5 19.7
 -73.4 19.6
 -73.0 19.6
 -72.8 19.4
 -72.7 19.5
 -72.7 19.4
 -72.8 19.3
 -72.7 19.3
 -72.8 19.3
 -72.8 19.2
 -72.7 19.1
 -72.8 19.1
 -72.8 19.0
 -72.5 18.8
 -72.3 18.7
 -72.3 18.5
 -72.4 18.5
 -72.4 18.6
 -72.6 18.6
 -72.7 18.4
 -72.8 18.4
 -72.9 18.4
 -73.4 18.5
 -73.7 18.5
 -73.6 18.5
 -73.6 18.6
 -73.8 18.5
 -74.1 18.7
 -74.2 18.7
 -74.4 18.6
 -74.5 18.4
 -74.4 18.3
 -74.2 18.3
 -74.1 18.2
 -73.9 18.0
 -73.8 18.0
 -73.8 18.1
 -73.7 18.2
 -73.6 18.2
 -73.4 18.3
 -73.3 18.2
 -72.8 18.1
 -72.8 18.2
 -72.6 18.2
 -72.1 18.2
 -71.9 18.2
 -71.8 18.1
 -71.7 18.1
 -71.8 18.2
 -71.7 18.3
 -71.9 18.4
 -71.9 18.5
 -72.0 18.6
 -71.9 18.6
 -71.7 18.7
 -71.7 18.8
 -71.8 19.0
 -71.9 19.0
 -71.7 19.1
 -71.6 19.2
 -71.7 19.2
 -71.8 19.3
 -71.7 19.3
 -71.7 19.5
 -71.8 19.7
 

-71.8 19.7
 -71.8 19.7
 -71.9 19.7
 -72.0 19.7
 -72.2 19.7
 -72.2 19.8
 -72.3 19.8
 -72.4 19.8
 -72.7 19.9
 -72.9 19.9
 -73.1 19.9
 -73.2 19.9
 -73.4 19.8
 -73.5 19.7
 -73.4 19.6
 -73.0 19.6
 -72.8 19.4
 -72.7 19.5
 -72.7 19.4
 -72.8 19.3
 -72.7 19.3
 -72.8 19.3
 -72.8 19.2
 -72.7 19.1
 -72.8 19.1
 -72.8 19.0
 -72.5 18.8
 -72.3 18.7
 -72.3 18.5
 -72.4 18.5
 -72.4 18.6
 -72.6 18.6
 -72.7 18.4
 -72.8 18.4
 -72.9 18.4
 -73.4 18.5
 -73.7 18.5
 -73.6 18.5
 -73.6 18.6
 -73.8 18.5
 -74.1 18.7
 -74.2 18.7
 -74.4 18.6
 -74.5 18.4
 -74.4 18.3
 -74.2 18.3
 -74.1 18.2
 -73.9 18.0
 -73.8 18.0
 -73.8 18.1
 -73.7 18.2
 -73.6 18.2
 -73.4 18.3
 -73.3 18.2
 -72.8 18.1
 -72.8 18.2
 -72.6 18.2
 -72.1 18.2
 -71.9 18.2
 -71.8 18.1
 -71.7 18.1
 -71.8 18.2
 -71.7 18.3
 -71.9 18.4
 -71.9 18.5
 -72.0 18.6
 -71.9 18.6
 -71.7 18.7
 -71.7 18.8
 -71.8 19.0
 -71.9 19.0
 -71.7 19.1
 -71.6 19.2
 -71.7 19.2
 -71.8 19.3
 -71.7 19.3
 -71.7 19.5
 -71.8 19.7
 

