-77.2 17.7
 -77.1 17.7
 -77.2 17.8
 -77.1 17.9
 -77.0 17.8
 -76.9 17.8
 -76.9 17.9
 -76.8 18.0
 -76.7 17.9
 -76.6 17.9
 -76.3 17.9
 -76.2 17.9
 -76.3 18.1
 -76.6 18.2
 -76.8 18.3
 -77.3 18.5
 -77.9 18.5
 -78.0 18.4
 -78.2 18.4
 -78.4 18.3
 -78.3 18.2
 -78.2 18.2
 -78.0 18.2
 -78.0 18.1
 -77.8 18.0
 -77.8 17.9
 -77.7 17.8
 -77.4 17.9
 -77.3 17.8
 -77.2 17.7
 

-77.2 17.7
 -77.1 17.7
 -77.2 17.8
 -77.1 17.9
 -77.0 17.8
 -76.9 17.8
 -76.9 17.9
 -76.8 18.0
 -76.7 17.9
 -76.6 17.9
 -76.3 17.9
 -76.2 17.9
 -76.3 18.1
 -76.6 18.2
 -76.8 18.3
 -77.3 18.5
 -77.9 18.5
 -78.0 18.4
 -78.2 18.4
 -78.4 18.3
 -78.3 18.2
 -78.2 18.2
 -78.0 18.2
 -78.0 18.1
 -77.8 18.0
 -77.8 17.9
 -77.7 17.8
 -77.4 17.9
 -77.3 17.8
 -77.2 17.7
 

