-117.1 32.5
 -117.1 32.5
 -117.0 32.3
 -116.9 32.2
 -116.8 32.0
 -116.6 31.8
 -116.6 31.7
 -116.7 31.7
 -116.6 31.7
 -116.7 31.6
 -116.5 31.4
 -116.4 31.3
 -116.3 31.1
 -116.3 31.0
 -116.1 30.8
 -116.0 30.7
 -116.0 30.5
 -116.0 30.4
 -116.0 30.5
 -115.9 30.4
 -116.0 30.4
 -115.9 30.4
 -115.8 30.4
 -115.8 30.2
 -115.8 30.0
 -115.7 29.9
 -115.7 29.8
 -115.5 29.6
 -115.3 29.5
 -115.2 29.4
 -115.0 29.4
 -114.8 29.2
 -114.7 29.1
 -114.5 28.9
 -114.4 28.9
 -114.3 28.8
 -114.2 28.7
 -114.1 28.5
 -114.2 28.2
 -114.1 28.2
 -114.1 28.1
 -114.2 28.0
 -114.3 27.9
 -114.2 27.7
 -114.1 27.8
 -114.0 27.7
 -114.2 27.7
 -114.3 27.8
 -114.4 27.9
 -114.5 27.8
 -114.8 27.8
 -115.0 27.9
 -115.1 27.8
 -115.0 27.7
 -114.9 27.7
 -114.7 27.5
 -114.5 27.4
 -114.5 27.2
 -114.4 27.2
 -114.2 27.2
 -114.1 27.1
 -114.0 27.0
 -113.9 27.0
 -113.8 27.0
 -113.6 26.7
 -113.5 26.7
 -113.5 26.8
 -113.4 26.8
 -113.2 26.7
 -113.2 27.0
 -113.1 27.0
 -113.1 26.9
 -113.2 26.8
 -113.2 26.7
 -113.1 26.7
 -113.1 26.6
 -113.0 26.6
 -112.7 26.3
 -112.5 26.3
 -112.4 26.3
 -112.3 26.1
 -112.2 26.0
 -112.1 25.7
 -112.1 25.6
 -112.1 25.3
 -112.1 25.2
 -112.1 25.1
 -112.2 25.0
 -112.1 24.9
 -112.1 25.0
 -112.1 24.9
 -112.1 24.8
 -112.1 24.7
 -112.1 24.8
 -112.0 24.9
 -112.0 24.8
 -111.8 24.6
 -111.8 24.5
 -111.7 24.6
 -111.6 24.5
 -111.5 24.4
 -111.3 24.2
 -111.0 24.1
 -110.6 23.7
 -110.4 23.6
 -110.2 23.3
 -110.1 23.0
 -110.0 22.9
 -109.9 22.9
 -109.8 22.9
 -109.7 23.1
 -109.5 23.1
 -109.4 23.2
 -109.4 23.4
 -109.5 23.6
 -109.7 23.7
 -109.7 23.8
 -109.8 23.9
 -109.8 24.0
 -109.8 24.1
 -109.9 24.0
 -110.0 24.0
 -110.0 24.2
 -110.1 24.2
 -110.2 24.3
 -110.2 24.4
 -110.3 24.3
 -110.3 24.2
 -110.3 24.1
 -110.4 24.1
 -110.4 24.2
 -110.3 24.2
 -110.4 24.2
 -110.6 24.3
 -110.7 24.5
 -110.7 24.7
 -110.7 24.8
 -110.8 25.0
 -110.8 25.1
 -111.0 25.4
 -111.0 25.5
 -111.2 25.6
 -111.4 26.0
 -111.3 26.1
 -111.4 26.1
 -111.4 26.3
 -111.4 26.4
 -111.5 26.4
 -111.4 26.5
 -111.6 26.6
 -111.6 26.7
 -111.8 26.9
 -111.9 26.9
 -111.8 26.7
 -111.7 26.6
 -111.8 26.6
 -111.9 26.7
 -111.9 26.8
 -112.0 26.9
 -112.0 27.0
 -112.0 27.1
 -112.2 27.2
 -112.3 27.5
 -112.5 27.6
 -112.6 27.6
 -112.8 27.8
 -112.7 28.0
 -112.8 28.0
 -112.8 28.2
 -112.9 28.3
 -112.9 28.4
 -113.0 28.4
 -113.1 28.5
 -113.2 28.8
 -113.3 28.8
 -113.3 28.9
 -113.4 29.0
 -113.5 28.9
 -113.5 29.0
 -113.5 29.1
 -113.6 29.1
 -113.7 29.3
 -113.8 29.4
 -114.2 29.8
 -114.3 29.8
 -114.4 29.8
 -114.4 29.9
 -114.5 29.9
 -114.7 30.2
 -114.6 30.4
 -114.7 30.6
 -114.7 30.7
 -114.7 30.9
 -114.8 31.0
 -114.8 31.1
 -114.9 31.1
 -114.9 31.2
 -114.8 31.6
 -114.8 31.8
 -114.9 31.8
 -114.9 31.9
 -115.0 31.9
 -115.0 32.0
 -114.8 31.8
 -114.6 31.8
 -114.3 31.6
 -114.1 31.5
 -114.0 31.5
 -113.9 31.6
 -114.0 31.6
 -113.6 31.5
 -113.6 31.3
 -113.3 31.3
 -113.1 31.2
 -113.0 31.1
 -113.1 31.0
 -113.1 31.1
 -113.1 30.9
 -113.1 30.8
 -113.1 30.7
 -112.9 30.4
 -112.8 30.3
 -112.9 30.3
 -112.8 30.3
 -112.8 30.2
 -112.7 29.9
 -112.6 29.8
 -112.4 29.6
 -112.4 29.5
 -112.4 29.4
 -112.4 29.3
 -112.3 29.3
 -112.2 29.3
 -112.2 29.0
 -112.0 28.8
 -111.9 28.8
 -111.9 28.7
 -111.9 28.8
 -111.9 28.7
 -111.7 28.5
 -111.4 28.4
 -111.5 28.3
 -111.1 28.0
 -111.0 28.0
 -110.9 27.9
 -110.9 27.8
 -110.9 28.0
 -110.8 28.0
 -110.8 27.9
 -110.5 27.9
 -110.6 27.8
 -110.5 27.7
 -110.6 27.6
 -110.6 27.4
 -110.5 27.4
 -110.4 27.3
 -110.5 27.3
 -110.4 27.3
 -110.3 27.2
 -110.1 27.1
 -110.0 27.1
 -109.9 27.1
 -109.9 26.9
 -109.9 27.0
 -109.8 26.7
 -109.7 26.7
 -109.5 26.7
 -109.6 26.7
 -109.5 26.8
 -109.3 26.5
 -109.2 26.4
 -109.2 26.3
 -109.2 26.4
 -109.1 26.3
 -109.1 26.2
 -109.2 26.3
 -109.3 26.2
 -109.4 26.1
 -109.4 25.9
 -109.4 25.8
 -109.4 25.7
 -109.4 25.8
 -109.3 25.7
 -109.4 25.7
 -109.4 25.6
 -109.2 25.6
 -109.1 25.6
 -109.2 25.7
 -109.1 25.6
 -108.9 25.7
 -108.9 25.6
 -109.0 25.6
 -109.1 25.6
 -109.1 25.5
 -109.0 25.5
 -108.9 25.5
 -108.9 25.6
 -108.8 25.6
 -108.7 25.4
 -108.8 25.4
 -108.7 25.4
 -108.6 25.4
 -108.7 25.4
 -108.6 25.3
 -108.4 25.2
 -108.4 25.1
 -108.4 25.3
 -108.3 25.2
 -108.1 25.1
 -108.0 25.0
 -108.1 25.0
 -108.2 25.0
 -108.3 25.1
 -108.1 24.8
 -108.0 24.8
 -108.0 24.9
 -108.0 25.0
 -108.0 24.8
 -108.1 24.8
 -108.0 24.7
 -107.9 24.6
 -107.8 24.6
 -107.6 24.5
 -107.5 24.5
 -107.5 24.4
 -107.8 24.5
 -107.7 24.4
 -107.3 24.1
 -107.0 23.9
 -106.8 23.7
 -106.5 23.4
 -106.4 23.2
 -106.0 22.8
 -106.0 22.9
 -105.8 22.6
 -105.6 22.3
 -105.7 22.0
 -105.4 21.6
 -105.2 21.5
 -105.2 21.3
 -105.2 21.1
 -105.3 21.0
 -105.5 20.8
 -105.4 20.8
 -105.3 20.8
 -105.2 20.6
 -105.3 20.6
 -105.4 20.5
 -105.6 20.5
 -105.7 20.4
 -105.5 20.0
 -105.4 19.8
 -105.3 19.7
 -105.1 19.6
 -105.0 19.4
 -104.9 19.3
 -104.8 19.3
 -104.8 19.2
 -104.7 19.2
 -104.4 19.1
 -104.3 19.1
 -104.3 19.0
 -104.0 18.9
 -103.8 18.8
 -103.7 18.6
 -103.5 18.4
 -103.5 18.3
 -103.3 18.3
 -102.7 18.1
 -102.2 17.9
 -102.0 18.0
 -101.8 17.9
 -101.6 17.7
 -101.5 17.6
 -101.4 17.5
 -101.3 17.5
 -101.1 17.3
 -101.0 17.3
 -100.7 17.1
 -100.5 17.1
 -99.9 16.9
 -99.9 16.8
 -99.9 16.9
 -99.8 16.8
 -99.7 16.7
 -99.4 16.7
 -98.9 16.5
 -98.8 16.6
 -98.5 16.3
 -98.2 16.2
 -97.9 16.1
 -97.9 16.0
 -97.8 16.0
 -97.1 15.9
 -96.6 15.7
 -96.2 15.7
 -95.9 15.8
 -95.4 16.0
 -95.3 16.1
 -94.9 16.2
 -94.8 16.2
 -94.9 16.3
 -95.1 16.3
 -94.9 16.4
 -94.8 16.4
 -94.8 16.3
 -94.7 16.4
 -94.6 16.3
 -94.6 16.2
 -94.7 16.2
 -94.5 16.2
 -94.3 16.1
 -94.0 16.0
 -94.2 16.2
 -94.3 16.2
 -94.4 16.2
 -94.4 16.3
 -94.3 16.3
 -94.2 16.2
 -94.1 16.2
 -94.0 16.1
 -93.9 16.1
 -93.9 16.0
 -93.5 15.7
 -93.2 15.4
 -92.9 15.2
 -92.8 15.2
 -92.8 15.1
 -92.6 14.9
 -92.4 14.7
 -92.2 14.5
 -92.2 14.6
 -92.2 14.8
 -92.2 15.0
 -92.1 15.1
 -92.2 15.3
 -92.0 15.6
 -91.8 15.9
 -91.7 16.1
 -91.4 16.1
 -91.0 16.1
 -90.7 16.1
 -90.4 16.1
 -90.4 16.2
 -90.4 16.4
 -90.6 16.5
 -90.7 16.7
 -90.8 16.8
 -90.9 16.9
 -91.0 16.9
 -91.2 17.1
 -91.3 17.2
 -91.4 17.3
 -91.1 17.3
 -91.0 17.3
 -91.0 17.6
 -91.0 17.8
 -90.6 17.8
 -90.3 17.8
 -89.9 17.8
 -89.6 17.8
 -89.2 17.8
 -89.1 17.8
 -89.1 18.0
 -89.0 18.0
 -88.8 17.9
 -88.8 18.0
 -88.7 18.1
 -88.7 18.2
 -88.6 18.2
 -88.5 18.5
 -88.4 18.5
 -88.3 18.5
 -88.2 18.7
 -88.0 18.9
 -88.0 18.7
 -88.1 18.5
 -88.0 18.5
 -87.9 18.4
 -87.9 18.2
 -87.8 18.3
 -87.8 18.4
 -87.7 18.7
 -87.7 18.8
 -87.6 19.2
 -87.5 19.3
 -87.6 19.2
 -87.7 19.2
 -87.7 19.3
 -87.6 19.4
 -87.5 19.4
 -87.4 19.5
 -87.4 19.6
 -87.5 19.6
 -87.7 19.5
 -87.7 19.6
 -87.7 19.7
 -87.6 19.8
 -87.5 19.8
 -87.5 20.0
 -87.4 19.9
 -87.5 19.8
 -87.4 19.9
 -87.5 20.0
 -87.5 20.2
 -87.3 20.4
 -87.0 20.7
 -86.8 21.0
 -86.8 21.2
 -86.8 21.4
 -86.9 21.4
 -87.0 21.6
 -87.1 21.6
 -87.3 21.6
 -87.4 21.6
 -87.4 21.5
 -87.3 21.5
 -87.2 21.6
 -87.1 21.6
 -87.1 21.5
 -87.2 21.5
 -87.5 21.5
 -87.7 21.5
 -87.9 21.6
 -87.7 21.5
 -88.0 21.6
 -88.2 21.6
 -88.5 21.6
 -88.7 21.4
 -89.0 21.4
 -89.6 21.3
 -90.1 21.2
 -90.3 21.0
 -90.4 20.8
 -90.5 20.7
 -90.5 20.5
 -90.5 20.2
 -90.5 20.0
 -90.5 19.9
 -90.6 19.8
 -90.7 19.7
 -90.7 19.4
 -91.0 19.1
 -91.4 18.9
 -91.5 18.8
 -91.4 18.8
 -91.4 18.9
 -91.4 18.8
 -91.3 18.8
 -91.3 18.7
 -91.3 18.6
 -91.5 18.5
 -91.5 18.4
 -91.8 18.5
 -91.8 18.4
 -91.9 18.4
 -91.8 18.5
 -91.9 18.6
 -92.0 18.5
 -92.1 18.5
 -92.0 18.6
 -91.9 18.6
 -92.0 18.7
 -92.3 18.7
 -92.7 18.6
 -92.7 18.5
 -92.7 18.6
 -92.8 18.5
 -93.0 18.4
 -93.1 18.4
 -93.2 18.4
 -93.5 18.4
 -93.6 18.4
 -93.6 18.3
 -93.8 18.3
 -93.9 18.3
 -94.4 18.2
 -94.5 18.2
 -94.8 18.5
 -95.0 18.6
 -95.1 18.6
 -95.2 18.7
 -95.4 18.7
 -95.7 18.7
 -95.7 18.8
 -95.6 18.7
 -95.9 18.7
 -95.9 18.8
 -95.8 18.8
 -95.9 18.8
 -95.9 18.9
 -95.8 18.8
 -95.9 18.9
 -96.0 19.1
 -96.1 19.1
 -96.1 19.2
 -96.3 19.3
 -96.3 19.4
 -96.4 19.9
 -96.8 20.2
 -97.1 20.6
 -97.2 20.7
 -97.2 20.8
 -97.3 21.0
 -97.5 21.4
 -97.5 21.5
 -97.6 21.5
 -97.7 22.0
 -97.6 21.8
 -97.4 21.5
 -97.5 21.4
 -97.4 21.3
 -97.3 21.5
 -97.3 21.6
 -97.6 21.8
 -97.7 22.0
 -97.8 22.4
 -97.8 22.7
 -97.9 22.6
 -97.8 22.7
 -97.8 22.9
 -97.7 22.9
 -97.8 23.2
 -97.7 23.8
 -97.8 23.7
 -97.8 23.8
 -97.7 23.8
 -97.7 24.4
 -97.5 25.0
 -97.4 25.2
 -97.2 25.7
 -97.1 26.0
 -97.4 25.9
 -97.3 25.9
 -97.4 25.8
 -97.5 25.9
 -97.6 26.0
 -97.7 26.0
 -97.8 26.1
 -98.1 26.0
 -98.1 26.1
 -98.3 26.1
 -98.5 26.2
 -98.9 26.4
 -99.0 26.4
 -99.1 26.4
 -99.1 26.5
 -99.2 26.6
 -99.3 26.9
 -99.4 27.0
 -99.5 27.0
 -99.4 27.3
 -99.5 27.3
 -99.5 27.6
 -99.7 27.7
 -99.8 27.8
 -99.9 27.9
 -100.0 28.0
 -100.0 28.1
 -100.2 28.2
 -100.3 28.4
 -100.3 28.5
 -100.4 28.6
 -100.5 28.7
 -100.6 28.8
 -100.7 29.1
 -100.8 29.2
 -101.0 29.4
 -101.0 29.5
 -101.1 29.5
 -101.2 29.6
 -101.3 29.6
 -101.4 29.7
 -101.4 29.8
 -101.5 29.8
 -101.6 29.8
 -101.8 29.8
 -102.3 29.9
 -102.4 29.8
 -102.7 29.7
 -102.8 29.6
 -102.8 29.4
 -102.9 29.3
 -102.9 29.2
 -103.0 29.1
 -103.1 29.1
 -103.1 29.0
 -103.2 29.0
 -103.4 29.0
 -103.5 29.1
 -103.6 29.2
 -103.8 29.2
 -104.0 29.3
 -104.4 29.6
 -104.7 29.9
 -104.7 30.2
 -104.8 30.3
 -104.9 30.5
 -105.1 30.7
 -105.3 30.8
 -105.5 31.0
 -105.9 31.3
 -106.2 31.5
 -106.3 31.7
 -106.5 31.8
 -108.2 31.8
 -108.2 31.3
 -111.0 31.3
 -112.9 31.9
 -114.8 32.5
 -114.7 32.7
 -115.2 32.7
 -117.1 32.5
 

-117.1 32.5
 -117.1 32.5
 -117.0 32.3
 -116.9 32.2
 -116.8 32.0
 -116.6 31.8
 -116.6 31.7
 -116.7 31.7
 -116.6 31.7
 -116.7 31.6
 -116.5 31.4
 -116.4 31.3
 -116.3 31.1
 -116.3 31.0
 -116.1 30.8
 -116.0 30.7
 -116.0 30.5
 -116.0 30.4
 -116.0 30.5
 -115.9 30.4
 -116.0 30.4
 -115.9 30.4
 -115.8 30.4
 -115.8 30.2
 -115.8 30.0
 -115.7 29.9
 -115.7 29.8
 -115.5 29.6
 -115.3 29.5
 -115.2 29.4
 -115.0 29.4
 -114.8 29.2
 -114.7 29.1
 -114.5 28.9
 -114.4 28.9
 -114.3 28.8
 -114.2 28.7
 -114.1 28.5
 -114.2 28.2
 -114.1 28.2
 -114.1 28.1
 -114.2 28.0
 -114.3 27.9
 -114.2 27.7
 -114.1 27.8
 -114.0 27.7
 -114.2 27.7
 -114.3 27.8
 -114.4 27.9
 -114.5 27.8
 -114.8 27.8
 -115.0 27.9
 -115.1 27.8
 -115.0 27.7
 -114.9 27.7
 -114.7 27.5
 -114.5 27.4
 -114.5 27.2
 -114.4 27.2
 -114.2 27.2
 -114.1 27.1
 -114.0 27.0
 -113.9 27.0
 -113.8 27.0
 -113.6 26.7
 -113.5 26.7
 -113.5 26.8
 -113.4 26.8
 -113.2 26.7
 -113.2 27.0
 -113.1 27.0
 -113.1 26.9
 -113.2 26.8
 -113.2 26.7
 -113.1 26.7
 -113.1 26.6
 -113.0 26.6
 -112.7 26.3
 -112.5 26.3
 -112.4 26.3
 -112.3 26.1
 -112.2 26.0
 -112.1 25.7
 -112.1 25.6
 -112.1 25.3
 -112.1 25.2
 -112.1 25.1
 -112.2 25.0
 -112.1 24.9
 -112.1 25.0
 -112.1 24.9
 -112.1 24.8
 -112.1 24.7
 -112.1 24.8
 -112.0 24.9
 -112.0 24.8
 -111.8 24.6
 -111.8 24.5
 -111.7 24.6
 -111.6 24.5
 -111.5 24.4
 -111.3 24.2
 -111.0 24.1
 -110.6 23.7
 -110.4 23.6
 -110.2 23.3
 -110.1 23.0
 -110.0 22.9
 -109.9 22.9
 -109.8 22.9
 -109.7 23.1
 -109.5 23.1
 -109.4 23.2
 -109.4 23.4
 -109.5 23.6
 -109.7 23.7
 -109.7 23.8
 -109.8 23.9
 -109.8 24.0
 -109.8 24.1
 -109.9 24.0
 -110.0 24.0
 -110.0 24.2
 -110.1 24.2
 -110.2 24.3
 -110.2 24.4
 -110.3 24.3
 -110.3 24.2
 -110.3 24.1
 -110.4 24.1
 -110.4 24.2
 -110.3 24.2
 -110.4 24.2
 -110.6 24.3
 -110.7 24.5
 -110.7 24.7
 -110.7 24.8
 -110.8 25.0
 -110.8 25.1
 -111.0 25.4
 -111.0 25.5
 -111.2 25.6
 -111.4 26.0
 -111.3 26.1
 -111.4 26.1
 -111.4 26.3
 -111.4 26.4
 -111.5 26.4
 -111.4 26.5
 -111.6 26.6
 -111.6 26.7
 -111.8 26.9
 -111.9 26.9
 -111.8 26.7
 -111.7 26.6
 -111.8 26.6
 -111.9 26.7
 -111.9 26.8
 -112.0 26.9
 -112.0 27.0
 -112.0 27.1
 -112.2 27.2
 -112.3 27.5
 -112.5 27.6
 -112.6 27.6
 -112.8 27.8
 -112.7 28.0
 -112.8 28.0
 -112.8 28.2
 -112.9 28.3
 -112.9 28.4
 -113.0 28.4
 -113.1 28.5
 -113.2 28.8
 -113.3 28.8
 -113.3 28.9
 -113.4 29.0
 -113.5 28.9
 -113.5 29.0
 -113.5 29.1
 -113.6 29.1
 -113.7 29.3
 -113.8 29.4
 -114.2 29.8
 -114.3 29.8
 -114.4 29.8
 -114.4 29.9
 -114.5 29.9
 -114.7 30.2
 -114.6 30.4
 -114.7 30.6
 -114.7 30.7
 -114.7 30.9
 -114.8 31.0
 -114.8 31.1
 -114.9 31.1
 -114.9 31.2
 -114.8 31.6
 -114.8 31.8
 -114.9 31.8
 -114.9 31.9
 -115.0 31.9
 -115.0 32.0
 -114.8 31.8
 -114.6 31.8
 -114.3 31.6
 -114.1 31.5
 -114.0 31.5
 -113.9 31.6
 -114.0 31.6
 -113.6 31.5
 -113.6 31.3
 -113.3 31.3
 -113.1 31.2
 -113.0 31.1
 -113.1 31.0
 -113.1 31.1
 -113.1 30.9
 -113.1 30.8
 -113.1 30.7
 -112.9 30.4
 -112.8 30.3
 -112.9 30.3
 -112.8 30.3
 -112.8 30.2
 -112.7 29.9
 -112.6 29.8
 -112.4 29.6
 -112.4 29.5
 -112.4 29.4
 -112.4 29.3
 -112.3 29.3
 -112.2 29.3
 -112.2 29.0
 -112.0 28.8
 -111.9 28.8
 -111.9 28.7
 -111.9 28.8
 -111.9 28.7
 -111.7 28.5
 -111.4 28.4
 -111.5 28.3
 -111.1 28.0
 -111.0 28.0
 -110.9 27.9
 -110.9 27.8
 -110.9 28.0
 -110.8 28.0
 -110.8 27.9
 -110.5 27.9
 -110.6 27.8
 -110.5 27.7
 -110.6 27.6
 -110.6 27.4
 -110.5 27.4
 -110.4 27.3
 -110.5 27.3
 -110.4 27.3
 -110.3 27.2
 -110.1 27.1
 -110.0 27.1
 -109.9 27.1
 -109.9 26.9
 -109.9 27.0
 -109.8 26.7
 -109.7 26.7
 -109.5 26.7
 -109.6 26.7
 -109.5 26.8
 -109.3 26.5
 -109.2 26.4
 -109.2 26.3
 -109.2 26.4
 -109.1 26.3
 -109.1 26.2
 -109.2 26.3
 -109.3 26.2
 -109.4 26.1
 -109.4 25.9
 -109.4 25.8
 -109.4 25.7
 -109.4 25.8
 -109.3 25.7
 -109.4 25.7
 -109.4 25.6
 -109.2 25.6
 -109.1 25.6
 -109.2 25.7
 -109.1 25.6
 -108.9 25.7
 -108.9 25.6
 -109.0 25.6
 -109.1 25.6
 -109.1 25.5
 -109.0 25.5
 -108.9 25.5
 -108.9 25.6
 -108.8 25.6
 -108.7 25.4
 -108.8 25.4
 -108.7 25.4
 -108.6 25.4
 -108.7 25.4
 -108.6 25.3
 -108.4 25.2
 -108.4 25.1
 -108.4 25.3
 -108.3 25.2
 -108.1 25.1
 -108.0 25.0
 -108.1 25.0
 -108.2 25.0
 -108.3 25.1
 -108.1 24.8
 -108.0 24.8
 -108.0 24.9
 -108.0 25.0
 -108.0 24.8
 -108.1 24.8
 -108.0 24.7
 -107.9 24.6
 -107.8 24.6
 -107.6 24.5
 -107.5 24.5
 -107.5 24.4
 -107.8 24.5
 -107.7 24.4
 -107.3 24.1
 -107.0 23.9
 -106.8 23.7
 -106.5 23.4
 -106.4 23.2
 -106.0 22.8
 -106.0 22.9
 -105.8 22.6
 -105.6 22.3
 -105.7 22.0
 -105.4 21.6
 -105.2 21.5
 -105.2 21.3
 -105.2 21.1
 -105.3 21.0
 -105.5 20.8
 -105.4 20.8
 -105.3 20.8
 -105.2 20.6
 -105.3 20.6
 -105.4 20.5
 -105.6 20.5
 -105.7 20.4
 -105.5 20.0
 -105.4 19.8
 -105.3 19.7
 -105.1 19.6
 -105.0 19.4
 -104.9 19.3
 -104.8 19.3
 -104.8 19.2
 -104.7 19.2
 -104.4 19.1
 -104.3 19.1
 -104.3 19.0
 -104.0 18.9
 -103.8 18.8
 -103.7 18.6
 -103.5 18.4
 -103.5 18.3
 -103.3 18.3
 -102.7 18.1
 -102.2 17.9
 -102.0 18.0
 -101.8 17.9
 -101.6 17.7
 -101.5 17.6
 -101.4 17.5
 -101.3 17.5
 -101.1 17.3
 -101.0 17.3
 -100.7 17.1
 -100.5 17.1
 -99.9 16.9
 -99.9 16.8
 -99.9 16.9
 -99.8 16.8
 -99.7 16.7
 -99.4 16.7
 -98.9 16.5
 -98.8 16.6
 -98.5 16.3
 -98.2 16.2
 -97.9 16.1
 -97.9 16.0
 -97.8 16.0
 -97.1 15.9
 -96.6 15.7
 -96.2 15.7
 -95.9 15.8
 -95.4 16.0
 -95.3 16.1
 -94.9 16.2
 -94.8 16.2
 -94.9 16.3
 -95.1 16.3
 -94.9 16.4
 -94.8 16.4
 -94.8 16.3
 -94.7 16.4
 -94.6 16.3
 -94.6 16.2
 -94.7 16.2
 -94.5 16.2
 -94.3 16.1
 -94.0 16.0
 -94.2 16.2
 -94.3 16.2
 -94.4 16.2
 -94.4 16.3
 -94.3 16.3
 -94.2 16.2
 -94.1 16.2
 -94.0 16.1
 -93.9 16.1
 -93.9 16.0
 -93.5 15.7
 -93.2 15.4
 -92.9 15.2
 -92.8 15.2
 -92.8 15.1
 -92.6 14.9
 -92.4 14.7
 -92.2 14.5
 -92.2 14.6
 -92.2 14.8
 -92.2 15.0
 -92.1 15.1
 -92.2 15.3
 -92.0 15.6
 -91.8 15.9
 -91.7 16.1
 -91.4 16.1
 -91.0 16.1
 -90.7 16.1
 -90.4 16.1
 -90.4 16.2
 -90.4 16.4
 -90.6 16.5
 -90.7 16.7
 -90.8 16.8
 -90.9 16.9
 -91.0 16.9
 -91.2 17.1
 -91.3 17.2
 -91.4 17.3
 -91.1 17.3
 -91.0 17.3
 -91.0 17.6
 -91.0 17.8
 -90.6 17.8
 -90.3 17.8
 -89.9 17.8
 -89.6 17.8
 -89.2 17.8
 -89.1 17.8
 -89.1 18.0
 -89.0 18.0
 -88.8 17.9
 -88.8 18.0
 -88.7 18.1
 -88.7 18.2
 -88.6 18.2
 -88.5 18.5
 -88.4 18.5
 -88.3 18.5
 -88.2 18.7
 -88.0 18.9
 -88.0 18.7
 -88.1 18.5
 -88.0 18.5
 -87.9 18.4
 -87.9 18.2
 -87.8 18.3
 -87.8 18.4
 -87.7 18.7
 -87.7 18.8
 -87.6 19.2
 -87.5 19.3
 -87.6 19.2
 -87.7 19.2
 -87.7 19.3
 -87.6 19.4
 -87.5 19.4
 -87.4 19.5
 -87.4 19.6
 -87.5 19.6
 -87.7 19.5
 -87.7 19.6
 -87.7 19.7
 -87.6 19.8
 -87.5 19.8
 -87.5 20.0
 -87.4 19.9
 -87.5 19.8
 -87.4 19.9
 -87.5 20.0
 -87.5 20.2
 -87.3 20.4
 -87.0 20.7
 -86.8 21.0
 -86.8 21.2
 -86.8 21.4
 -86.9 21.4
 -87.0 21.6
 -87.1 21.6
 -87.3 21.6
 -87.4 21.6
 -87.4 21.5
 -87.3 21.5
 -87.2 21.6
 -87.1 21.6
 -87.1 21.5
 -87.2 21.5
 -87.5 21.5
 -87.7 21.5
 -87.9 21.6
 -87.7 21.5
 -88.0 21.6
 -88.2 21.6
 -88.5 21.6
 -88.7 21.4
 -89.0 21.4
 -89.6 21.3
 -90.1 21.2
 -90.3 21.0
 -90.4 20.8
 -90.5 20.7
 -90.5 20.5
 -90.5 20.2
 -90.5 20.0
 -90.5 19.9
 -90.6 19.8
 -90.7 19.7
 -90.7 19.4
 -91.0 19.1
 -91.4 18.9
 -91.5 18.8
 -91.4 18.8
 -91.4 18.9
 -91.4 18.8
 -91.3 18.8
 -91.3 18.7
 -91.3 18.6
 -91.5 18.5
 -91.5 18.4
 -91.8 18.5
 -91.8 18.4
 -91.9 18.4
 -91.8 18.5
 -91.9 18.6
 -92.0 18.5
 -92.1 18.5
 -92.0 18.6
 -91.9 18.6
 -92.0 18.7
 -92.3 18.7
 -92.7 18.6
 -92.7 18.5
 -92.7 18.6
 -92.8 18.5
 -93.0 18.4
 -93.1 18.4
 -93.2 18.4
 -93.5 18.4
 -93.6 18.4
 -93.6 18.3
 -93.8 18.3
 -93.9 18.3
 -94.4 18.2
 -94.5 18.2
 -94.8 18.5
 -95.0 18.6
 -95.1 18.6
 -95.2 18.7
 -95.4 18.7
 -95.7 18.7
 -95.7 18.8
 -95.6 18.7
 -95.9 18.7
 -95.9 18.8
 -95.8 18.8
 -95.9 18.8
 -95.9 18.9
 -95.8 18.8
 -95.9 18.9
 -96.0 19.1
 -96.1 19.1
 -96.1 19.2
 -96.3 19.3
 -96.3 19.4
 -96.4 19.9
 -96.8 20.2
 -97.1 20.6
 -97.2 20.7
 -97.2 20.8
 -97.3 21.0
 -97.5 21.4
 -97.5 21.5
 -97.6 21.5
 -97.7 22.0
 -97.6 21.8
 -97.4 21.5
 -97.5 21.4
 -97.4 21.3
 -97.3 21.5
 -97.3 21.6
 -97.6 21.8
 -97.7 22.0
 -97.8 22.4
 -97.8 22.7
 -97.9 22.6
 -97.8 22.7
 -97.8 22.9
 -97.7 22.9
 -97.8 23.2
 -97.7 23.8
 -97.8 23.7
 -97.8 23.8
 -97.7 23.8
 -97.7 24.4
 -97.5 25.0
 -97.4 25.2
 -97.2 25.7
 -97.1 26.0
 -97.4 25.9
 -97.3 25.9
 -97.4 25.8
 -97.5 25.9
 -97.6 26.0
 -97.7 26.0
 -97.8 26.1
 -98.1 26.0
 -98.1 26.1
 -98.3 26.1
 -98.5 26.2
 -98.9 26.4
 -99.0 26.4
 -99.1 26.4
 -99.1 26.5
 -99.2 26.6
 -99.3 26.9
 -99.4 27.0
 -99.5 27.0
 -99.4 27.3
 -99.5 27.3
 -99.5 27.6
 -99.7 27.7
 -99.8 27.8
 -99.9 27.9
 -100.0 28.0
 -100.0 28.1
 -100.2 28.2
 -100.3 28.4
 -100.3 28.5
 -100.4 28.6
 -100.5 28.7
 -100.6 28.8
 -100.7 29.1
 -100.8 29.2
 -101.0 29.4
 -101.0 29.5
 -101.1 29.5
 -101.2 29.6
 -101.3 29.6
 -101.4 29.7
 -101.4 29.8
 -101.5 29.8
 -101.6 29.8
 -101.8 29.8
 -102.3 29.9
 -102.4 29.8
 -102.7 29.7
 -102.8 29.6
 -102.8 29.4
 -102.9 29.3
 -102.9 29.2
 -103.0 29.1
 -103.1 29.1
 -103.1 29.0
 -103.2 29.0
 -103.4 29.0
 -103.5 29.1
 -103.6 29.2
 -103.8 29.2
 -104.0 29.3
 -104.4 29.6
 -104.7 29.9
 -104.7 30.2
 -104.8 30.3
 -104.9 30.5
 -105.1 30.7
 -105.3 30.8
 -105.5 31.0
 -105.9 31.3
 -106.2 31.5
 -106.3 31.7
 -106.5 31.8
 -108.2 31.8
 -108.2 31.3
 -111.0 31.3
 -112.9 31.9
 -114.8 32.5
 -114.7 32.7
 -115.2 32.7
 -117.1 32.5
 

