-66.9 17.9
 -66.8 18.0
 -66.5 18.0
 -66.4 17.9
 -66.3 18.0
 -66.2 17.9
 -65.9 18.0
 -65.8 18.2
 -65.6 18.2
 -65.6 18.4
 -65.9 18.4
 -66.1 18.5
 -66.1 18.4
 -66.1 18.5
 -66.6 18.5
 -67.1 18.5
 -67.2 18.5
 -67.2 18.4
 -67.3 18.4
 -67.1 18.2
 -67.2 18.0
 -67.2 17.9
 -67.1 18.0
 -66.9 17.9
 

-66.9 17.9
 -66.8 18.0
 -66.5 18.0
 -66.4 17.9
 -66.3 18.0
 -66.2 17.9
 -65.9 18.0
 -65.8 18.2
 -65.6 18.2
 -65.6 18.4
 -65.9 18.4
 -66.1 18.5
 -66.1 18.4
 -66.1 18.5
 -66.6 18.5
 -67.1 18.5
 -67.2 18.5
 -67.2 18.4
 -67.3 18.4
 -67.1 18.2
 -67.2 18.0
 -67.2 17.9
 -67.1 18.0
 -66.9 17.9
 

