-122.8 49.0
 -122.7 49.0
 -122.8 49.0
 -122.8 48.9
 -122.7 48.8
 -122.7 48.7
 -122.6 48.8
 -122.5 48.7
 -122.4 48.6
 -122.5 48.6
 -122.5 48.5
 -122.5 48.4
 -122.6 48.5
 -122.7 48.5
 -122.7 48.4
 -122.6 48.4
 -122.5 48.4
 -122.4 48.3
 -122.4 48.2
 -122.5 48.2
 -122.4 48.1
 -122.3 48.1
 -122.5 48.2
 -122.4 48.2
 -122.3 48.1
 -122.2 48.0
 -122.3 48.0
 -122.4 47.8
 -122.3 47.7
 -122.4 47.7
 -122.3 47.6
 -122.4 47.6
 -122.3 47.4
 -122.4 47.3
 -122.5 47.3
 -122.6 47.2
 -122.7 47.1
 -122.8 47.2
 -122.8 47.1
 -122.9 47.2
 -122.9 47.1
 -123.0 47.1
 -122.9 47.2
 -123.0 47.1
 -123.1 47.1
 -122.9 47.2
 -122.8 47.4
 -122.8 47.3
 -122.8 47.2
 -122.7 47.2
 -122.7 47.3
 -122.7 47.4
 -122.6 47.4
 -122.7 47.3
 -122.6 47.3
 -122.5 47.3
 -122.6 47.4
 -122.5 47.5
 -122.5 47.6
 -122.7 47.5
 -122.6 47.6
 -122.7 47.6
 -122.7 47.7
 -122.6 47.6
 -122.6 47.7
 -122.5 47.8
 -122.5 47.7
 -122.5 47.8
 -122.5 47.9
 -122.6 47.9
 -122.6 47.8
 -122.6 47.9
 -122.7 47.8
 -122.7 47.7
 -122.9 47.6
 -123.1 47.4
 -122.8 47.5
 -122.8 47.4
 -122.9 47.4
 -123.1 47.4
 -123.1 47.5
 -122.9 47.7
 -122.8 47.8
 -122.8 47.9
 -122.8 47.7
 -122.7 47.8
 -122.6 47.9
 -122.8 48.1
 -122.7 48.1
 -122.8 48.2
 -122.8 48.1
 -122.9 48.1
 -122.8 48.1
 -122.8 48.0
 -122.9 48.0
 -122.9 48.1
 -123.0 48.1
 -123.0 48.0
 -123.1 48.2
 -123.2 48.2
 -123.2 48.1
 -123.3 48.1
 -124.0 48.2
 -124.6 48.4
 -124.7 48.4
 -124.7 48.3
 -124.7 48.2
 -124.6 47.9
 -124.4 47.7
 -124.3 47.4
 -124.2 47.3
 -124.2 46.9
 -124.1 47.0
 -124.1 47.1
 -124.0 47.1
 -124.0 47.0
 -123.8 47.0
 -124.0 46.9
 -124.0 46.8
 -124.1 46.9
 -124.1 46.7
 -124.0 46.7
 -123.8 46.7
 -123.9 46.7
 -123.9 46.6
 -123.9 46.5
 -123.8 46.4
 -123.9 46.5
 -123.9 46.4
 -124.0 46.4
 -124.0 46.6
 -124.0 46.5
 -124.1 46.3
 -124.0 46.3
 -123.9 46.3
 -123.8 46.3
 -123.4 46.3
 -123.4 46.2
 -123.3 46.2
 -123.2 46.2
 -123.3 46.1
 -123.4 46.2
 -123.5 46.3
 -123.6 46.2
 -123.7 46.2
 -123.8 46.2
 -124.0 46.2
 -123.9 46.1
 -123.9 46.0
 -124.0 46.0
 -123.9 45.9
 -124.0 45.8
 -123.9 45.7
 -123.9 45.6
 -123.9 45.5
 -124.0 45.5
 -123.9 45.4
 -123.9 45.3
 -124.0 45.1
 -124.0 44.9
 -124.1 44.7
 -124.0 44.6
 -124.1 44.6
 -124.1 44.4
 -124.1 44.2
 -124.2 43.7
 -124.1 43.8
 -124.1 43.7
 -124.2 43.5
 -124.2 43.4
 -124.1 43.4
 -124.2 43.4
 -124.3 43.4
 -124.3 43.3
 -124.3 43.4
 -124.4 43.4
 -124.4 43.2
 -124.5 42.8
 -124.5 42.7
 -124.4 42.6
 -124.4 42.3
 -124.3 42.1
 -124.2 42.1
 -124.2 42.0
 -124.2 41.9
 -124.2 41.8
 -124.1 41.7
 -124.1 41.6
 -124.0 41.4
 -124.1 41.1
 -124.1 41.0
 -124.2 40.8
 -124.1 40.9
 -124.1 40.8
 -124.2 40.8
 -124.2 40.7
 -124.4 40.5
 -124.3 40.3
 -124.2 40.2
 -123.8 39.8
 -123.7 39.6
 -123.8 39.5
 -123.8 39.4
 -123.7 39.0
 -123.7 38.9
 -123.4 38.6
 -123.1 38.5
 -123.0 38.3
 -123.0 38.2
 -122.9 38.1
 -123.0 38.0
 -122.9 38.0
 -122.9 38.1
 -122.7 37.9
 -122.6 37.9
 -122.5 37.8
 -122.4 37.8
 -122.5 38.1
 -122.4 38.1
 -122.4 38.2
 -122.1 38.1
 -122.0 38.2
 -122.0 38.1
 -121.9 38.1
 -121.8 38.1
 -121.7 38.1
 -121.6 38.1
 -121.4 38.0
 -121.6 38.1
 -121.7 38.0
 -122.0 38.1
 -122.3 38.0
 -122.4 38.0
 -122.3 37.9
 -122.3 37.8
 -122.2 37.7
 -122.0 37.5
 -122.4 37.6
 -122.4 37.7
 -122.3 37.7
 -122.4 37.8
 -122.5 37.8
 -122.5 37.5
 -122.4 37.5
 -122.4 37.3
 -122.4 37.2
 -122.2 37.0
 -122.0 37.0
 -121.9 37.0
 -121.8 36.8
 -121.7 36.7
 -121.8 36.6
 -121.9 36.6
 -121.9 36.5
 -121.9 36.3
 -121.6 36.2
 -121.6 36.0
 -121.5 36.0
 -121.4 35.9
 -121.3 35.7
 -121.1 35.6
 -121.0 35.5
 -120.8 35.4
 -120.9 35.3
 -120.9 35.2
 -120.7 35.2
 -120.6 35.1
 -120.7 34.9
 -120.6 34.7
 -120.6 34.6
 -120.5 34.5
 -120.4 34.5
 -120.1 34.5
 -119.7 34.4
 -119.5 34.4
 -119.3 34.3
 -119.2 34.2
 -118.8 34.0
 -118.6 34.0
 -118.5 34.0
 -118.4 33.9
 -118.4 33.8
 -118.4 33.7
 -118.3 33.7
 -118.3 33.8
 -118.2 33.8
 -118.1 33.8
 -117.6 33.5
 -117.4 33.2
 -117.3 33.0
 -117.3 32.7
 -117.2 32.7
 -117.1 32.7
 -117.1 32.6
 -117.2 32.6
 -117.2 32.7
 -117.1 32.5
 -115.2 32.7
 -114.7 32.7
 -114.8 32.5
 -112.9 31.9
 -111.0 31.3
 -108.2 31.3
 -108.2 31.8
 -106.5 31.8
 -106.3 31.7
 -106.2 31.5
 -105.9 31.3
 -105.5 31.0
 -105.3 30.8
 -105.1 30.7
 -104.9 30.5
 -104.8 30.3
 -104.7 30.2
 -104.7 29.9
 -104.4 29.6
 -104.0 29.3
 -103.8 29.2
 -103.6 29.2
 -103.5 29.1
 -103.4 29.0
 -103.2 29.0
 -103.1 29.0
 -103.1 29.1
 -103.0 29.1
 -102.9 29.2
 -102.9 29.3
 -102.8 29.4
 -102.8 29.6
 -102.7 29.7
 -102.4 29.8
 -102.3 29.9
 -101.8 29.8
 -101.6 29.8
 -101.5 29.8
 -101.4 29.8
 -101.4 29.7
 -101.3 29.6
 -101.2 29.6
 -101.1 29.5
 -101.0 29.5
 -101.0 29.4
 -100.8 29.2
 -100.7 29.1
 -100.6 28.8
 -100.5 28.7
 -100.4 28.6
 -100.3 28.5
 -100.3 28.4
 -100.2 28.2
 -100.0 28.1
 -100.0 28.0
 -99.9 27.9
 -99.8 27.8
 -99.7 27.7
 -99.5 27.6
 -99.5 27.3
 -99.4 27.3
 -99.5 27.0
 -99.4 27.0
 -99.3 26.9
 -99.2 26.6
 -99.1 26.5
 -99.1 26.4
 -99.0 26.4
 -98.9 26.4
 -98.5 26.2
 -98.3 26.1
 -98.1 26.1
 -98.1 26.0
 -97.8 26.1
 -97.7 26.0
 -97.6 26.0
 -97.5 25.9
 -97.4 25.8
 -97.3 25.9
 -97.4 25.9
 -97.1 26.0
 -97.2 26.1
 -97.2 26.0
 -97.3 26.0
 -97.2 26.1
 -97.3 26.1
 -97.3 26.2
 -97.3 26.3
 -97.4 26.3
 -97.3 26.3
 -97.4 26.4
 -97.4 26.5
 -97.5 26.8
 -97.6 26.8
 -97.5 26.9
 -97.6 27.0
 -97.5 27.0
 -97.4 27.2
 -97.4 27.3
 -97.5 27.2
 -97.6 27.3
 -97.7 27.3
 -97.8 27.5
 -97.7 27.3
 -97.6 27.3
 -97.5 27.4
 -97.5 27.3
 -97.4 27.3
 -97.3 27.7
 -97.4 27.8
 -97.5 27.8
 -97.5 27.9
 -97.2 27.9
 -97.2 27.8
 -97.0 28.0
 -97.0 28.1
 -97.1 28.0
 -97.2 28.1
 -97.1 28.2
 -97.0 28.2
 -97.0 28.1
 -97.0 28.2
 -96.9 28.3
 -96.9 28.2
 -96.9 28.1
 -96.8 28.2
 -96.8 28.3
 -96.8 28.4
 -96.8 28.5
 -96.7 28.3
 -96.4 28.4
 -96.4 28.5
 -96.5 28.5
 -96.6 28.5
 -96.5 28.5
 -96.5 28.6
 -96.6 28.6
 -96.6 28.7
 -96.5 28.6
 -96.4 28.6
 -96.4 28.7
 -96.4 28.8
 -96.3 28.6
 -96.3 28.7
 -96.2 28.7
 -96.2 28.6
 -96.0 28.6
 -95.9 28.6
 -96.0 28.6
 -95.9 28.7
 -95.7 28.7
 -95.5 28.8
 -95.1 29.1
 -95.2 29.2
 -95.1 29.2
 -95.0 29.3
 -94.9 29.3
 -94.9 29.4
 -94.8 29.4
 -94.9 29.4
 -94.9 29.5
 -95.0 29.5
 -95.0 29.6
 -95.0 29.7
 -94.9 29.7
 -94.8 29.8
 -94.7 29.8
 -94.7 29.6
 -94.8 29.5
 -94.5 29.6
 -94.5 29.5
 -94.6 29.5
 -94.7 29.4
 -94.6 29.5
 -94.0 29.7
 -93.9 29.7
 -94.0 29.8
 -93.9 30.0
 -93.8 30.0
 -93.8 29.9
 -93.9 29.8
 -93.9 29.7
 -93.8 29.7
 -93.3 29.8
 -93.1 29.8
 -92.8 29.6
 -92.5 29.6
 -92.1 29.6
 -92.0 29.6
 -92.1 29.6
 -92.1 29.7
 -92.2 29.7
 -92.2 29.8
 -92.0 29.8
 -91.8 29.8
 -91.9 29.8
 -91.9 29.7
 -91.8 29.8
 -91.6 29.7
 -91.6 29.6
 -91.5 29.5
 -91.4 29.6
 -91.3 29.5
 -91.3 29.6
 -91.2 29.6
 -91.3 29.5
 -91.1 29.3
 -91.2 29.3
 -91.2 29.4
 -91.3 29.3
 -91.2 29.2
 -91.0 29.2
 -90.9 29.1
 -90.8 29.2
 -90.8 29.1
 -90.7 29.1
 -90.7 29.2
 -90.6 29.1
 -90.6 29.3
 -90.5 29.3
 -90.4 29.4
 -90.4 29.2
 -90.3 29.3
 -90.2 29.1
 -90.1 29.2
 -90.1 29.3
 -90.0 29.3
 -90.1 29.4
 -90.0 29.4
 -90.1 29.5
 -90.2 29.5
 -90.2 29.6
 -90.0 29.5
 -89.8 29.5
 -89.8 29.4
 -89.8 29.3
 -89.6 29.3
 -89.6 29.2
 -89.5 29.3
 -89.4 29.1
 -89.3 29.1
 -89.4 28.9
 -89.2 29.1
 -89.1 29.0
 -89.1 29.1
 -89.0 29.2
 -89.1 29.2
 -89.1 29.3
 -89.2 29.3
 -89.3 29.4
 -89.5 29.4
 -89.5 29.5
 -89.6 29.5
 -89.7 29.6
 -89.6 29.6
 -89.7 29.7
 -89.6 29.7
 -89.5 29.7
 -89.6 29.7
 -89.5 29.8
 -89.4 29.8
 -89.3 29.8
 -89.4 29.8
 -89.3 29.9
 -89.4 29.9
 -89.4 30.0
 -89.4 30.1
 -89.5 30.1
 -89.6 30.0
 -89.6 29.9
 -89.7 29.9
 -89.7 30.0
 -89.8 29.9
 -89.8 30.0
 -89.7 30.1
 -89.7 30.2
 -89.8 30.1
 -89.9 30.2
 -90.0 30.1
 -90.1 30.0
 -90.4 30.1
 -90.4 30.2
 -90.3 30.3
 -90.2 30.4
 -90.1 30.4
 -89.9 30.3
 -89.7 30.2
 -89.5 30.2
 -89.4 30.2
 -89.3 30.3
 -89.3 30.4
 -89.3 30.3
 -88.9 30.4
 -88.8 30.4
 -88.7 30.3
 -88.6 30.4
 -88.6 30.3
 -88.4 30.3
 -88.4 30.4
 -88.3 30.4
 -88.1 30.3
 -88.0 30.7
 -87.9 30.6
 -87.9 30.5
 -87.9 30.4
 -87.8 30.4
 -87.8 30.3
 -87.8 30.2
 -87.6 30.3
 -87.5 30.3
 -87.4 30.4
 -87.4 30.5
 -87.3 30.4
 -87.4 30.4
 -87.4 30.3
 -87.5 30.3
 -87.3 30.3
 -87.2 30.4
 -87.2 30.5
 -87.2 30.6
 -87.1 30.5
 -87.0 30.5
 -87.0 30.6
 -87.0 30.5
 -86.9 30.5
 -86.9 30.4
 -87.1 30.4
 -87.2 30.4
 -86.6 30.4
 -86.5 30.5
 -86.4 30.5
 -86.3 30.5
 -86.1 30.4
 -86.2 30.4
 -86.4 30.4
 -86.2 30.3
 -85.7 30.1
 -85.8 30.2
 -85.8 30.3
 -85.7 30.3
 -85.6 30.3
 -85.7 30.2
 -85.6 30.1
 -85.5 30.1
 -85.5 30.0
 -85.4 30.1
 -85.4 30.0
 -85.5 30.0
 -85.7 30.1
 -85.6 30.1
 -85.4 29.9
 -85.3 29.8
 -85.3 29.7
 -85.4 29.7
 -85.4 29.8
 -85.4 29.7
 -85.2 29.7
 -85.0 29.7
 -84.9 29.8
 -84.9 29.7
 -84.5 29.9
 -84.3 29.9
 -84.4 30.0
 -84.3 30.1
 -84.1 30.1
 -83.9 30.0
 -83.6 29.9
 -83.6 29.8
 -83.4 29.7
 -83.4 29.5
 -83.2 29.4
 -83.2 29.3
 -83.1 29.3
 -83.1 29.2
 -83.0 29.2
 -82.8 29.2
 -82.7 28.9
 -82.6 28.9
 -82.6 28.6
 -82.7 28.4
 -82.8 28.2
 -82.8 28.1
 -82.9 27.9
 -82.8 27.8
 -82.7 27.7
 -82.6 27.9
 -82.7 27.9
 -82.7 28.0
 -82.5 27.9
 -82.5 27.8
 -82.5 27.9
 -82.4 27.9
 -82.4 27.8
 -82.5 27.6
 -82.6 27.5
 -82.7 27.5
 -82.7 27.4
 -82.7 27.5
 -82.6 27.4
 -82.5 27.1
 -82.3 26.8
 -82.2 26.8
 -82.2 26.9
 -82.3 27.0
 -82.2 26.9
 -82.1 27.0
 -82.1 26.9
 -82.1 26.5
 -81.9 26.5
 -81.9 26.6
 -81.8 26.7
 -81.9 26.6
 -82.0 26.5
 -81.9 26.4
 -81.8 26.1
 -81.7 26.0
 -81.7 25.9
 -81.7 26.0
 -81.7 25.9
 -81.6 25.9
 -81.4 25.8
 -81.3 25.8
 -81.3 25.7
 -81.1 25.4
 -81.0 25.3
 -80.9 25.2
 -81.0 25.2
 -81.1 25.3
 -81.2 25.2
 -81.1 25.1
 -80.9 25.2
 -80.7 25.1
 -80.6 25.2
 -80.5 25.2
 -80.4 25.2
 -80.3 25.4
 -80.3 25.6
 -80.2 25.7
 -80.2 25.9
 -80.1 25.9
 -80.1 26.1
 -80.0 26.6
 -80.1 26.9
 -80.1 27.1
 -80.3 27.2
 -80.2 27.2
 -80.4 27.6
 -80.6 28.0
 -80.8 28.4
 -80.8 28.8
 -80.7 28.7
 -80.8 28.6
 -80.7 28.6
 -80.6 28.6
 -80.6 28.5
 -80.6 28.3
 -80.6 28.1
 -80.4 27.9
 -80.6 28.2
 -80.6 28.4
 -80.5 28.5
 -80.6 28.5
 -80.8 28.8
 -81.0 29.2
 -81.2 29.6
 -81.3 30.0
 -81.4 30.5
 -81.5 30.6
 -81.5 30.5
 -81.4 30.5
 -81.4 30.7
 -81.5 30.7
 -81.5 30.8
 -81.5 31.0
 -81.4 31.0
 -81.5 31.1
 -81.4 31.0
 -81.4 31.1
 -81.5 31.1
 -81.4 31.2
 -81.4 31.1
 -81.3 31.3
 -81.5 31.4
 -81.3 31.3
 -81.3 31.4
 -81.2 31.5
 -81.3 31.5
 -81.3 31.6
 -81.2 31.6
 -81.1 31.6
 -81.1 31.7
 -81.2 31.7
 -81.3 31.8
 -81.1 31.7
 -81.0 31.8
 -81.1 31.9
 -81.0 31.9
 -80.9 31.9
 -81.0 31.9
 -80.9 32.0
 -80.9 31.9
 -80.9 32.0
 -80.9 32.1
 -80.8 32.2
 -80.8 32.1
 -80.7 32.2
 -80.8 32.3
 -80.8 32.5
 -80.7 32.3
 -80.7 32.4
 -80.6 32.5
 -80.7 32.4
 -80.6 32.3
 -80.5 32.3
 -80.4 32.4
 -80.5 32.4
 -80.5 32.5
 -80.7 32.5
 -80.5 32.5
 -80.5 32.6
 -80.5 32.5
 -80.4 32.5
 -80.3 32.5
 -80.2 32.5
 -80.2 32.6
 -80.0 32.6
 -79.9 32.7
 -80.0 32.8
 -79.9 32.8
 -79.8 32.8
 -79.7 32.8
 -79.6 32.9
 -79.6 33.0
 -79.5 33.0
 -79.4 33.0
 -79.4 33.1
 -79.3 33.1
 -79.3 33.2
 -79.2 33.2
 -79.3 33.3
 -79.3 33.4
 -79.2 33.4
 -79.3 33.3
 -79.2 33.2
 -79.1 33.4
 -79.0 33.6
 -78.8 33.8
 -78.5 33.9
 -78.0 33.9
 -78.0 34.0
 -77.8 34.2
 -77.6 34.4
 -77.4 34.5
 -77.4 34.6
 -77.4 34.8
 -77.3 34.6
 -77.4 34.6
 -77.3 34.6
 -77.1 34.7
 -76.7 34.7
 -76.7 34.8
 -76.8 34.7
 -76.7 34.8
 -76.6 34.7
 -76.6 34.8
 -76.6 34.7
 -76.5 34.7
 -76.5 34.8
 -76.3 34.9
 -76.3 35.0
 -76.4 35.0
 -76.3 35.0
 -76.5 34.9
 -76.5 35.0
 -76.4 35.0
 -76.4 35.1
 -76.5 35.1
 -76.5 35.0
 -76.6 35.0
 -76.5 34.9
 -76.6 35.0
 -76.8 34.9
 -76.9 35.0
 -77.0 35.1
 -77.1 35.2
 -76.9 35.0
 -76.8 35.0
 -76.7 35.0
 -76.6 35.1
 -76.6 35.2
 -76.7 35.2
 -76.6 35.2
 -76.5 35.2
 -76.5 35.3
 -76.9 35.4
 -77.0 35.4
 -77.1 35.5
 -76.9 35.5
 -76.7 35.4
 -76.6 35.4
 -76.6 35.5
 -76.5 35.5
 -76.6 35.5
 -76.5 35.4
 -76.4 35.4
 -76.4 35.5
 -76.4 35.4
 -76.4 35.3
 -76.4 35.4
 -76.3 35.4
 -76.1 35.3
 -76.1 35.4
 -76.0 35.4
 -75.9 35.6
 -75.8 35.6
 -75.8 35.7
 -75.7 35.7
 -75.7 35.8
 -75.8 35.9
 -75.9 36.0
 -75.8 35.9
 -75.9 35.9
 -76.0 35.9
 -76.0 35.8
 -76.0 35.6
 -76.1 35.7
 -76.0 35.7
 -76.1 35.8
 -76.0 35.9
 -76.1 35.9
 -76.0 36.0
 -76.1 36.0
 -76.2 36.0
 -76.3 35.9
 -76.7 35.9
 -76.7 36.0
 -76.7 36.1
 -76.8 36.2
 -76.7 36.3
 -76.7 36.2
 -76.7 36.1
 -76.6 36.0
 -76.5 36.0
 -76.3 36.1
 -76.4 36.1
 -76.5 36.2
 -76.2 36.1
 -76.3 36.2
 -76.2 36.1
 -76.1 36.1
 -76.1 36.2
 -76.2 36.3
 -76.1 36.2
 -75.9 36.2
 -76.0 36.2
 -76.0 36.3
 -75.9 36.1
 -75.8 36.1
 -75.9 36.4
 -76.0 36.5
 -75.9 36.5
 -75.9 36.6
 -76.0 36.5
 -76.0 36.6
 -76.0 36.7
 -75.9 36.7
 -75.8 36.4
 -75.7 36.1
 -75.7 36.0
 -75.6 35.8
 -75.5 35.8
 -75.7 36.2
 -75.9 36.5
 -76.0 36.9
 -76.1 36.9
 -76.3 36.9
 -76.4 36.9
 -76.5 36.9
 -76.5 37.0
 -76.6 37.0
 -76.7 37.2
 -76.7 37.1
 -76.8 37.2
 -76.9 37.2
 -77.0 37.3
 -77.2 37.3
 -77.3 37.3
 -77.2 37.3
 -77.0 37.3
 -76.9 37.2
 -76.9 37.3
 -76.8 37.2
 -76.7 37.2
 -76.4 37.0
 -76.3 37.0
 -76.3 37.1
 -76.4 37.2
 -76.5 37.2
 -76.6 37.3
 -76.8 37.5
 -76.7 37.5
 -76.5 37.3
 -76.4 37.3
 -76.4 37.4
 -76.3 37.3
 -76.2 37.4
 -76.3 37.5
 -76.2 37.5
 -76.3 37.5
 -76.4 37.5
 -76.3 37.6
 -76.5 37.6
 -76.8 37.9
 -77.1 38.1
 -77.0 38.1
 -76.9 38.0
 -76.6 37.8
 -76.6 37.7
 -76.5 37.7
 -76.4 37.6
 -76.3 37.6
 -76.3 37.7
 -76.3 37.9
 -76.2 37.8
 -76.2 37.9
 -76.3 37.9
 -76.5 38.0
 -76.5 38.1
 -76.6 38.1
 -76.9 38.2
 -77.0 38.3
 -77.0 38.4
 -77.2 38.3
 -77.3 38.4
 -77.2 38.7
 -77.2 38.6
 -77.2 38.7
 -77.1 38.7
 -77.0 38.9
 -77.0 38.7
 -77.1 38.7
 -77.3 38.5
 -77.2 38.4
 -77.1 38.4
 -77.0 38.5
 -77.0 38.4
 -76.9 38.3
 -76.8 38.3
 -76.9 38.4
 -76.8 38.4
 -76.8 38.3
 -76.8 38.2
 -76.6 38.2
 -76.5 38.1
 -76.5 38.2
 -76.4 38.2
 -76.4 38.1
 -76.3 38.0
 -76.3 38.2
 -76.4 38.2
 -76.4 38.3
 -76.6 38.4
 -76.7 38.5
 -76.7 38.7
 -76.6 38.5
 -76.4 38.3
 -76.4 38.4
 -76.5 38.5
 -76.5 38.6
 -76.5 38.7
 -76.5 38.8
 -76.5 38.9
 -76.5 39.0
 -76.5 38.9
 -76.4 38.9
 -76.6 39.0
 -76.6 39.1
 -76.5 39.0
 -76.4 39.0
 -76.5 39.1
 -76.4 39.1
 -76.6 39.3
 -76.5 39.2
 -76.4 39.2
 -76.5 39.3
 -76.4 39.3
 -76.3 39.4
 -76.4 39.4
 -76.3 39.4
 -76.3 39.3
 -76.2 39.3
 -76.3 39.4
 -76.2 39.5
 -76.2 39.4
 -76.1 39.5
 -76.1 39.6
 -75.9 39.6
 -76.0 39.5
 -75.8 39.6
 -75.9 39.5
 -75.8 39.5
 -75.9 39.5
 -76.0 39.4
 -75.8 39.4
 -76.0 39.4
 -76.2 39.3
 -76.3 39.2
 -76.2 39.0
 -76.2 39.1
 -76.1 39.1
 -76.2 39.0
 -76.3 39.0
 -76.4 38.9
 -76.3 38.9
 -76.2 39.0
 -76.2 38.9
 -76.2 38.8
 -76.1 38.8
 -76.2 38.8
 -76.3 38.8
 -76.3 38.7
 -76.3 38.8
 -76.3 38.7
 -76.2 38.8
 -76.2 38.7
 -76.1 38.6
 -76.0 38.6
 -76.1 38.6
 -76.2 38.6
 -76.3 38.6
 -76.3 38.5
 -76.2 38.6
 -76.3 38.5
 -76.2 38.3
 -76.2 38.4
 -76.0 38.2
 -76.0 38.3
 -76.0 38.4
 -76.0 38.3
 -75.8 38.4
 -75.9 38.3
 -75.8 38.2
 -75.9 38.2
 -75.9 38.1
 -75.9 38.2
 -75.8 38.1
 -75.7 38.1
 -75.8 38.0
 -75.9 38.0
 -75.9 37.9
 -75.8 38.0
 -75.7 38.0
 -75.6 37.9
 -75.7 37.9
 -75.7 37.8
 -75.8 37.8
 -75.9 37.6
 -76.0 37.5
 -76.0 37.3
 -76.0 37.2
 -75.9 37.2
 -75.8 37.5
 -75.7 37.5
 -75.7 37.6
 -75.7 37.5
 -75.6 37.6
 -75.4 37.9
 -75.3 38.1
 -75.2 38.3
 -75.2 38.2
 -75.1 38.3
 -75.1 38.4
 -75.1 38.5
 -75.1 38.4
 -75.0 38.5
 -75.1 38.6
 -75.2 38.6
 -75.1 38.6
 -75.1 38.7
 -75.1 38.8
 -75.2 38.8
 -75.4 39.1
 -75.4 39.3
 -75.6 39.5
 -75.5 39.6
 -75.6 39.6
 -75.5 39.8
 -75.1 39.9
 -75.3 39.8
 -75.6 39.6
 -75.5 39.6
 -75.5 39.5
 -75.4 39.4
 -75.3 39.3
 -75.1 39.2
 -74.9 39.2
 -74.9 39.1
 -75.0 39.0
 -74.9 38.9
 -74.7 39.1
 -74.5 39.3
 -74.6 39.3
 -74.5 39.3
 -74.5 39.4
 -74.5 39.3
 -74.4 39.4
 -74.5 39.4
 -74.4 39.5
 -74.4 39.4
 -74.4 39.6
 -74.3 39.5
 -74.3 39.6
 -74.1 39.7
 -74.2 39.8
 -74.1 39.9
 -74.0 40.1
 -74.0 40.4
 -74.1 40.4
 -74.2 40.4
 -74.3 40.5
 -74.3 40.6
 -74.1 40.7
 -73.9 41.0
 -73.9 41.2
 -74.0 41.2
 -74.0 41.3
 -73.9 41.3
 -73.9 41.2
 -73.9 40.9
 -74.0 40.8
 -74.0 40.7
 -73.9 40.8
 -73.8 40.8
 -73.7 40.9
 -73.4 41.1
 -73.1 41.2
 -72.9 41.3
 -72.9 41.2
 -72.4 41.3
 -72.4 41.4
 -72.3 41.3
 -72.1 41.3
 -72.1 41.4
 -72.0 41.3
 -71.5 41.4
 -71.4 41.5
 -71.4 41.6
 -71.4 41.7
 -71.4 41.8
 -71.3 41.7
 -71.1 41.8
 -71.2 41.6
 -71.2 41.5
 -71.1 41.5
 -71.0 41.5
 -70.9 41.6
 -70.8 41.6
 -70.7 41.7
 -70.6 41.7
 -70.7 41.5
 -70.5 41.6
 -69.9 41.7
 -69.9 41.8
 -69.9 41.9
 -70.0 42.0
 -70.1 42.1
 -70.2 42.1
 -70.2 42.0
 -70.2 42.1
 -70.1 42.1
 -70.1 42.0
 -70.1 41.9
 -70.0 41.9
 -70.0 41.8
 -70.3 41.7
 -70.5 41.8
 -70.5 41.9
 -70.6 42.0
 -70.7 42.0
 -70.6 42.1
 -70.6 42.0
 -70.8 42.2
 -70.9 42.3
 -70.9 42.2
 -71.0 42.3
 -71.0 42.4
 -70.8 42.5
 -70.9 42.5
 -70.8 42.6
 -70.7 42.6
 -70.6 42.6
 -70.6 42.7
 -70.7 42.6
 -70.8 42.7
 -70.8 42.8
 -70.9 42.8
 -70.7 43.1
 -70.8 43.1
 -70.7 43.1
 -70.6 43.2
 -70.6 43.3
 -70.5 43.4
 -70.4 43.4
 -70.4 43.5
 -70.3 43.6
 -70.2 43.6
 -70.2 43.7
 -70.1 43.8
 -69.9 43.9
 -70.0 43.8
 -69.9 43.9
 -70.0 43.7
 -69.9 43.8
 -69.9 43.9
 -69.8 43.7
 -69.8 43.8
 -69.8 44.0
 -69.9 44.0
 -69.8 44.1
 -69.8 44.0
 -69.8 43.8
 -69.7 43.8
 -69.7 43.9
 -69.6 44.0
 -69.7 43.9
 -69.6 43.9
 -69.5 43.9
 -69.4 44.0
 -69.3 44.1
 -69.4 44.0
 -69.2 44.0
 -69.2 43.9
 -69.1 44.1
 -68.9 44.4
 -69.0 44.4
 -68.8 44.5
 -68.8 44.6
 -68.7 44.6
 -68.8 44.4
 -68.7 44.5
 -68.7 44.4
 -68.8 44.4
 -68.8 44.3
 -68.7 44.4
 -68.5 44.2
 -68.5 44.3
 -68.6 44.4
 -68.5 44.4
 -68.5 44.5
 -68.4 44.5
 -68.4 44.4
 -68.3 44.5
 -68.2 44.5
 -68.1 44.5
 -68.1 44.3
 -68.0 44.4
 -68.0 44.5
 -68.0 44.4
 -67.9 44.4
 -67.9 44.5
 -67.8 44.5
 -67.9 44.6
 -67.8 44.6
 -67.8 44.5
 -67.7 44.6
 -67.7 44.5
 -67.6 44.6
 -67.6 44.5
 -67.6 44.6
 -67.5 44.7
 -67.5 44.6
 -67.4 44.6
 -67.4 44.7
 -67.4 44.6
 -67.4 44.7
 -67.3 44.7
 -67.2 44.7
 -67.0 44.8
 -67.0 44.9
 -67.1 44.8
 -67.1 44.9
 -67.1 44.8
 -67.2 44.9
 -67.1 44.9
 -67.1 45.0
 -67.1 44.9
 -67.0 45.0
 -67.2 45.2
 -67.3 45.2
 -67.3 45.1
 -67.4 45.2
 -67.5 45.3
 -67.5 45.5
 -67.4 45.5
 -67.4 45.6
 -67.5 45.6
 -67.8 45.7
 -67.8 45.8
 -67.8 46.3
 -67.8 47.1
 -68.1 47.3
 -68.3 47.4
 -68.4 47.4
 -68.4 47.3
 -68.5 47.3
 -68.9 47.2
 -69.0 47.3
 -69.1 47.4
 -69.2 47.5
 -69.4 47.3
 -70.0 46.7
 -70.1 46.4
 -70.3 46.2
 -70.2 46.2
 -70.3 46.1
 -70.3 46.0
 -70.2 46.0
 -70.2 45.9
 -70.4 45.8
 -70.4 45.7
 -70.5 45.7
 -70.7 45.6
 -70.7 45.5
 -70.6 45.4
 -70.7 45.4
 -70.8 45.4
 -70.8 45.3
 -70.9 45.2
 -71.0 45.4
 -71.2 45.3
 -71.3 45.3
 -71.4 45.2
 -71.5 45.1
 -71.5 45.0
 -71.7 45.0
 -72.7 45.0
 -73.1 45.0
 -73.2 45.0
 -73.3 45.0
 -73.4 45.0
 -73.7 45.0
 -74.7 45.0
 -74.9 45.0
 -75.1 44.9
 -75.5 44.7
 -75.8 44.5
 -75.8 44.4
 -76.3 44.1
 -76.4 44.1
 -76.3 44.1
 -76.3 44.0
 -76.2 44.1
 -76.1 44.1
 -76.2 44.0
 -76.1 44.0
 -76.2 43.9
 -76.3 43.9
 -76.2 43.7
 -76.2 43.6
 -76.3 43.5
 -76.5 43.5
 -76.7 43.4
 -76.8 43.3
 -77.0 43.3
 -77.3 43.3
 -77.6 43.2
 -78.1 43.4
 -78.5 43.4
 -79.1 43.3
 -79.1 43.1
 -79.0 43.1
 -78.9 43.1
 -78.9 43.0
 -78.9 42.8
 -79.1 42.6
 -79.3 42.5
 -79.7 42.3
 -80.1 42.2
 -80.3 42.1
 -80.9 41.9
 -81.4 41.7
 -81.7 41.5
 -82.3 41.4
 -82.5 41.4
 -82.8 41.5
 -83.0 41.4
 -83.1 41.5
 -82.7 41.5
 -82.8 41.5
 -82.8 41.6
 -82.9 41.5
 -83.0 41.5
 -83.3 41.7
 -83.4 41.7
 -83.5 41.7
 -83.4 41.8
 -83.3 41.9
 -83.2 42.0
 -83.2 42.1
 -83.1 42.3
 -82.9 42.4
 -82.9 42.5
 -82.8 42.6
 -82.7 42.7
 -82.6 42.7
 -82.6 42.6
 -82.5 42.6
 -82.5 42.8
 -82.4 43.0
 -82.5 43.3
 -82.6 43.8
 -82.7 43.9
 -82.8 44.0
 -82.9 44.1
 -83.0 44.1
 -83.2 44.0
 -83.3 44.0
 -83.5 43.8
 -83.5 43.7
 -83.6 43.6
 -83.7 43.6
 -83.9 43.7
 -83.9 43.9
 -83.8 44.0
 -83.7 44.0
 -83.6 44.1
 -83.5 44.2
 -83.5 44.3
 -83.3 44.3
 -83.3 44.8
 -83.4 44.9
 -83.5 45.0
 -83.4 45.1
 -83.3 45.0
 -83.4 45.2
 -83.4 45.3
 -83.5 45.4
 -83.7 45.4
 -83.8 45.4
 -84.0 45.5
 -84.1 45.5
 -84.2 45.6
 -84.3 45.7
 -84.5 45.7
 -84.7 45.8
 -85.0 45.8
 -84.9 45.7
 -85.1 45.6
 -85.1 45.5
 -85.0 45.4
 -84.9 45.4
 -85.0 45.4
 -85.1 45.4
 -85.3 45.3
 -85.4 45.3
 -85.4 45.0
 -85.5 44.8
 -85.6 44.8
 -85.5 44.8
 -85.5 45.0
 -85.6 44.8
 -85.7 44.8
 -85.6 45.2
 -85.8 45.0
 -85.9 44.9
 -85.9 45.0
 -86.1 44.9
 -86.1 44.8
 -86.3 44.7
 -86.3 44.6
 -86.2 44.6
 -86.3 44.4
 -86.4 44.2
 -86.5 44.1
 -86.5 44.0
 -86.4 43.8
 -86.5 43.7
 -86.5 43.6
 -86.4 43.3
 -86.3 43.2
 -86.2 43.0
 -86.2 42.6
 -86.3 42.3
 -86.6 41.9
 -87.0 41.7
 -87.2 41.6
 -87.4 41.6
 -87.6 41.8
 -87.7 42.0
 -87.7 42.1
 -87.8 42.2
 -87.8 42.3
 -87.8 42.5
 -87.8 42.6
 -87.8 42.8
 -87.9 43.0
 -87.9 43.2
 -87.8 43.6
 -87.7 43.7
 -87.7 43.9
 -87.7 44.1
 -87.5 44.2
 -87.5 44.3
 -87.4 44.6
 -87.3 44.8
 -87.4 44.9
 -87.6 44.8
 -87.7 44.7
 -87.8 44.7
 -87.9 44.5
 -88.0 44.6
 -87.8 44.9
 -87.6 45.0
 -87.6 45.2
 -87.3 45.5
 -87.2 45.7
 -87.1 45.7
 -87.0 45.9
 -87.0 45.8
 -87.0 45.7
 -86.9 45.7
 -86.8 45.9
 -86.6 45.9
 -86.5 45.8
 -86.7 45.7
 -86.6 45.6
 -86.5 45.8
 -86.4 45.8
 -86.3 45.9
 -86.1 46.0
 -85.7 46.0
 -85.5 46.1
 -85.2 46.1
 -85.0 46.0
 -84.8 45.9
 -84.7 45.9
 -84.7 46.0
 -84.6 46.0
 -84.5 46.0
 -83.9 46.0
 -84.0 46.1
 -84.1 46.1
 -84.0 46.1
 -84.2 46.2
 -84.2 46.3
 -84.3 46.5
 -84.5 46.4
 -84.6 46.4
 -84.6 46.5
 -85.0 46.5
 -85.0 46.7
 -84.9 46.8
 -85.2 46.8
 -85.5 46.7
 -86.1 46.7
 -86.7 46.5
 -86.8 46.5
 -86.9 46.5
 -87.0 46.5
 -87.1 46.5
 -87.2 46.5
 -87.3 46.5
 -87.4 46.5
 -87.4 46.6
 -87.6 46.7
 -87.7 46.8
 -88.1 46.9
 -88.2 46.9
 -88.3 46.8
 -88.3 46.9
 -88.1 47.0
 -88.2 47.0
 -88.4 46.9
 -88.5 46.8
 -88.5 46.9
 -88.4 47.0
 -88.5 47.0
 -88.6 47.1
 -88.6 47.2
 -88.7 47.2
 -88.9 47.1
 -88.9 47.0
 -89.1 47.0
 -89.2 46.9
 -89.4 46.9
 -89.8 46.8
 -90.3 46.6
 -90.4 46.6
 -90.5 46.6
 -90.7 46.7
 -90.9 46.6
 -91.0 46.6
 -90.8 46.9
 -90.8 47.0
 -91.0 46.9
 -91.1 46.9
 -91.3 46.8
 -91.8 46.7
 -92.0 46.7
 -92.1 46.8
 -91.6 47.1
 -91.3 47.3
 -91.1 47.5
 -90.5 47.7
 -89.8 47.9
 -89.6 48.0
 -89.7 48.0
 -89.9 48.0
 -90.0 48.0
 -90.1 48.1
 -90.2 48.1
 -90.4 48.1
 -90.7 48.1
 -90.8 48.1
 -90.8 48.2
 -90.9 48.2
 -91.0 48.2
 -91.4 48.0
 -91.7 48.1
 -91.7 48.2
 -92.0 48.2
 -92.1 48.4
 -92.3 48.3
 -92.3 48.2
 -92.4 48.2
 -92.4 48.4
 -92.5 48.4
 -92.7 48.4
 -92.7 48.5
 -92.6 48.5
 -93.2 48.6
 -93.4 48.6
 -93.5 48.6
 -93.7 48.5
 -93.8 48.5
 -93.9 48.6
 -94.3 48.7
 -94.5 48.7
 -94.7 48.8
 -94.7 48.9
 -94.8 49.3
 -95.1 49.4
 -95.2 49.4
 -95.2 49.2
 -95.2 49.0
 -95.3 49.0
 -97.2 49.0
 -100.5 49.0
 -103.7 49.0
 -107.0 49.0
 -110.3 49.0
 -113.5 49.0
 -116.8 49.0
 -120.1 49.0
 -122.8 49.0
 

-122.8 49.0
 -122.7 49.0
 -122.8 49.0
 -122.8 48.9
 -122.7 48.8
 -122.7 48.7
 -122.6 48.8
 -122.5 48.7
 -122.4 48.6
 -122.5 48.6
 -122.5 48.5
 -122.5 48.4
 -122.6 48.5
 -122.7 48.5
 -122.7 48.4
 -122.6 48.4
 -122.5 48.4
 -122.4 48.3
 -122.4 48.2
 -122.5 48.2
 -122.4 48.1
 -122.3 48.1
 -122.5 48.2
 -122.4 48.2
 -122.3 48.1
 -122.2 48.0
 -122.3 48.0
 -122.4 47.8
 -122.3 47.7
 -122.4 47.7
 -122.3 47.6
 -122.4 47.6
 -122.3 47.4
 -122.4 47.3
 -122.5 47.3
 -122.6 47.2
 -122.7 47.1
 -122.8 47.2
 -122.8 47.1
 -122.9 47.2
 -122.9 47.1
 -123.0 47.1
 -122.9 47.2
 -123.0 47.1
 -123.1 47.1
 -122.9 47.2
 -122.8 47.4
 -122.8 47.3
 -122.8 47.2
 -122.7 47.2
 -122.7 47.3
 -122.7 47.4
 -122.6 47.4
 -122.7 47.3
 -122.6 47.3
 -122.5 47.3
 -122.6 47.4
 -122.5 47.5
 -122.5 47.6
 -122.7 47.5
 -122.6 47.6
 -122.7 47.6
 -122.7 47.7
 -122.6 47.6
 -122.6 47.7
 -122.5 47.8
 -122.5 47.7
 -122.5 47.8
 -122.5 47.9
 -122.6 47.9
 -122.6 47.8
 -122.6 47.9
 -122.7 47.8
 -122.7 47.7
 -122.9 47.6
 -123.1 47.4
 -122.8 47.5
 -122.8 47.4
 -122.9 47.4
 -123.1 47.4
 -123.1 47.5
 -122.9 47.7
 -122.8 47.8
 -122.8 47.9
 -122.8 47.7
 -122.7 47.8
 -122.6 47.9
 -122.8 48.1
 -122.7 48.1
 -122.8 48.2
 -122.8 48.1
 -122.9 48.1
 -122.8 48.1
 -122.8 48.0
 -122.9 48.0
 -122.9 48.1
 -123.0 48.1
 -123.0 48.0
 -123.1 48.2
 -123.2 48.2
 -123.2 48.1
 -123.3 48.1
 -124.0 48.2
 -124.6 48.4
 -124.7 48.4
 -124.7 48.3
 -124.7 48.2
 -124.6 47.9
 -124.4 47.7
 -124.3 47.4
 -124.2 47.3
 -124.2 46.9
 -124.1 47.0
 -124.1 47.1
 -124.0 47.1
 -124.0 47.0
 -123.8 47.0
 -124.0 46.9
 -124.0 46.8
 -124.1 46.9
 -124.1 46.7
 -124.0 46.7
 -123.8 46.7
 -123.9 46.7
 -123.9 46.6
 -123.9 46.5
 -123.8 46.4
 -123.9 46.5
 -123.9 46.4
 -124.0 46.4
 -124.0 46.6
 -124.0 46.5
 -124.1 46.3
 -124.0 46.3
 -123.9 46.3
 -123.8 46.3
 -123.4 46.3
 -123.4 46.2
 -123.3 46.2
 -123.2 46.2
 -123.3 46.1
 -123.4 46.2
 -123.5 46.3
 -123.6 46.2
 -123.7 46.2
 -123.8 46.2
 -124.0 46.2
 -123.9 46.1
 -123.9 46.0
 -124.0 46.0
 -123.9 45.9
 -124.0 45.8
 -123.9 45.7
 -123.9 45.6
 -123.9 45.5
 -124.0 45.5
 -123.9 45.4
 -123.9 45.3
 -124.0 45.1
 -124.0 44.9
 -124.1 44.7
 -124.0 44.6
 -124.1 44.6
 -124.1 44.4
 -124.1 44.2
 -124.2 43.7
 -124.1 43.8
 -124.1 43.7
 -124.2 43.5
 -124.2 43.4
 -124.1 43.4
 -124.2 43.4
 -124.3 43.4
 -124.3 43.3
 -124.3 43.4
 -124.4 43.4
 -124.4 43.2
 -124.5 42.8
 -124.5 42.7
 -124.4 42.6
 -124.4 42.3
 -124.3 42.1
 -124.2 42.1
 -124.2 42.0
 -124.2 41.9
 -124.2 41.8
 -124.1 41.7
 -124.1 41.6
 -124.0 41.4
 -124.1 41.1
 -124.1 41.0
 -124.2 40.8
 -124.1 40.9
 -124.1 40.8
 -124.2 40.8
 -124.2 40.7
 -124.4 40.5
 -124.3 40.3
 -124.2 40.2
 -123.8 39.8
 -123.7 39.6
 -123.8 39.5
 -123.8 39.4
 -123.7 39.0
 -123.7 38.9
 -123.4 38.6
 -123.1 38.5
 -123.0 38.3
 -123.0 38.2
 -122.9 38.1
 -123.0 38.0
 -122.9 38.0
 -122.9 38.1
 -122.7 37.9
 -122.6 37.9
 -122.5 37.8
 -122.4 37.8
 -122.5 38.1
 -122.4 38.1
 -122.4 38.2
 -122.1 38.1
 -122.0 38.2
 -122.0 38.1
 -121.9 38.1
 -121.8 38.1
 -121.7 38.1
 -121.6 38.1
 -121.4 38.0
 -121.6 38.1
 -121.7 38.0
 -122.0 38.1
 -122.3 38.0
 -122.4 38.0
 -122.3 37.9
 -122.3 37.8
 -122.2 37.7
 -122.0 37.5
 -122.4 37.6
 -122.4 37.7
 -122.3 37.7
 -122.4 37.8
 -122.5 37.8
 -122.5 37.5
 -122.4 37.5
 -122.4 37.3
 -122.4 37.2
 -122.2 37.0
 -122.0 37.0
 -121.9 37.0
 -121.8 36.8
 -121.7 36.7
 -121.8 36.6
 -121.9 36.6
 -121.9 36.5
 -121.9 36.3
 -121.6 36.2
 -121.6 36.0
 -121.5 36.0
 -121.4 35.9
 -121.3 35.7
 -121.1 35.6
 -121.0 35.5
 -120.8 35.4
 -120.9 35.3
 -120.9 35.2
 -120.7 35.2
 -120.6 35.1
 -120.7 34.9
 -120.6 34.7
 -120.6 34.6
 -120.5 34.5
 -120.4 34.5
 -120.1 34.5
 -119.7 34.4
 -119.5 34.4
 -119.3 34.3
 -119.2 34.2
 -118.8 34.0
 -118.6 34.0
 -118.5 34.0
 -118.4 33.9
 -118.4 33.8
 -118.4 33.7
 -118.3 33.7
 -118.3 33.8
 -118.2 33.8
 -118.1 33.8
 -117.6 33.5
 -117.4 33.2
 -117.3 33.0
 -117.3 32.7
 -117.2 32.7
 -117.1 32.7
 -117.1 32.6
 -117.2 32.6
 -117.2 32.7
 -117.1 32.5
 -115.2 32.7
 -114.7 32.7
 -114.8 32.5
 -112.9 31.9
 -111.0 31.3
 -108.2 31.3
 -108.2 31.8
 -106.5 31.8
 -106.3 31.7
 -106.2 31.5
 -105.9 31.3
 -105.5 31.0
 -105.3 30.8
 -105.1 30.7
 -104.9 30.5
 -104.8 30.3
 -104.7 30.2
 -104.7 29.9
 -104.4 29.6
 -104.0 29.3
 -103.8 29.2
 -103.6 29.2
 -103.5 29.1
 -103.4 29.0
 -103.2 29.0
 -103.1 29.0
 -103.1 29.1
 -103.0 29.1
 -102.9 29.2
 -102.9 29.3
 -102.8 29.4
 -102.8 29.6
 -102.7 29.7
 -102.4 29.8
 -102.3 29.9
 -101.8 29.8
 -101.6 29.8
 -101.5 29.8
 -101.4 29.8
 -101.4 29.7
 -101.3 29.6
 -101.2 29.6
 -101.1 29.5
 -101.0 29.5
 -101.0 29.4
 -100.8 29.2
 -100.7 29.1
 -100.6 28.8
 -100.5 28.7
 -100.4 28.6
 -100.3 28.5
 -100.3 28.4
 -100.2 28.2
 -100.0 28.1
 -100.0 28.0
 -99.9 27.9
 -99.8 27.8
 -99.7 27.7
 -99.5 27.6
 -99.5 27.3
 -99.4 27.3
 -99.5 27.0
 -99.4 27.0
 -99.3 26.9
 -99.2 26.6
 -99.1 26.5
 -99.1 26.4
 -99.0 26.4
 -98.9 26.4
 -98.5 26.2
 -98.3 26.1
 -98.1 26.1
 -98.1 26.0
 -97.8 26.1
 -97.7 26.0
 -97.6 26.0
 -97.5 25.9
 -97.4 25.8
 -97.3 25.9
 -97.4 25.9
 -97.1 26.0
 -97.2 26.1
 -97.2 26.0
 -97.3 26.0
 -97.2 26.1
 -97.3 26.1
 -97.3 26.2
 -97.3 26.3
 -97.4 26.3
 -97.3 26.3
 -97.4 26.4
 -97.4 26.5
 -97.5 26.8
 -97.6 26.8
 -97.5 26.9
 -97.6 27.0
 -97.5 27.0
 -97.4 27.2
 -97.4 27.3
 -97.5 27.2
 -97.6 27.3
 -97.7 27.3
 -97.8 27.5
 -97.7 27.3
 -97.6 27.3
 -97.5 27.4
 -97.5 27.3
 -97.4 27.3
 -97.3 27.7
 -97.4 27.8
 -97.5 27.8
 -97.5 27.9
 -97.2 27.9
 -97.2 27.8
 -97.0 28.0
 -97.0 28.1
 -97.1 28.0
 -97.2 28.1
 -97.1 28.2
 -97.0 28.2
 -97.0 28.1
 -97.0 28.2
 -96.9 28.3
 -96.9 28.2
 -96.9 28.1
 -96.8 28.2
 -96.8 28.3
 -96.8 28.4
 -96.8 28.5
 -96.7 28.3
 -96.4 28.4
 -96.4 28.5
 -96.5 28.5
 -96.6 28.5
 -96.5 28.5
 -96.5 28.6
 -96.6 28.6
 -96.6 28.7
 -96.5 28.6
 -96.4 28.6
 -96.4 28.7
 -96.4 28.8
 -96.3 28.6
 -96.3 28.7
 -96.2 28.7
 -96.2 28.6
 -96.0 28.6
 -95.9 28.6
 -96.0 28.6
 -95.9 28.7
 -95.7 28.7
 -95.5 28.8
 -95.1 29.1
 -95.2 29.2
 -95.1 29.2
 -95.0 29.3
 -94.9 29.3
 -94.9 29.4
 -94.8 29.4
 -94.9 29.4
 -94.9 29.5
 -95.0 29.5
 -95.0 29.6
 -95.0 29.7
 -94.9 29.7
 -94.8 29.8
 -94.7 29.8
 -94.7 29.6
 -94.8 29.5
 -94.5 29.6
 -94.5 29.5
 -94.6 29.5
 -94.7 29.4
 -94.6 29.5
 -94.0 29.7
 -93.9 29.7
 -94.0 29.8
 -93.9 30.0
 -93.8 30.0
 -93.8 29.9
 -93.9 29.8
 -93.9 29.7
 -93.8 29.7
 -93.3 29.8
 -93.1 29.8
 -92.8 29.6
 -92.5 29.6
 -92.1 29.6
 -92.0 29.6
 -92.1 29.6
 -92.1 29.7
 -92.2 29.7
 -92.2 29.8
 -92.0 29.8
 -91.8 29.8
 -91.9 29.8
 -91.9 29.7
 -91.8 29.8
 -91.6 29.7
 -91.6 29.6
 -91.5 29.5
 -91.4 29.6
 -91.3 29.5
 -91.3 29.6
 -91.2 29.6
 -91.3 29.5
 -91.1 29.3
 -91.2 29.3
 -91.2 29.4
 -91.3 29.3
 -91.2 29.2
 -91.0 29.2
 -90.9 29.1
 -90.8 29.2
 -90.8 29.1
 -90.7 29.1
 -90.7 29.2
 -90.6 29.1
 -90.6 29.3
 -90.5 29.3
 -90.4 29.4
 -90.4 29.2
 -90.3 29.3
 -90.2 29.1
 -90.1 29.2
 -90.1 29.3
 -90.0 29.3
 -90.1 29.4
 -90.0 29.4
 -90.1 29.5
 -90.2 29.5
 -90.2 29.6
 -90.0 29.5
 -89.8 29.5
 -89.8 29.4
 -89.8 29.3
 -89.6 29.3
 -89.6 29.2
 -89.5 29.3
 -89.4 29.1
 -89.3 29.1
 -89.4 28.9
 -89.2 29.1
 -89.1 29.0
 -89.1 29.1
 -89.0 29.2
 -89.1 29.2
 -89.1 29.3
 -89.2 29.3
 -89.3 29.4
 -89.5 29.4
 -89.5 29.5
 -89.6 29.5
 -89.7 29.6
 -89.6 29.6
 -89.7 29.7
 -89.6 29.7
 -89.5 29.7
 -89.6 29.7
 -89.5 29.8
 -89.4 29.8
 -89.3 29.8
 -89.4 29.8
 -89.3 29.9
 -89.4 29.9
 -89.4 30.0
 -89.4 30.1
 -89.5 30.1
 -89.6 30.0
 -89.6 29.9
 -89.7 29.9
 -89.7 30.0
 -89.8 29.9
 -89.8 30.0
 -89.7 30.1
 -89.7 30.2
 -89.8 30.1
 -89.9 30.2
 -90.0 30.1
 -90.1 30.0
 -90.4 30.1
 -90.4 30.2
 -90.3 30.3
 -90.2 30.4
 -90.1 30.4
 -89.9 30.3
 -89.7 30.2
 -89.5 30.2
 -89.4 30.2
 -89.3 30.3
 -89.3 30.4
 -89.3 30.3
 -88.9 30.4
 -88.8 30.4
 -88.7 30.3
 -88.6 30.4
 -88.6 30.3
 -88.4 30.3
 -88.4 30.4
 -88.3 30.4
 -88.1 30.3
 -88.0 30.7
 -87.9 30.6
 -87.9 30.5
 -87.9 30.4
 -87.8 30.4
 -87.8 30.3
 -87.8 30.2
 -87.6 30.3
 -87.5 30.3
 -87.4 30.4
 -87.4 30.5
 -87.3 30.4
 -87.4 30.4
 -87.4 30.3
 -87.5 30.3
 -87.3 30.3
 -87.2 30.4
 -87.2 30.5
 -87.2 30.6
 -87.1 30.5
 -87.0 30.5
 -87.0 30.6
 -87.0 30.5
 -86.9 30.5
 -86.9 30.4
 -87.1 30.4
 -87.2 30.4
 -86.6 30.4
 -86.5 30.5
 -86.4 30.5
 -86.3 30.5
 -86.1 30.4
 -86.2 30.4
 -86.4 30.4
 -86.2 30.3
 -85.7 30.1
 -85.8 30.2
 -85.8 30.3
 -85.7 30.3
 -85.6 30.3
 -85.7 30.2
 -85.6 30.1
 -85.5 30.1
 -85.5 30.0
 -85.4 30.1
 -85.4 30.0
 -85.5 30.0
 -85.7 30.1
 -85.6 30.1
 -85.4 29.9
 -85.3 29.8
 -85.3 29.7
 -85.4 29.7
 -85.4 29.8
 -85.4 29.7
 -85.2 29.7
 -85.0 29.7
 -84.9 29.8
 -84.9 29.7
 -84.5 29.9
 -84.3 29.9
 -84.4 30.0
 -84.3 30.1
 -84.1 30.1
 -83.9 30.0
 -83.6 29.9
 -83.6 29.8
 -83.4 29.7
 -83.4 29.5
 -83.2 29.4
 -83.2 29.3
 -83.1 29.3
 -83.1 29.2
 -83.0 29.2
 -82.8 29.2
 -82.7 28.9
 -82.6 28.9
 -82.6 28.6
 -82.7 28.4
 -82.8 28.2
 -82.8 28.1
 -82.9 27.9
 -82.8 27.8
 -82.7 27.7
 -82.6 27.9
 -82.7 27.9
 -82.7 28.0
 -82.5 27.9
 -82.5 27.8
 -82.5 27.9
 -82.4 27.9
 -82.4 27.8
 -82.5 27.6
 -82.6 27.5
 -82.7 27.5
 -82.7 27.4
 -82.7 27.5
 -82.6 27.4
 -82.5 27.1
 -82.3 26.8
 -82.2 26.8
 -82.2 26.9
 -82.3 27.0
 -82.2 26.9
 -82.1 27.0
 -82.1 26.9
 -82.1 26.5
 -81.9 26.5
 -81.9 26.6
 -81.8 26.7
 -81.9 26.6
 -82.0 26.5
 -81.9 26.4
 -81.8 26.1
 -81.7 26.0
 -81.7 25.9
 -81.7 26.0
 -81.7 25.9
 -81.6 25.9
 -81.4 25.8
 -81.3 25.8
 -81.3 25.7
 -81.1 25.4
 -81.0 25.3
 -80.9 25.2
 -81.0 25.2
 -81.1 25.3
 -81.2 25.2
 -81.1 25.1
 -80.9 25.2
 -80.7 25.1
 -80.6 25.2
 -80.5 25.2
 -80.4 25.2
 -80.3 25.4
 -80.3 25.6
 -80.2 25.7
 -80.2 25.9
 -80.1 25.9
 -80.1 26.1
 -80.0 26.6
 -80.1 26.9
 -80.1 27.1
 -80.3 27.2
 -80.2 27.2
 -80.4 27.6
 -80.6 28.0
 -80.8 28.4
 -80.8 28.8
 -80.7 28.7
 -80.8 28.6
 -80.7 28.6
 -80.6 28.6
 -80.6 28.5
 -80.6 28.3
 -80.6 28.1
 -80.4 27.9
 -80.6 28.2
 -80.6 28.4
 -80.5 28.5
 -80.6 28.5
 -80.8 28.8
 -81.0 29.2
 -81.2 29.6
 -81.3 30.0
 -81.4 30.5
 -81.5 30.6
 -81.5 30.5
 -81.4 30.5
 -81.4 30.7
 -81.5 30.7
 -81.5 30.8
 -81.5 31.0
 -81.4 31.0
 -81.5 31.1
 -81.4 31.0
 -81.4 31.1
 -81.5 31.1
 -81.4 31.2
 -81.4 31.1
 -81.3 31.3
 -81.5 31.4
 -81.3 31.3
 -81.3 31.4
 -81.2 31.5
 -81.3 31.5
 -81.3 31.6
 -81.2 31.6
 -81.1 31.6
 -81.1 31.7
 -81.2 31.7
 -81.3 31.8
 -81.1 31.7
 -81.0 31.8
 -81.1 31.9
 -81.0 31.9
 -80.9 31.9
 -81.0 31.9
 -80.9 32.0
 -80.9 31.9
 -80.9 32.0
 -80.9 32.1
 -80.8 32.2
 -80.8 32.1
 -80.7 32.2
 -80.8 32.3
 -80.8 32.5
 -80.7 32.3
 -80.7 32.4
 -80.6 32.5
 -80.7 32.4
 -80.6 32.3
 -80.5 32.3
 -80.4 32.4
 -80.5 32.4
 -80.5 32.5
 -80.7 32.5
 -80.5 32.5
 -80.5 32.6
 -80.5 32.5
 -80.4 32.5
 -80.3 32.5
 -80.2 32.5
 -80.2 32.6
 -80.0 32.6
 -79.9 32.7
 -80.0 32.8
 -79.9 32.8
 -79.8 32.8
 -79.7 32.8
 -79.6 32.9
 -79.6 33.0
 -79.5 33.0
 -79.4 33.0
 -79.4 33.1
 -79.3 33.1
 -79.3 33.2
 -79.2 33.2
 -79.3 33.3
 -79.3 33.4
 -79.2 33.4
 -79.3 33.3
 -79.2 33.2
 -79.1 33.4
 -79.0 33.6
 -78.8 33.8
 -78.5 33.9
 -78.0 33.9
 -78.0 34.0
 -77.8 34.2
 -77.6 34.4
 -77.4 34.5
 -77.4 34.6
 -77.4 34.8
 -77.3 34.6
 -77.4 34.6
 -77.3 34.6
 -77.1 34.7
 -76.7 34.7
 -76.7 34.8
 -76.8 34.7
 -76.7 34.8
 -76.6 34.7
 -76.6 34.8
 -76.6 34.7
 -76.5 34.7
 -76.5 34.8
 -76.3 34.9
 -76.3 35.0
 -76.4 35.0
 -76.3 35.0
 -76.5 34.9
 -76.5 35.0
 -76.4 35.0
 -76.4 35.1
 -76.5 35.1
 -76.5 35.0
 -76.6 35.0
 -76.5 34.9
 -76.6 35.0
 -76.8 34.9
 -76.9 35.0
 -77.0 35.1
 -77.1 35.2
 -76.9 35.0
 -76.8 35.0
 -76.7 35.0
 -76.6 35.1
 -76.6 35.2
 -76.7 35.2
 -76.6 35.2
 -76.5 35.2
 -76.5 35.3
 -76.9 35.4
 -77.0 35.4
 -77.1 35.5
 -76.9 35.5
 -76.7 35.4
 -76.6 35.4
 -76.6 35.5
 -76.5 35.5
 -76.6 35.5
 -76.5 35.4
 -76.4 35.4
 -76.4 35.5
 -76.4 35.4
 -76.4 35.3
 -76.4 35.4
 -76.3 35.4
 -76.1 35.3
 -76.1 35.4
 -76.0 35.4
 -75.9 35.6
 -75.8 35.6
 -75.8 35.7
 -75.7 35.7
 -75.7 35.8
 -75.8 35.9
 -75.9 36.0
 -75.8 35.9
 -75.9 35.9
 -76.0 35.9
 -76.0 35.8
 -76.0 35.6
 -76.1 35.7
 -76.0 35.7
 -76.1 35.8
 -76.0 35.9
 -76.1 35.9
 -76.0 36.0
 -76.1 36.0
 -76.2 36.0
 -76.3 35.9
 -76.7 35.9
 -76.7 36.0
 -76.7 36.1
 -76.8 36.2
 -76.7 36.3
 -76.7 36.2
 -76.7 36.1
 -76.6 36.0
 -76.5 36.0
 -76.3 36.1
 -76.4 36.1
 -76.5 36.2
 -76.2 36.1
 -76.3 36.2
 -76.2 36.1
 -76.1 36.1
 -76.1 36.2
 -76.2 36.3
 -76.1 36.2
 -75.9 36.2
 -76.0 36.2
 -76.0 36.3
 -75.9 36.1
 -75.8 36.1
 -75.9 36.4
 -76.0 36.5
 -75.9 36.5
 -75.9 36.6
 -76.0 36.5
 -76.0 36.6
 -76.0 36.7
 -75.9 36.7
 -75.8 36.4
 -75.7 36.1
 -75.7 36.0
 -75.6 35.8
 -75.5 35.8
 -75.7 36.2
 -75.9 36.5
 -76.0 36.9
 -76.1 36.9
 -76.3 36.9
 -76.4 36.9
 -76.5 36.9
 -76.5 37.0
 -76.6 37.0
 -76.7 37.2
 -76.7 37.1
 -76.8 37.2
 -76.9 37.2
 -77.0 37.3
 -77.2 37.3
 -77.3 37.3
 -77.2 37.3
 -77.0 37.3
 -76.9 37.2
 -76.9 37.3
 -76.8 37.2
 -76.7 37.2
 -76.4 37.0
 -76.3 37.0
 -76.3 37.1
 -76.4 37.2
 -76.5 37.2
 -76.6 37.3
 -76.8 37.5
 -76.7 37.5
 -76.5 37.3
 -76.4 37.3
 -76.4 37.4
 -76.3 37.3
 -76.2 37.4
 -76.3 37.5
 -76.2 37.5
 -76.3 37.5
 -76.4 37.5
 -76.3 37.6
 -76.5 37.6
 -76.8 37.9
 -77.1 38.1
 -77.0 38.1
 -76.9 38.0
 -76.6 37.8
 -76.6 37.7
 -76.5 37.7
 -76.4 37.6
 -76.3 37.6
 -76.3 37.7
 -76.3 37.9
 -76.2 37.8
 -76.2 37.9
 -76.3 37.9
 -76.5 38.0
 -76.5 38.1
 -76.6 38.1
 -76.9 38.2
 -77.0 38.3
 -77.0 38.4
 -77.2 38.3
 -77.3 38.4
 -77.2 38.7
 -77.2 38.6
 -77.2 38.7
 -77.1 38.7
 -77.0 38.9
 -77.0 38.7
 -77.1 38.7
 -77.3 38.5
 -77.2 38.4
 -77.1 38.4
 -77.0 38.5
 -77.0 38.4
 -76.9 38.3
 -76.8 38.3
 -76.9 38.4
 -76.8 38.4
 -76.8 38.3
 -76.8 38.2
 -76.6 38.2
 -76.5 38.1
 -76.5 38.2
 -76.4 38.2
 -76.4 38.1
 -76.3 38.0
 -76.3 38.2
 -76.4 38.2
 -76.4 38.3
 -76.6 38.4
 -76.7 38.5
 -76.7 38.7
 -76.6 38.5
 -76.4 38.3
 -76.4 38.4
 -76.5 38.5
 -76.5 38.6
 -76.5 38.7
 -76.5 38.8
 -76.5 38.9
 -76.5 39.0
 -76.5 38.9
 -76.4 38.9
 -76.6 39.0
 -76.6 39.1
 -76.5 39.0
 -76.4 39.0
 -76.5 39.1
 -76.4 39.1
 -76.6 39.3
 -76.5 39.2
 -76.4 39.2
 -76.5 39.3
 -76.4 39.3
 -76.3 39.4
 -76.4 39.4
 -76.3 39.4
 -76.3 39.3
 -76.2 39.3
 -76.3 39.4
 -76.2 39.5
 -76.2 39.4
 -76.1 39.5
 -76.1 39.6
 -75.9 39.6
 -76.0 39.5
 -75.8 39.6
 -75.9 39.5
 -75.8 39.5
 -75.9 39.5
 -76.0 39.4
 -75.8 39.4
 -76.0 39.4
 -76.2 39.3
 -76.3 39.2
 -76.2 39.0
 -76.2 39.1
 -76.1 39.1
 -76.2 39.0
 -76.3 39.0
 -76.4 38.9
 -76.3 38.9
 -76.2 39.0
 -76.2 38.9
 -76.2 38.8
 -76.1 38.8
 -76.2 38.8
 -76.3 38.8
 -76.3 38.7
 -76.3 38.8
 -76.3 38.7
 -76.2 38.8
 -76.2 38.7
 -76.1 38.6
 -76.0 38.6
 -76.1 38.6
 -76.2 38.6
 -76.3 38.6
 -76.3 38.5
 -76.2 38.6
 -76.3 38.5
 -76.2 38.3
 -76.2 38.4
 -76.0 38.2
 -76.0 38.3
 -76.0 38.4
 -76.0 38.3
 -75.8 38.4
 -75.9 38.3
 -75.8 38.2
 -75.9 38.2
 -75.9 38.1
 -75.9 38.2
 -75.8 38.1
 -75.7 38.1
 -75.8 38.0
 -75.9 38.0
 -75.9 37.9
 -75.8 38.0
 -75.7 38.0
 -75.6 37.9
 -75.7 37.9
 -75.7 37.8
 -75.8 37.8
 -75.9 37.6
 -76.0 37.5
 -76.0 37.3
 -76.0 37.2
 -75.9 37.2
 -75.8 37.5
 -75.7 37.5
 -75.7 37.6
 -75.7 37.5
 -75.6 37.6
 -75.4 37.9
 -75.3 38.1
 -75.2 38.3
 -75.2 38.2
 -75.1 38.3
 -75.1 38.4
 -75.1 38.5
 -75.1 38.4
 -75.0 38.5
 -75.1 38.6
 -75.2 38.6
 -75.1 38.6
 -75.1 38.7
 -75.1 38.8
 -75.2 38.8
 -75.4 39.1
 -75.4 39.3
 -75.6 39.5
 -75.5 39.6
 -75.6 39.6
 -75.5 39.8
 -75.1 39.9
 -75.3 39.8
 -75.6 39.6
 -75.5 39.6
 -75.5 39.5
 -75.4 39.4
 -75.3 39.3
 -75.1 39.2
 -74.9 39.2
 -74.9 39.1
 -75.0 39.0
 -74.9 38.9
 -74.7 39.1
 -74.5 39.3
 -74.6 39.3
 -74.5 39.3
 -74.5 39.4
 -74.5 39.3
 -74.4 39.4
 -74.5 39.4
 -74.4 39.5
 -74.4 39.4
 -74.4 39.6
 -74.3 39.5
 -74.3 39.6
 -74.1 39.7
 -74.2 39.8
 -74.1 39.9
 -74.0 40.1
 -74.0 40.4
 -74.1 40.4
 -74.2 40.4
 -74.3 40.5
 -74.3 40.6
 -74.1 40.7
 -73.9 41.0
 -73.9 41.2
 -74.0 41.2
 -74.0 41.3
 -73.9 41.3
 -73.9 41.2
 -73.9 40.9
 -74.0 40.8
 -74.0 40.7
 -73.9 40.8
 -73.8 40.8
 -73.7 40.9
 -73.4 41.1
 -73.1 41.2
 -72.9 41.3
 -72.9 41.2
 -72.4 41.3
 -72.4 41.4
 -72.3 41.3
 -72.1 41.3
 -72.1 41.4
 -72.0 41.3
 -71.5 41.4
 -71.4 41.5
 -71.4 41.6
 -71.4 41.7
 -71.4 41.8
 -71.3 41.7
 -71.1 41.8
 -71.2 41.6
 -71.2 41.5
 -71.1 41.5
 -71.0 41.5
 -70.9 41.6
 -70.8 41.6
 -70.7 41.7
 -70.6 41.7
 -70.7 41.5
 -70.5 41.6
 -69.9 41.7
 -69.9 41.8
 -69.9 41.9
 -70.0 42.0
 -70.1 42.1
 -70.2 42.1
 -70.2 42.0
 -70.2 42.1
 -70.1 42.1
 -70.1 42.0
 -70.1 41.9
 -70.0 41.9
 -70.0 41.8
 -70.3 41.7
 -70.5 41.8
 -70.5 41.9
 -70.6 42.0
 -70.7 42.0
 -70.6 42.1
 -70.6 42.0
 -70.8 42.2
 -70.9 42.3
 -70.9 42.2
 -71.0 42.3
 -71.0 42.4
 -70.8 42.5
 -70.9 42.5
 -70.8 42.6
 -70.7 42.6
 -70.6 42.6
 -70.6 42.7
 -70.7 42.6
 -70.8 42.7
 -70.8 42.8
 -70.9 42.8
 -70.7 43.1
 -70.8 43.1
 -70.7 43.1
 -70.6 43.2
 -70.6 43.3
 -70.5 43.4
 -70.4 43.4
 -70.4 43.5
 -70.3 43.6
 -70.2 43.6
 -70.2 43.7
 -70.1 43.8
 -69.9 43.9
 -70.0 43.8
 -69.9 43.9
 -70.0 43.7
 -69.9 43.8
 -69.9 43.9
 -69.8 43.7
 -69.8 43.8
 -69.8 44.0
 -69.9 44.0
 -69.8 44.1
 -69.8 44.0
 -69.8 43.8
 -69.7 43.8
 -69.7 43.9
 -69.6 44.0
 -69.7 43.9
 -69.6 43.9
 -69.5 43.9
 -69.4 44.0
 -69.3 44.1
 -69.4 44.0
 -69.2 44.0
 -69.2 43.9
 -69.1 44.1
 -68.9 44.4
 -69.0 44.4
 -68.8 44.5
 -68.8 44.6
 -68.7 44.6
 -68.8 44.4
 -68.7 44.5
 -68.7 44.4
 -68.8 44.4
 -68.8 44.3
 -68.7 44.4
 -68.5 44.2
 -68.5 44.3
 -68.6 44.4
 -68.5 44.4
 -68.5 44.5
 -68.4 44.5
 -68.4 44.4
 -68.3 44.5
 -68.2 44.5
 -68.1 44.5
 -68.1 44.3
 -68.0 44.4
 -68.0 44.5
 -68.0 44.4
 -67.9 44.4
 -67.9 44.5
 -67.8 44.5
 -67.9 44.6
 -67.8 44.6
 -67.8 44.5
 -67.7 44.6
 -67.7 44.5
 -67.6 44.6
 -67.6 44.5
 -67.6 44.6
 -67.5 44.7
 -67.5 44.6
 -67.4 44.6
 -67.4 44.7
 -67.4 44.6
 -67.4 44.7
 -67.3 44.7
 -67.2 44.7
 -67.0 44.8
 -67.0 44.9
 -67.1 44.8
 -67.1 44.9
 -67.1 44.8
 -67.2 44.9
 -67.1 44.9
 -67.1 45.0
 -67.1 44.9
 -67.0 45.0
 -67.2 45.2
 -67.3 45.2
 -67.3 45.1
 -67.4 45.2
 -67.5 45.3
 -67.5 45.5
 -67.4 45.5
 -67.4 45.6
 -67.5 45.6
 -67.8 45.7
 -67.8 45.8
 -67.8 46.3
 -67.8 47.1
 -68.1 47.3
 -68.3 47.4
 -68.4 47.4
 -68.4 47.3
 -68.5 47.3
 -68.9 47.2
 -69.0 47.3
 -69.1 47.4
 -69.2 47.5
 -69.4 47.3
 -70.0 46.7
 -70.1 46.4
 -70.3 46.2
 -70.2 46.2
 -70.3 46.1
 -70.3 46.0
 -70.2 46.0
 -70.2 45.9
 -70.4 45.8
 -70.4 45.7
 -70.5 45.7
 -70.7 45.6
 -70.7 45.5
 -70.6 45.4
 -70.7 45.4
 -70.8 45.4
 -70.8 45.3
 -70.9 45.2
 -71.0 45.4
 -71.2 45.3
 -71.3 45.3
 -71.4 45.2
 -71.5 45.1
 -71.5 45.0
 -71.7 45.0
 -72.7 45.0
 -73.1 45.0
 -73.2 45.0
 -73.3 45.0
 -73.4 45.0
 -73.7 45.0
 -74.7 45.0
 -74.9 45.0
 -75.1 44.9
 -75.5 44.7
 -75.8 44.5
 -75.8 44.4
 -76.3 44.1
 -76.4 44.1
 -76.3 44.1
 -76.3 44.0
 -76.2 44.1
 -76.1 44.1
 -76.2 44.0
 -76.1 44.0
 -76.2 43.9
 -76.3 43.9
 -76.2 43.7
 -76.2 43.6
 -76.3 43.5
 -76.5 43.5
 -76.7 43.4
 -76.8 43.3
 -77.0 43.3
 -77.3 43.3
 -77.6 43.2
 -78.1 43.4
 -78.5 43.4
 -79.1 43.3
 -79.1 43.1
 -79.0 43.1
 -78.9 43.1
 -78.9 43.0
 -78.9 42.8
 -79.1 42.6
 -79.3 42.5
 -79.7 42.3
 -80.1 42.2
 -80.3 42.1
 -80.9 41.9
 -81.4 41.7
 -81.7 41.5
 -82.3 41.4
 -82.5 41.4
 -82.8 41.5
 -83.0 41.4
 -83.1 41.5
 -82.7 41.5
 -82.8 41.5
 -82.8 41.6
 -82.9 41.5
 -83.0 41.5
 -83.3 41.7
 -83.4 41.7
 -83.5 41.7
 -83.4 41.8
 -83.3 41.9
 -83.2 42.0
 -83.2 42.1
 -83.1 42.3
 -82.9 42.4
 -82.9 42.5
 -82.8 42.6
 -82.7 42.7
 -82.6 42.7
 -82.6 42.6
 -82.5 42.6
 -82.5 42.8
 -82.4 43.0
 -82.5 43.3
 -82.6 43.8
 -82.7 43.9
 -82.8 44.0
 -82.9 44.1
 -83.0 44.1
 -83.2 44.0
 -83.3 44.0
 -83.5 43.8
 -83.5 43.7
 -83.6 43.6
 -83.7 43.6
 -83.9 43.7
 -83.9 43.9
 -83.8 44.0
 -83.7 44.0
 -83.6 44.1
 -83.5 44.2
 -83.5 44.3
 -83.3 44.3
 -83.3 44.8
 -83.4 44.9
 -83.5 45.0
 -83.4 45.1
 -83.3 45.0
 -83.4 45.2
 -83.4 45.3
 -83.5 45.4
 -83.7 45.4
 -83.8 45.4
 -84.0 45.5
 -84.1 45.5
 -84.2 45.6
 -84.3 45.7
 -84.5 45.7
 -84.7 45.8
 -85.0 45.8
 -84.9 45.7
 -85.1 45.6
 -85.1 45.5
 -85.0 45.4
 -84.9 45.4
 -85.0 45.4
 -85.1 45.4
 -85.3 45.3
 -85.4 45.3
 -85.4 45.0
 -85.5 44.8
 -85.6 44.8
 -85.5 44.8
 -85.5 45.0
 -85.6 44.8
 -85.7 44.8
 -85.6 45.2
 -85.8 45.0
 -85.9 44.9
 -85.9 45.0
 -86.1 44.9
 -86.1 44.8
 -86.3 44.7
 -86.3 44.6
 -86.2 44.6
 -86.3 44.4
 -86.4 44.2
 -86.5 44.1
 -86.5 44.0
 -86.4 43.8
 -86.5 43.7
 -86.5 43.6
 -86.4 43.3
 -86.3 43.2
 -86.2 43.0
 -86.2 42.6
 -86.3 42.3
 -86.6 41.9
 -87.0 41.7
 -87.2 41.6
 -87.4 41.6
 -87.6 41.8
 -87.7 42.0
 -87.7 42.1
 -87.8 42.2
 -87.8 42.3
 -87.8 42.5
 -87.8 42.6
 -87.8 42.8
 -87.9 43.0
 -87.9 43.2
 -87.8 43.6
 -87.7 43.7
 -87.7 43.9
 -87.7 44.1
 -87.5 44.2
 -87.5 44.3
 -87.4 44.6
 -87.3 44.8
 -87.4 44.9
 -87.6 44.8
 -87.7 44.7
 -87.8 44.7
 -87.9 44.5
 -88.0 44.6
 -87.8 44.9
 -87.6 45.0
 -87.6 45.2
 -87.3 45.5
 -87.2 45.7
 -87.1 45.7
 -87.0 45.9
 -87.0 45.8
 -87.0 45.7
 -86.9 45.7
 -86.8 45.9
 -86.6 45.9
 -86.5 45.8
 -86.7 45.7
 -86.6 45.6
 -86.5 45.8
 -86.4 45.8
 -86.3 45.9
 -86.1 46.0
 -85.7 46.0
 -85.5 46.1
 -85.2 46.1
 -85.0 46.0
 -84.8 45.9
 -84.7 45.9
 -84.7 46.0
 -84.6 46.0
 -84.5 46.0
 -83.9 46.0
 -84.0 46.1
 -84.1 46.1
 -84.0 46.1
 -84.2 46.2
 -84.2 46.3
 -84.3 46.5
 -84.5 46.4
 -84.6 46.4
 -84.6 46.5
 -85.0 46.5
 -85.0 46.7
 -84.9 46.8
 -85.2 46.8
 -85.5 46.7
 -86.1 46.7
 -86.7 46.5
 -86.8 46.5
 -86.9 46.5
 -87.0 46.5
 -87.1 46.5
 -87.2 46.5
 -87.3 46.5
 -87.4 46.5
 -87.4 46.6
 -87.6 46.7
 -87.7 46.8
 -88.1 46.9
 -88.2 46.9
 -88.3 46.8
 -88.3 46.9
 -88.1 47.0
 -88.2 47.0
 -88.4 46.9
 -88.5 46.8
 -88.5 46.9
 -88.4 47.0
 -88.5 47.0
 -88.6 47.1
 -88.6 47.2
 -88.7 47.2
 -88.9 47.1
 -88.9 47.0
 -89.1 47.0
 -89.2 46.9
 -89.4 46.9
 -89.8 46.8
 -90.3 46.6
 -90.4 46.6
 -90.5 46.6
 -90.7 46.7
 -90.9 46.6
 -91.0 46.6
 -90.8 46.9
 -90.8 47.0
 -91.0 46.9
 -91.1 46.9
 -91.3 46.8
 -91.8 46.7
 -92.0 46.7
 -92.1 46.8
 -91.6 47.1
 -91.3 47.3
 -91.1 47.5
 -90.5 47.7
 -89.8 47.9
 -89.6 48.0
 -89.7 48.0
 -89.9 48.0
 -90.0 48.0
 -90.1 48.1
 -90.2 48.1
 -90.4 48.1
 -90.7 48.1
 -90.8 48.1
 -90.8 48.2
 -90.9 48.2
 -91.0 48.2
 -91.4 48.0
 -91.7 48.1
 -91.7 48.2
 -92.0 48.2
 -92.1 48.4
 -92.3 48.3
 -92.3 48.2
 -92.4 48.2
 -92.4 48.4
 -92.5 48.4
 -92.7 48.4
 -92.7 48.5
 -92.6 48.5
 -93.2 48.6
 -93.4 48.6
 -93.5 48.6
 -93.7 48.5
 -93.8 48.5
 -93.9 48.6
 -94.3 48.7
 -94.5 48.7
 -94.7 48.8
 -94.7 48.9
 -94.8 49.3
 -95.1 49.4
 -95.2 49.4
 -95.2 49.2
 -95.2 49.0
 -95.3 49.0
 -97.2 49.0
 -100.5 49.0
 -103.7 49.0
 -107.0 49.0
 -110.3 49.0
 -113.5 49.0
 -116.8 49.0
 -120.1 49.0
 -122.8 49.0
 

