-70.2 12.1
 -70.1 12.1
 -70.0 12.2
 -69.9 12.2
 -69.8 12.0
 -69.7 11.6
 -69.7 11.5
 -69.6 11.5
 -69.5 11.5
 -69.4 11.5
 -69.3 11.5
 -68.8 11.4
 -68.4 11.2
 -68.3 10.9
 -68.4 10.9
 -68.3 10.9
 -68.2 10.9
 -68.3 10.9
 -68.3 10.8
 -68.3 10.6
 -68.2 10.5
 -67.8 10.5
 -67.3 10.5
 -66.7 10.6
 -66.2 10.6
 -66.0 10.6
 -66.1 10.5
 -65.8 10.2
 -65.7 10.2
 -65.5 10.2
 -65.1 10.1
 -65.0 10.1
 -64.9 10.1
 -64.8 10.1
 -64.7 10.1
 -64.7 10.2
 -64.6 10.3
 -64.4 10.3
 -64.4 10.4
 -64.2 10.4
 -64.2 10.5
 -63.8 10.4
 -63.7 10.5
 -63.8 10.5
 -64.0 10.6
 -64.2 10.6
 -64.2 10.5
 -64.3 10.6
 -64.3 10.7
 -64.2 10.6
 -63.9 10.6
 -63.8 10.7
 -63.7 10.6
 -63.4 10.7
 -63.0 10.7
 -62.8 10.7
 -62.6 10.7
 -62.1 10.7
 -61.9 10.7
 -62.2 10.6
 -62.3 10.5
 -62.9 10.5
 -62.8 10.5
 -62.8 10.4
 -62.9 10.4
 -63.0 10.4
 -63.0 10.3
 -62.9 10.3
 -63.0 10.4
 -62.9 10.4
 -62.8 10.4
 -62.7 10.3
 -62.6 10.1
 -62.7 10.1
 -62.9 10.1
 -63.0 10.1
 -62.9 10.0
 -62.9 10.1
 -62.8 10.0
 -62.7 10.0
 -62.7 10.1
 -62.6 10.1
 -62.6 10.2
 -62.5 10.2
 -62.4 10.0
 -62.3 9.7
 -62.2 9.9
 -62.3 10.0
 -62.2 9.9
 -62.2 9.6
 -62.2 9.7
 -62.2 9.9
 -62.0 9.9
 -62.2 9.9
 -62.2 10.0
 -62.1 10.0
 -61.8 9.8
 -61.8 9.7
 -61.7 9.7
 -61.8 9.8
 -61.6 9.8
 -61.7 9.9
 -61.6 9.9
 -61.5 9.8
 -61.3 9.6
 -61.2 9.6
 -61.0 9.5
 -60.9 9.5
 -60.8 9.4
 -60.8 9.3
 -61.0 9.1
 -61.1 9.0
 -61.0 9.2
 -60.9 9.2
 -61.1 8.9
 -61.2 8.7
 -61.2 8.6
 -61.5 8.6
 -61.6 8.6
 -61.7 8.6
 -61.2 8.4
 -61.2 8.5
 -61.0 8.5
 -61.1 8.5
 -61.0 8.5
 -61.0 8.6
 -60.7 8.6
 -60.5 8.5
 -60.4 8.6
 -60.2 8.6
 -60.0 8.6
 -60.0 8.5
 -59.9 8.4
 -59.4 8.1
 -59.5 8.2
 -59.8 8.3
 -59.8 8.4
 -59.3 8.2
 -59.0 7.9
 -58.7 7.6
 -58.5 7.3
 -58.5 7.0
 -58.6 6.9
 -58.6 6.5
 -58.6 6.4
 -58.7 6.4
 -58.6 6.4
 -58.5 6.8
 -58.4 6.9
 -58.3 6.9
 -58.0 6.8
 -57.6 6.5
 -57.5 6.3
 -57.4 6.3
 -57.2 6.2
 -57.2 6.0
 -57.2 5.6
 -57.2 5.5
 -57.1 5.9
 -57.0 6.0
 -56.5 5.9
 -56.0 5.8
 -55.9 5.7
 -55.9 5.9
 -55.8 6.0
 -55.7 6.0
 -55.3 5.9
 -55.1 5.9
 -55.0 5.9
 -55.1 5.9
 -55.2 6.0
 -55.1 6.0
 -55.0 6.0
 -54.4 5.9
 -54.0 5.8
 -54.0 5.7
 -54.0 5.6
 -54.2 5.3
 -54.1 5.4
 -54.0 5.7
 -53.9 5.8
 -53.7 5.7
 -53.5 5.6
 -52.9 5.5
 -52.6 5.1
 -52.4 5.0
 -52.4 4.9
 -52.3 4.9
 -52.3 4.8
 -52.3 4.7
 -52.3 4.8
 -52.2 4.9
 -52.1 4.7
 -52.0 4.6
 -52.0 4.4
 -52.0 4.3
 -52.0 4.4
 -51.9 4.4
 -51.9 4.6
 -51.9 4.7
 -51.8 4.5
 -51.7 4.3
 -51.7 4.2
 -51.6 4.2
 -51.7 4.0
 -51.6 4.2
 -51.6 4.4
 -51.5 4.4
 -51.3 4.2
 -51.2 4.0
 -51.2 3.8
 -51.1 3.9
 -51.1 3.3
 -50.9 2.9
 -50.9 2.8
 -50.8 2.6
 -50.8 2.5
 -50.7 2.4
 -50.7 2.2
 -50.7 2.1
 -50.8 2.2
 -50.8 2.1
 -50.7 2.0
 -50.7 2.1
 -50.6 2.1
 -50.6 2.0
 -50.4 1.8
 -50.1 1.8
 -49.9 1.7
 -49.9 1.5
 -49.9 1.3
 -50.1 1.2
 -49.9 1.3
 -49.9 1.2
 -50.1 0.9
 -50.3 0.9
 -50.3 0.8
 -50.3 0.7
 -50.6 0.3
 -50.8 0.2
 -50.9 0.2
 -51.0 0.1
 -51.1 -0.1
 -51.2 -0.1
 -51.3 -0.2
 -51.4 -0.4
 -51.5 -0.6
 -51.7 -0.8
 -51.7 -1.0
 -51.8 -1.1
 -51.9 -1.2
 -51.9 -1.3
 -52.1 -1.4
 -52.2 -1.3
 -52.7 -1.6
 -52.3 -1.5
 -52.2 -1.6
 -52.2 -1.7
 -52.1 -1.6
 -52.0 -1.6
 -51.7 -1.4
 -51.4 -1.3
 -51.4 -1.2
 -51.3 -1.2
 -51.0 -1.0
 -51.0 -0.9
 -50.9 -0.9
 -50.8 -0.9
 -50.8 -1.2
 -50.8 -1.3
 -50.8 -1.4
 -50.7 -1.6
 -50.7 -1.8
 -50.8 -1.9
 -51.0 -1.8
 -51.1 -1.8
 -51.1 -1.7
 -51.2 -1.8
 -51.2 -1.7
 -51.3 -1.8
 -51.3 -1.7
 -51.3 -1.6
 -51.4 -1.8
 -51.5 -1.8
 -51.4 -1.8
 -51.5 -2.0
 -51.5 -2.2
 -51.4 -2.3
 -51.5 -2.2
 -51.4 -2.0
 -51.3 -1.8
 -51.2 -1.9
 -51.0 -2.0
 -51.0 -2.2
 -51.0 -2.4
 -50.8 -2.5
 -51.0 -2.4
 -51.0 -2.2
 -50.9 -2.0
 -50.8 -2.0
 -50.8 -2.1
 -50.8 -2.0
 -50.7 -1.9
 -50.7 -2.0
 -50.7 -1.9
 -50.7 -1.8
 -50.6 -1.8
 -50.4 -1.9
 -50.5 -1.9
 -50.4 -1.9
 -50.3 -1.9
 -50.2 -1.9
 -50.0 -1.8
 -49.9 -1.9
 -49.9 -2.0
 -49.9 -2.1
 -49.8 -2.1
 -49.8 -1.9
 -49.6 -1.9
 -49.5 -1.8
 -49.3 -1.7
 -49.3 -1.8
 -49.4 -2.0
 -49.4 -2.1
 -49.5 -2.3
 -49.5 -2.5
 -49.3 -2.1
 -49.2 -1.9
 -49.0 -1.8
 -48.7 -1.5
 -48.6 -1.5
 -48.5 -1.6
 -48.4 -1.6
 -48.5 -1.5
 -48.4 -1.5
 -48.2 -1.5
 -48.3 -1.4
 -48.5 -1.5
 -48.5 -1.3
 -48.4 -1.3
 -48.3 -1.3
 -48.3 -1.1
 -48.3 -1.0
 -48.3 -0.9
 -48.2 -0.9
 -48.1 -0.8
 -48.0 -0.7
 -48.0 -0.8
 -47.8 -0.6
 -47.7 -0.6
 -47.7 -0.7
 -47.7 -0.8
 -47.7 -0.7
 -47.6 -0.6
 -47.5 -0.6
 -47.5 -0.8
 -47.4 -0.8
 -47.4 -0.7
 -47.5 -0.6
 -47.4 -0.6
 -47.4 -0.7
 -47.3 -0.6
 -47.2 -0.6
 -47.2 -0.7
 -47.2 -0.8
 -47.1 -0.8
 -47.1 -0.7
 -47.1 -0.8
 -47.0 -0.7
 -46.9 -0.8
 -46.8 -0.7
 -46.8 -0.8
 -46.8 -0.9
 -46.8 -0.8
 -46.7 -0.9
 -46.7 -0.8
 -46.6 -0.8
 -46.6 -0.9
 -46.7 -0.9
 -46.7 -1.0
 -46.6 -1.0
 -46.5 -1.0
 -46.4 -1.0
 -46.4 -1.1
 -46.3 -1.0
 -46.3 -1.1
 -46.3 -1.0
 -46.2 -1.0
 -46.2 -0.9
 -46.3 -1.2
 -46.2 -1.1
 -46.1 -1.1
 -46.1 -1.2
 -46.0 -1.1
 -46.0 -1.2
 -45.9 -1.2
 -45.9 -1.3
 -45.8 -1.2
 -45.8 -1.3
 -45.7 -1.1
 -45.7 -1.3
 -45.7 -1.4
 -45.6 -1.4
 -45.6 -1.3
 -45.5 -1.3
 -45.5 -1.4
 -45.5 -1.3
 -45.4 -1.3
 -45.5 -1.5
 -45.4 -1.5
 -45.3 -1.3
 -45.3 -1.4
 -45.4 -1.5
 -45.3 -1.6
 -45.4 -1.7
 -45.3 -1.7
 -45.2 -1.7
 -45.3 -1.6
 -45.2 -1.6
 -45.2 -1.5
 -45.1 -1.5
 -45.1 -1.4
 -45.0 -1.6
 -44.9 -1.4
 -44.8 -1.5
 -44.9 -1.6
 -44.9 -1.7
 -44.9 -1.6
 -44.8 -1.6
 -44.8 -1.7
 -44.7 -1.7
 -44.8 -1.8
 -44.7 -1.8
 -44.7 -1.7
 -44.6 -1.7
 -44.7 -1.8
 -44.5 -1.8
 -44.6 -1.9
 -44.5 -1.9
 -44.5 -2.0
 -44.5 -2.1
 -44.6 -2.1
 -44.6 -2.2
 -44.7 -2.3
 -44.7 -2.4
 -44.6 -2.3
 -44.5 -2.1
 -44.4 -2.2
 -44.4 -2.3
 -44.4 -2.4
 -44.5 -2.4
 -44.7 -2.6
 -44.6 -2.5
 -44.5 -2.6
 -44.6 -2.7
 -44.6 -2.8
 -44.7 -2.9
 -44.7 -3.0
 -44.6 -3.0
 -44.6 -3.1
 -44.8 -3.2
 -44.8 -3.3
 -44.8 -3.2
 -44.6 -3.2
 -44.6 -3.1
 -44.4 -2.9
 -44.4 -2.5
 -44.3 -2.5
 -44.1 -2.4
 -44.0 -2.4
 -44.1 -2.5
 -44.1 -2.7
 -44.2 -2.7
 -44.3 -2.8
 -44.2 -2.8
 -44.1 -2.8
 -44.1 -2.7
 -44.0 -2.6
 -43.9 -2.6
 -43.7 -2.5
 -43.7 -2.6
 -43.7 -2.5
 -43.6 -2.5
 -43.5 -2.5
 -43.5 -2.6
 -43.5 -2.5
 -43.4 -2.5
 -43.5 -2.4
 -43.3 -2.4
 -42.9 -2.5
 -42.5 -2.7
 -42.4 -2.8
 -42.3 -2.8
 -42.2 -2.8
 -41.9 -2.8
 -42.0 -2.7
 -41.9 -2.7
 -41.6 -2.9
 -41.4 -2.9
 -41.3 -2.9
 -41.2 -3.0
 -41.3 -2.9
 -41.1 -2.9
 -40.8 -2.9
 -40.5 -2.8
 -40.0 -2.8
 -39.8 -3.0
 -39.7 -3.0
 -39.5 -3.2
 -39.4 -3.2
 -39.1 -3.4
 -39.0 -3.4
 -38.8 -3.6
 -38.5 -3.7
 -38.2 -4.0
 -37.9 -4.4
 -37.8 -4.4
 -37.7 -4.5
 -37.5 -4.6
 -37.3 -4.7
 -37.2 -4.9
 -36.9 -4.9
 -36.8 -5.0
 -36.5 -5.1
 -36.2 -5.1
 -36.0 -5.1
 -35.6 -5.1
 -35.5 -5.2
 -35.3 -5.5
 -35.2 -5.9
 -35.1 -6.0
 -35.1 -6.2
 -35.0 -6.2
 -34.9 -6.9
 -34.8 -7.0
 -34.8 -7.3
 -34.8 -7.6
 -34.8 -7.7
 -34.9 -7.8
 -34.8 -7.8
 -34.8 -7.9
 -34.9 -8.1
 -34.9 -8.0
 -34.9 -8.1
 -35.0 -8.4
 -35.2 -8.9
 -35.3 -9.2
 -35.4 -9.3
 -35.7 -9.7
 -35.8 -9.6
 -35.8 -9.7
 -35.9 -9.7
 -35.9 -9.6
 -36.0 -9.6
 -35.9 -9.8
 -36.0 -10.0
 -36.2 -10.2
 -36.4 -10.5
 -36.5 -10.5
 -36.9 -10.7
 -37.0 -10.9
 -37.0 -10.8
 -37.1 -10.7
 -37.2 -10.8
 -37.0 -10.8
 -37.1 -10.9
 -37.2 -11.1
 -37.2 -11.0
 -37.3 -11.0
 -37.3 -11.1
 -37.2 -11.1
 -37.2 -11.2
 -37.3 -11.4
 -37.4 -11.4
 -37.3 -11.2
 -37.4 -11.4
 -37.5 -11.4
 -37.4 -11.4
 -37.4 -11.5
 -37.5 -11.7
 -37.7 -12.1
 -38.0 -12.5
 -38.3 -12.9
 -38.5 -13.0
 -38.5 -12.8
 -38.5 -12.7
 -38.7 -12.6
 -38.7 -12.7
 -38.8 -12.8
 -38.9 -12.8
 -38.9 -12.7
 -38.8 -12.9
 -38.7 -12.9
 -38.8 -13.0
 -38.9 -13.1
 -38.8 -13.2
 -38.9 -13.3
 -39.0 -13.4
 -39.0 -13.3
 -39.1 -13.6
 -39.0 -13.5
 -39.0 -13.8
 -39.1 -13.8
 -39.1 -13.7
 -39.1 -13.8
 -39.0 -13.9
 -39.1 -13.9
 -39.0 -14.0
 -39.0 -14.1
 -39.1 -14.1
 -39.0 -14.1
 -39.0 -13.9
 -38.9 -13.9
 -38.9 -14.0
 -39.0 -14.6
 -39.0 -15.0
 -38.9 -15.6
 -38.9 -15.8
 -38.9 -16.0
 -38.9 -16.1
 -39.1 -16.6
 -39.2 -17.1
 -39.2 -17.5
 -39.1 -17.7
 -39.2 -17.8
 -39.4 -17.9
 -39.6 -18.2
 -39.7 -18.7
 -39.7 -19.1
 -39.7 -19.4
 -39.8 -19.6
 -40.0 -19.7
 -40.1 -19.9
 -40.2 -20.0
 -40.2 -20.1
 -40.2 -20.3
 -40.3 -20.2
 -40.4 -20.2
 -40.4 -20.3
 -40.3 -20.3
 -40.3 -20.5
 -40.6 -20.8
 -40.7 -20.8
 -40.8 -20.9
 -40.8 -21.1
 -40.9 -21.2
 -41.0 -21.3
 -41.1 -21.5
 -41.0 -21.6
 -41.0 -22.0
 -41.3 -22.1
 -41.7 -22.3
 -42.0 -22.6
 -42.0 -22.7
 -41.9 -22.8
 -42.0 -22.9
 -42.4 -22.9
 -43.0 -23.0
 -43.1 -22.9
 -43.0 -22.7
 -43.1 -22.7
 -43.3 -22.7
 -43.3 -22.8
 -43.2 -22.9
 -43.1 -23.0
 -43.2 -23.0
 -43.6 -23.0
 -44.0 -23.1
 -44.0 -23.0
 -43.8 -23.1
 -43.6 -23.0
 -43.9 -22.9
 -44.0 -23.0
 -44.1 -22.9
 -44.1 -23.0
 -44.2 -23.1
 -44.2 -23.0
 -44.3 -23.0
 -44.4 -23.0
 -44.3 -23.0
 -44.3 -22.9
 -44.4 -23.0
 -44.4 -22.9
 -44.4 -23.0
 -44.7 -23.0
 -44.7 -23.1
 -44.7 -23.2
 -44.6 -23.2
 -44.6 -23.3
 -44.5 -23.3
 -44.7 -23.4
 -44.8 -23.4
 -44.9 -23.3
 -45.0 -23.4
 -45.0 -23.5
 -45.2 -23.5
 -45.2 -23.6
 -45.3 -23.6
 -45.4 -23.6
 -45.4 -23.7
 -45.4 -23.8
 -45.5 -23.8
 -45.6 -23.8
 -45.8 -23.8
 -46.1 -23.8
 -46.1 -23.9
 -46.3 -24.0
 -46.3 -23.9
 -46.4 -23.9
 -46.4 -24.0
 -46.8 -24.2
 -47.0 -24.3
 -47.0 -24.4
 -47.2 -24.6
 -47.5 -24.7
 -47.8 -24.9
 -47.9 -25.0
 -48.0 -25.1
 -48.0 -25.0
 -48.0 -25.1
 -47.9 -25.1
 -48.0 -25.2
 -48.2 -25.4
 -48.2 -25.5
 -48.2 -25.4
 -48.2 -25.3
 -48.3 -25.3
 -48.3 -25.4
 -48.3 -25.2
 -48.4 -25.3
 -48.4 -25.2
 -48.4 -25.3
 -48.5 -25.3
 -48.4 -25.4
 -48.6 -25.5
 -48.7 -25.4
 -48.7 -25.5
 -48.6 -25.5
 -48.5 -25.5
 -48.4 -25.6
 -48.6 -25.9
 -48.7 -25.9
 -48.8 -25.9
 -48.6 -25.9
 -48.6 -26.2
 -48.7 -26.2
 -48.8 -26.2
 -48.8 -26.3
 -48.6 -26.4
 -48.6 -26.5
 -48.7 -26.7
 -48.6 -26.8
 -48.6 -26.9
 -48.6 -27.0
 -48.6 -27.1
 -48.6 -27.2
 -48.5 -27.1
 -48.5 -27.2
 -48.6 -27.2
 -48.6 -27.3
 -48.6 -27.4
 -48.6 -27.5
 -48.6 -27.6
 -48.6 -27.7
 -48.6 -27.8
 -48.6 -28.0
 -48.7 -28.4
 -48.8 -28.5
 -48.8 -28.4
 -48.8 -28.3
 -48.9 -28.3
 -48.9 -28.5
 -48.8 -28.5
 -49.1 -28.8
 -49.4 -29.0
 -49.8 -29.4
 -50.0 -29.7
 -50.2 -30.2
 -50.4 -30.6
 -50.7 -31.0
 -51.0 -31.4
 -51.4 -31.7
 -51.9 -32.0
 -52.1 -32.2
 -52.1 -32.1
 -52.0 -31.9
 -52.1 -31.9
 -52.1 -31.8
 -52.0 -31.8
 -51.9 -31.9
 -51.8 -31.8
 -51.7 -31.8
 -51.6 -31.8
 -51.5 -31.6
 -51.4 -31.5
 -51.3 -31.5
 -51.2 -31.4
 -51.2 -31.1
 -51.1 -31.1
 -51.0 -31.1
 -50.9 -31.1
 -51.0 -31.0
 -51.0 -30.9
 -50.9 -30.9
 -50.7 -30.8
 -50.7 -30.7
 -50.7 -30.6
 -50.7 -30.4
 -50.6 -30.5
 -50.5 -30.3
 -50.6 -30.3
 -50.6 -30.2
 -50.7 -30.2
 -50.7 -30.3
 -50.8 -30.3
 -50.9 -30.3
 -50.9 -30.4
 -51.0 -30.4
 -51.0 -30.3
 -51.2 -30.2
 -51.2 -30.1
 -51.3 -30.0
 -51.3 -30.2
 -51.2 -30.4
 -51.1 -30.3
 -51.1 -30.4
 -51.2 -30.4
 -51.2 -30.5
 -51.3 -30.6
 -51.3 -30.8
 -51.3 -30.6
 -51.4 -30.6
 -51.4 -30.7
 -51.4 -30.9
 -51.5 -30.9
 -51.5 -31.0
 -51.4 -31.1
 -51.5 -31.1
 -51.6 -31.2
 -51.6 -31.3
 -51.9 -31.3
 -52.0 -31.4
 -52.0 -31.6
 -52.1 -31.6
 -52.0 -31.6
 -52.1 -31.7
 -52.2 -31.7
 -52.2 -31.8
 -52.2 -31.9
 -52.1 -31.9
 -52.2 -32.0
 -52.3 -32.1
 -52.2 -32.1
 -52.1 -32.0
 -52.2 -32.1
 -52.1 -32.1
 -52.1 -32.2
 -52.2 -32.2
 -52.3 -32.4
 -52.5 -32.8
 -52.7 -33.2
 -52.9 -33.4
 -53.4 -33.7
 -53.5 -33.8
 -53.5 -34.1
 -53.8 -34.3
 -53.8 -34.4
 -53.9 -34.5
 -54.1 -34.6
 -54.1 -34.7
 -54.3 -34.7
 -54.3 -34.6
 -54.3 -34.7
 -54.4 -34.8
 -55.0 -35.0
 -55.0 -34.9
 -55.1 -34.9
 -55.3 -34.9
 -55.4 -34.8
 -55.7 -34.8
 -56.0 -34.9
 -56.3 -34.9
 -56.4 -34.8
 -56.9 -34.7
 -57.1 -34.5
 -57.4 -34.4
 -57.8 -34.5
 -58.1 -34.2
 -58.2 -34.2
 -58.4 -33.9
 -58.4 -33.6
 -58.3 -33.3
 -58.4 -33.2
 -58.3 -33.1
 -58.2 -33.1
 -58.1 -33.1
 -58.0 -32.9
 -58.1 -32.9
 -58.1 -32.8
 -58.2 -32.5
 -58.2 -32.7
 -58.1 -32.9
 -58.2 -33.1
 -58.4 -33.1
 -58.4 -33.3
 -58.5 -33.4
 -58.5 -33.5
 -58.5 -33.8
 -58.5 -33.9
 -58.5 -34.0
 -58.4 -34.0
 -58.4 -34.2
 -58.4 -34.3
 -58.5 -34.3
 -58.6 -34.3
 -58.5 -34.4
 -58.4 -34.6
 -58.3 -34.7
 -57.8 -34.9
 -57.3 -35.2
 -57.1 -35.4
 -57.1 -35.5
 -57.2 -35.6
 -57.4 -35.8
 -57.4 -35.9
 -57.3 -36.1
 -57.1 -36.3
 -56.9 -36.3
 -56.9 -36.4
 -56.8 -36.3
 -56.7 -36.3
 -56.7 -36.4
 -56.7 -36.8
 -56.7 -36.9
 -56.8 -37.0
 -57.1 -37.5
 -57.5 -37.8
 -57.5 -37.9
 -57.5 -38.1
 -57.6 -38.2
 -58.0 -38.4
 -58.5 -38.5
 -59.1 -38.7
 -59.8 -38.8
 -60.4 -38.9
 -61.1 -39.0
 -61.8 -39.0
 -62.0 -38.9
 -62.2 -38.8
 -62.4 -38.8
 -62.3 -38.9
 -62.3 -39.0
 -62.3 -39.2
 -62.1 -39.3
 -62.0 -39.4
 -62.1 -39.4
 -62.2 -39.3
 -62.3 -39.3
 -62.1 -39.5
 -62.1 -39.8
 -62.3 -39.8
 -62.4 -40.1
 -62.3 -40.1
 -62.4 -40.2
 -62.5 -40.3
 -62.4 -40.5
 -62.3 -40.5
 -62.3 -40.6
 -62.2 -40.6
 -62.3 -40.6
 -62.3 -40.7
 -62.2 -40.6
 -62.3 -40.9
 -62.4 -40.9
 -62.9 -41.1
 -63.4 -41.2
 -63.8 -41.2
 -64.0 -41.1
 -64.1 -41.0
 -64.7 -40.8
 -64.9 -40.8
 -64.8 -40.8
 -64.7 -40.8
 -64.8 -40.7
 -64.9 -40.7
 -64.9 -40.8
 -65.0 -40.8
 -65.1 -40.8
 -65.2 -41.0
 -65.1 -41.3
 -65.0 -41.5
 -65.0 -41.7
 -65.0 -41.8
 -65.1 -42.0
 -64.9 -42.2
 -64.7 -42.2
 -64.5 -42.2
 -64.5 -42.3
 -64.6 -42.4
 -64.1 -42.4
 -64.0 -42.4
 -64.0 -42.3
 -64.1 -42.3
 -64.3 -42.2
 -64.2 -42.2
 -63.9 -42.1
 -63.7 -42.1
 -63.6 -42.3
 -63.6 -42.8
 -63.7 -42.8
 -64.1 -42.9
 -64.3 -42.8
 -64.2 -42.6
 -64.3 -42.5
 -64.5 -42.5
 -64.6 -42.5
 -65.0 -42.7
 -65.0 -42.8
 -64.4 -43.0
 -64.3 -42.9
 -64.3 -43.0
 -64.4 -43.1
 -64.8 -43.2
 -65.0 -43.3
 -65.0 -43.4
 -65.1 -43.5
 -65.3 -43.7
 -65.3 -44.0
 -65.2 -44.0
 -65.3 -44.2
 -65.2 -44.3
 -65.3 -44.4
 -65.3 -44.5
 -65.5 -44.6
 -65.7 -44.8
 -65.5 -44.9
 -65.6 -44.9
 -65.6 -45.0
 -65.7 -45.0
 -65.9 -45.0
 -66.0 -45.0
 -66.2 -45.0
 -66.5 -45.1
 -66.6 -45.1
 -66.5 -45.2
 -66.8 -45.2
 -67.0 -45.3
 -67.1 -45.5
 -67.3 -45.6
 -67.3 -45.7
 -67.3 -45.8
 -67.4 -45.8
 -67.6 -46.0
 -67.6 -46.1
 -67.6 -46.2
 -67.5 -46.5
 -67.2 -46.7
 -66.7 -47.0
 -66.0 -47.1
 -65.8 -47.2
 -65.7 -47.3
 -65.8 -47.5
 -65.9 -47.8
 -66.0 -47.8
 -65.9 -47.8
 -65.9 -47.9
 -65.8 -47.9
 -65.8 -48.0
 -66.0 -48.0
 -65.9 -48.1
 -66.1 -48.1
 -66.2 -48.2
 -66.3 -48.3
 -66.7 -48.4
 -66.8 -48.6
 -67.0 -48.6
 -67.1 -48.7
 -67.2 -48.8
 -67.5 -49.0
 -67.6 -49.1
 -67.6 -49.2
 -67.7 -49.2
 -67.8 -49.3
 -67.8 -49.4
 -67.7 -49.4
 -67.6 -49.3
 -67.7 -49.8
 -67.8 -49.9
 -68.1 -50.1
 -68.2 -50.1
 -68.3 -50.1
 -68.4 -50.1
 -68.5 -49.9
 -68.6 -49.9
 -68.6 -50.0
 -68.5 -50.1
 -68.4 -50.1
 -68.4 -50.2
 -68.8 -50.3
 -69.0 -50.4
 -69.1 -50.6
 -69.1 -50.9
 -69.2 -51.0
 -69.0 -51.5
 -69.0 -51.6
 -69.1 -51.6
 -69.4 -51.6
 -69.6 -51.6
 -69.3 -51.6
 -69.2 -51.7
 -69.0 -51.6
 -68.8 -51.9
 -68.4 -52.2
 -68.4 -52.3
 -68.4 -52.4
 -68.5 -52.3
 -68.8 -52.3
 -69.1 -52.2
 -69.3 -52.2
 -69.4 -52.3
 -69.5 -52.3
 -69.5 -52.4
 -69.6 -52.4
 -69.6 -52.5
 -69.7 -52.5
 -69.8 -52.5
 -70.2 -52.6
 -70.3 -52.6
 -70.5 -52.7
 -70.5 -52.6
 -70.6 -52.7
 -70.8 -52.7
 -70.9 -52.7
 -70.8 -52.8
 -70.7 -52.8
 -70.9 -52.9
 -70.8 -52.9
 -70.8 -53.0
 -70.9 -53.1
 -71.0 -53.4
 -70.9 -53.6
 -71.0 -53.8
 -71.1 -53.8
 -71.3 -53.9
 -71.7 -53.8
 -71.9 -53.7
 -72.0 -53.7
 -72.1 -53.7
 -72.4 -53.5
 -72.5 -53.4
 -72.4 -53.4
 -72.4 -53.3
 -72.3 -53.2
 -72.1 -53.3
 -72.1 -53.4
 -72.2 -53.4
 -72.0 -53.4
 -72.0 -53.3
 -72.0 -53.2
 -71.9 -53.2
 -71.8 -53.2
 -71.8 -53.4
 -71.8 -53.5
 -72.0 -53.5
 -72.0 -53.6
 -71.8 -53.5
 -71.7 -53.2
 -71.6 -53.2
 -71.4 -53.1
 -71.3 -53.1
 -71.1 -52.9
 -71.2 -52.8
 -71.4 -52.8
 -71.4 -52.7
 -71.4 -52.8
 -71.8 -53.0
 -72.0 -53.1
 -72.1 -53.1
 -72.2 -53.0
 -72.5 -53.1
 -72.6 -53.1
 -72.4 -53.1
 -72.3 -53.1
 -72.2 -53.2
 -72.3 -53.2
 -72.5 -53.2
 -72.4 -53.2
 -72.4 -53.3
 -72.5 -53.3
 -72.5 -53.4
 -72.6 -53.4
 -72.5 -53.4
 -72.4 -53.5
 -72.6 -53.5
 -72.8 -53.4
 -73.1 -53.3
 -73.3 -53.2
 -72.9 -53.2
 -72.8 -53.2
 -72.8 -53.3
 -72.7 -53.3
 -72.8 -53.2
 -72.7 -53.2
 -72.8 -53.1
 -72.7 -53.2
 -72.7 -53.1
 -72.9 -53.1
 -72.9 -53.0
 -73.0 -52.8
 -72.7 -52.7
 -72.6 -52.8
 -72.7 -52.9
 -72.6 -52.8
 -72.5 -52.8
 -72.4 -52.9
 -72.2 -52.7
 -72.0 -52.6
 -71.9 -52.7
 -71.7 -52.7
 -71.5 -52.6
 -72.1 -52.5
 -72.3 -52.5
 -72.4 -52.6
 -72.4 -52.7
 -72.5 -52.6
 -72.5 -52.5
 -72.4 -52.5
 -72.6 -52.6
 -72.9 -52.5
 -72.9 -52.6
 -73.0 -52.7
 -72.8 -52.6
 -72.7 -52.6
 -72.7 -52.7
 -72.8 -52.7
 -72.9 -52.8
 -73.0 -52.8
 -72.9 -53.0
 -73.0 -53.1
 -73.1 -53.1
 -73.2 -53.1
 -73.2 -53.0
 -73.2 -53.1
 -73.5 -53.0
 -73.4 -53.0
 -73.2 -53.0
 -73.2 -52.9
 -73.5 -52.8
 -73.6 -52.8
 -73.4 -52.8
 -73.2 -52.8
 -73.3 -52.8
 -73.3 -52.7
 -73.2 -52.7
 -73.2 -52.6
 -73.1 -52.5
 -73.2 -52.4
 -73.2 -52.5
 -73.2 -52.6
 -73.3 -52.7
 -73.3 -52.6
 -73.4 -52.5
 -73.4 -52.6
 -73.5 -52.7
 -73.6 -52.7
 -73.7 -52.7
 -73.6 -52.6
 -73.7 -52.6
 -73.5 -52.5
 -73.6 -52.5
 -73.5 -52.5
 -73.6 -52.4
 -73.7 -52.4
 -73.6 -52.4
 -73.6 -52.2
 -73.7 -52.1
 -73.7 -52.0
 -73.5 -52.2
 -73.5 -52.1
 -73.3 -52.2
 -73.2 -52.2
 -73.2 -52.1
 -73.1 -52.1
 -73.0 -52.1
 -73.0 -52.2
 -73.1 -52.2
 -73.0 -52.2
 -72.9 -52.3
 -72.8 -52.2
 -72.7 -52.1
 -72.8 -52.1
 -72.9 -52.2
 -72.9 -52.1
 -72.9 -52.0
 -72.8 -51.9
 -72.7 -52.0
 -72.7 -52.1
 -72.6 -52.1
 -72.5 -52.2
 -72.6 -52.3
 -72.9 -52.4
 -72.9 -52.5
 -72.7 -52.4
 -72.5 -52.5
 -72.5 -52.4
 -72.6 -52.4
 -72.5 -52.3
 -72.5 -52.2
 -72.7 -52.0
 -72.7 -51.9
 -72.5 -51.9
 -72.5 -51.8
 -72.7 -51.6
 -72.8 -51.6
 -73.1 -51.5
 -73.1 -51.4
 -73.2 -51.5
 -73.3 -51.5
 -73.0 -51.5
 -73.1 -51.6
 -73.0 -51.5
 -72.8 -51.6
 -72.7 -51.7
 -72.6 -51.7
 -72.6 -51.8
 -73.0 -51.8
 -73.0 -51.7
 -73.2 -51.7
 -73.2 -51.6
 -73.3 -51.6
 -73.2 -51.7
 -73.1 -51.7
 -73.0 -51.7
 -73.0 -51.8
 -73.1 -51.8
 -73.0 -51.8
 -73.1 -51.8
 -73.2 -51.9
 -73.0 -51.8
 -72.9 -51.8
 -72.9 -51.9
 -73.1 -51.9
 -73.2 -52.1
 -73.3 -51.7
 -73.4 -51.7
 -73.3 -52.0
 -73.3 -52.2
 -73.6 -52.0
 -73.6 -51.9
 -73.6 -51.8
 -73.4 -52.0
 -73.5 -51.9
 -73.6 -51.8
 -73.6 -51.7
 -73.5 -51.7
 -73.7 -51.7
 -73.7 -51.8
 -73.8 -51.7
 -73.7 -51.7
 -73.9 -51.6
 -73.8 -51.5
 -73.9 -51.5
 -73.9 -51.4
 -73.8 -51.4
 -73.6 -51.6
 -73.7 -51.4
 -73.7 -51.3
 -73.8 -51.2
 -73.7 -51.2
 -73.7 -51.3
 -73.7 -51.2
 -73.7 -51.1
 -73.8 -51.1
 -73.8 -51.2
 -73.9 -51.2
 -74.0 -51.1
 -74.0 -51.2
 -74.1 -51.2
 -74.2 -51.1
 -74.1 -51.0
 -74.2 -51.0
 -74.3 -50.9
 -74.2 -50.9
 -73.9 -50.9
 -73.8 -51.0
 -73.8 -50.9
 -73.9 -50.8
 -73.8 -50.8
 -73.7 -50.8
 -73.8 -50.7
 -73.7 -50.7
 -73.6 -50.6
 -73.5 -50.7
 -73.7 -50.6
 -73.7 -50.5
 -73.6 -50.5
 -73.6 -50.4
 -73.6 -50.5
 -73.7 -50.5
 -73.8 -50.5
 -73.8 -50.8
 -73.9 -50.8
 -74.0 -50.8
 -74.1 -50.8
 -74.1 -50.7
 -74.2 -50.6
 -74.3 -50.5
 -74.2 -50.5
 -74.1 -50.6
 -74.1 -50.5
 -74.0 -50.5
 -73.9 -50.5
 -74.0 -50.5
 -74.1 -50.5
 -74.1 -50.4
 -74.0 -50.4
 -74.1 -50.4
 -74.3 -50.4
 -74.3 -50.3
 -74.4 -50.4
 -74.5 -50.3
 -74.5 -50.2
 -74.7 -50.2
 -74.6 -50.1
 -74.5 -50.1
 -74.3 -50.1
 -74.3 -50.2
 -74.2 -50.3
 -74.1 -50.2
 -74.0 -50.3
 -73.9 -50.3
 -74.0 -50.2
 -74.2 -50.2
 -74.2 -50.1
 -74.3 -50.1
 -74.4 -50.0
 -74.3 -49.9
 -74.2 -50.0
 -73.9 -50.0
 -74.0 -50.0
 -73.9 -49.9
 -74.0 -50.0
 -74.1 -50.0
 -74.2 -49.9
 -74.3 -49.9
 -74.3 -49.8
 -74.1 -49.7
 -74.3 -49.7
 -74.3 -49.6
 -74.1 -49.5
 -74.0 -49.6
 -73.9 -49.6
 -73.7 -49.8
 -73.7 -49.7
 -73.8 -49.6
 -73.9 -49.5
 -74.1 -49.5
 -74.1 -49.3
 -74.0 -49.3
 -73.9 -49.3
 -74.0 -49.2
 -74.0 -49.1
 -73.9 -49.0
 -73.8 -49.1
 -73.8 -49.0
 -73.9 -49.0
 -74.1 -49.0
 -74.0 -49.2
 -74.1 -49.2
 -74.2 -49.2
 -74.2 -49.3
 -74.2 -49.5
 -74.4 -49.4
 -74.4 -49.3
 -74.4 -49.1
 -74.5 -49.1
 -74.5 -49.0
 -74.4 -49.0
 -74.4 -48.9
 -74.4 -48.8
 -74.4 -48.7
 -74.1 -48.7
 -74.2 -48.7
 -74.3 -48.7
 -74.4 -48.7
 -74.4 -48.6
 -74.2 -48.5
 -74.1 -48.5
 -74.0 -48.6
 -74.0 -48.5
 -74.0 -48.4
 -73.9 -48.4
 -74.0 -48.4
 -74.2 -48.3
 -74.1 -48.3
 -74.3 -48.3
 -74.3 -48.2
 -74.4 -48.2
 -74.5 -48.1
 -74.5 -48.0
 -74.6 -48.1
 -74.7 -48.0
 -74.6 -48.0
 -74.5 -48.0
 -74.3 -48.0
 -74.2 -48.2
 -74.3 -48.1
 -74.3 -48.0
 -73.9 -48.0
 -73.9 -48.1
 -73.8 -48.1
 -73.8 -48.0
 -73.8 -48.1
 -73.7 -48.1
 -73.6 -48.1
 -73.6 -48.2
 -73.5 -48.2
 -73.4 -48.2
 -73.3 -48.2
 -73.3 -48.1
 -73.4 -48.2
 -73.5 -48.1
 -73.6 -48.0
 -73.6 -47.9
 -73.5 -48.0
 -73.2 -48.0
 -73.3 -48.0
 -73.5 -48.0
 -73.5 -47.9
 -73.6 -47.9
 -73.6 -47.8
 -73.7 -47.8
 -73.7 -47.7
 -73.7 -47.6
 -73.7 -47.5
 -73.7 -47.6
 -73.8 -47.7
 -73.8 -47.8
 -73.9 -47.8
 -74.0 -47.8
 -74.1 -47.8
 -74.4 -47.8
 -74.4 -47.7
 -74.5 -47.8
 -74.7 -47.7
 -74.6 -47.6
 -74.6 -47.7
 -74.6 -47.6
 -74.5 -47.6
 -74.4 -47.6
 -74.4 -47.7
 -74.5 -47.7
 -74.3 -47.7
 -74.3 -47.6
 -74.2 -47.6
 -74.1 -47.6
 -74.0 -47.6
 -74.1 -47.6
 -74.3 -47.6
 -74.4 -47.5
 -74.5 -47.5
 -74.4 -47.5
 -74.5 -47.4
 -74.5 -47.5
 -74.5 -47.4
 -74.3 -47.2
 -74.2 -47.2
 -74.1 -47.3
 -74.1 -47.2
 -74.0 -47.2
 -74.0 -47.3
 -74.0 -47.2
 -74.1 -47.2
 -73.9 -47.0
 -74.1 -47.0
 -74.2 -46.9
 -74.1 -46.8
 -74.2 -46.9
 -74.3 -46.8
 -74.6 -46.7
 -74.5 -46.8
 -74.7 -46.8
 -74.7 -46.9
 -74.4 -46.9
 -74.5 -46.9
 -74.7 -46.9
 -74.7 -46.8
 -74.9 -46.8
 -75.1 -46.7
 -75.1 -46.6
 -74.9 -46.5
 -75.0 -46.4
 -75.1 -46.6
 -75.3 -46.6
 -75.4 -46.6
 -75.5 -46.7
 -75.7 -46.8
 -75.6 -46.8
 -75.5 -46.7
 -75.4 -46.7
 -75.5 -46.8
 -75.4 -46.8
 -75.4 -46.9
 -75.3 -46.9
 -75.4 -46.9
 -75.5 -47.0
 -75.6 -46.9
 -75.7 -46.8
 -75.7 -46.7
 -75.6 -46.6
 -75.5 -46.5
 -75.4 -46.5
 -75.4 -46.4
 -75.3 -46.4
 -75.2 -46.4
 -75.2 -46.3
 -75.1 -46.4
 -75.1 -46.3
 -75.1 -46.2
 -75.0 -46.2
 -74.9 -46.3
 -75.0 -46.2
 -74.9 -46.1
 -74.8 -46.2
 -74.8 -46.1
 -74.8 -46.0
 -74.7 -46.0
 -74.7 -45.9
 -74.7 -45.8
 -74.6 -45.8
 -74.5 -45.9
 -74.5 -46.0
 -74.4 -46.0
 -74.5 -45.8
 -74.3 -45.8
 -74.2 -45.8
 -74.1 -45.8
 -74.1 -45.9
 -74.2 -45.9
 -74.1 -45.9
 -74.1 -46.0
 -74.2 -46.0
 -74.1 -46.0
 -74.1 -46.1
 -74.2 -46.1
 -74.1 -46.1
 -74.1 -46.0
 -74.0 -46.0
 -74.0 -46.1
 -74.1 -46.2
 -74.3 -46.3
 -74.4 -46.2
 -74.5 -46.2
 -74.3 -46.3
 -74.0 -46.2
 -74.1 -46.2
 -74.0 -46.3
 -73.9 -46.3
 -74.0 -46.2
 -74.0 -46.1
 -73.9 -46.1
 -73.8 -46.2
 -73.8 -46.4
 -74.0 -46.6
 -73.9 -46.6
 -73.8 -46.6
 -73.8 -46.5
 -73.7 -46.4
 -73.6 -46.3
 -73.5 -46.3
 -73.6 -46.3
 -73.5 -46.2
 -73.3 -46.0
 -73.4 -46.0
 -73.6 -46.2
 -73.6 -46.3
 -73.7 -46.3
 -73.6 -46.1
 -73.7 -46.0
 -73.6 -45.9
 -73.5 -45.9
 -73.6 -45.8
 -73.5 -45.8
 -73.4 -45.7
 -73.2 -45.7
 -73.3 -45.6
 -73.6 -45.8
 -73.5 -45.5
 -73.4 -45.4
 -73.4 -45.5
 -73.4 -45.4
 -73.3 -45.4
 -73.3 -45.3
 -73.2 -45.3
 -73.0 -45.5
 -72.9 -45.5
 -72.8 -45.4
 -73.0 -45.4
 -73.1 -45.3
 -73.3 -45.2
 -73.3 -45.3
 -73.4 -45.3
 -73.5 -45.3
 -73.4 -45.2
 -73.3 -45.2
 -73.3 -45.1
 -73.4 -45.1
 -73.4 -45.0
 -73.2 -45.0
 -72.8 -44.8
 -72.7 -44.8
 -72.7 -44.5
 -72.6 -44.5
 -72.6 -44.3
 -72.7 -44.5
 -72.8 -44.4
 -72.9 -44.3
 -73.2 -44.3
 -73.2 -44.2
 -73.1 -44.2
 -73.1 -44.1
 -73.2 -44.2
 -73.3 -44.2
 -73.3 -44.1
 -73.2 -44.1
 -73.1 -44.1
 -73.1 -44.0
 -73.0 -43.8
 -72.8 -43.8
 -72.9 -43.7
 -72.9 -43.8
 -73.0 -43.7
 -73.1 -43.7
 -73.0 -43.6
 -72.9 -43.6
 -73.0 -43.6
 -73.1 -43.4
 -73.1 -43.3
 -72.9 -43.2
 -72.9 -43.1
 -72.8 -43.0
 -72.8 -43.1
 -72.7 -43.1
 -72.7 -42.9
 -72.8 -42.9
 -72.9 -42.8
 -72.9 -42.6
 -72.8 -42.5
 -72.7 -42.5
 -72.6 -42.6
 -72.5 -42.5
 -72.7 -42.5
 -72.8 -42.3
 -72.6 -42.2
 -72.5 -42.5
 -72.4 -42.4
 -72.5 -42.3
 -72.4 -42.2
 -72.5 -42.1
 -72.5 -42.0
 -72.6 -42.0
 -72.7 -42.0
 -72.9 -41.9
 -72.7 -41.7
 -72.6 -41.7
 -72.4 -41.7
 -72.3 -41.6
 -72.3 -41.4
 -72.4 -41.5
 -72.4 -41.7
 -72.6 -41.7
 -72.7 -41.7
 -72.8 -41.5
 -72.9 -41.5
 -73.0 -41.5
 -73.1 -41.6
 -73.1 -41.7
 -73.2 -41.8
 -73.3 -41.8
 -73.4 -41.8
 -73.8 -41.8
 -73.7 -41.7
 -73.6 -41.6
 -73.5 -41.5
 -73.6 -41.6
 -73.8 -41.6
 -73.9 -41.3
 -74.0 -41.2
 -74.0 -41.0
 -73.9 -40.9
 -73.9 -40.8
 -73.9 -40.7
 -73.9 -40.6
 -73.8 -40.6
 -73.7 -40.5
 -73.7 -40.3
 -73.7 -40.1
 -73.7 -40.0
 -73.7 -39.9
 -73.6 -39.9
 -73.5 -39.8
 -73.4 -39.8
 -73.4 -39.9
 -73.4 -39.7
 -73.3 -39.6
 -73.2 -39.3
 -73.3 -39.2
 -73.4 -38.7
 -73.5 -38.5
 -73.5 -38.3
 -73.5 -38.2
 -73.5 -38.1
 -73.5 -38.0
 -73.7 -37.7
 -73.7 -37.6
 -73.6 -37.5
 -73.6 -37.4
 -73.7 -37.3
 -73.6 -37.2
 -73.6 -37.1
 -73.5 -37.2
 -73.3 -37.2
 -73.2 -37.2
 -73.2 -37.1
 -73.1 -36.8
 -73.2 -36.8
 -73.1 -36.7
 -73.1 -36.6
 -73.1 -36.7
 -73.0 -36.7
 -73.0 -36.6
 -73.0 -36.5
 -72.9 -36.5
 -72.9 -36.4
 -72.8 -36.0
 -72.6 -35.8
 -72.6 -35.7
 -72.7 -35.6
 -72.6 -35.6
 -72.5 -35.5
 -72.4 -35.2
 -72.2 -35.1
 -72.2 -34.9
 -72.2 -34.8
 -72.1 -34.6
 -72.1 -34.4
 -72.0 -34.4
 -72.0 -34.1
 -71.8 -33.8
 -71.7 -33.7
 -71.6 -33.5
 -71.7 -33.4
 -71.7 -33.3
 -71.8 -33.1
 -71.6 -33.0
 -71.5 -32.8
 -71.5 -32.7
 -71.4 -32.6
 -71.5 -32.5
 -71.4 -32.4
 -71.5 -32.2
 -71.5 -31.8
 -71.6 -31.6
 -71.6 -31.2
 -71.7 -31.1
 -71.7 -30.9
 -71.7 -30.5
 -71.6 -30.2
 -71.5 -30.3
 -71.4 -30.2
 -71.4 -30.1
 -71.4 -30.0
 -71.3 -29.9
 -71.3 -29.8
 -71.3 -29.6
 -71.3 -29.4
 -71.4 -29.3
 -71.5 -29.2
 -71.5 -29.0
 -71.5 -28.9
 -71.3 -28.7
 -71.3 -28.6
 -71.2 -28.4
 -71.2 -28.2
 -71.0 -27.7
 -70.9 -27.6
 -70.9 -27.5
 -71.0 -27.4
 -70.9 -27.3
 -71.0 -27.2
 -70.9 -27.1
 -70.8 -27.0
 -70.8 -26.9
 -70.7 -26.6
 -70.7 -26.5
 -70.6 -26.3
 -70.7 -26.3
 -70.6 -26.0
 -70.7 -25.8
 -70.6 -25.6
 -70.6 -25.5
 -70.5 -25.5
 -70.5 -25.4
 -70.4 -25.4
 -70.4 -25.2
 -70.5 -25.1
 -70.5 -25.0
 -70.5 -24.8
 -70.6 -24.7
 -70.6 -24.5
 -70.5 -24.2
 -70.5 -23.9
 -70.5 -23.8
 -70.4 -23.7
 -70.4 -23.6
 -70.4 -23.5
 -70.5 -23.5
 -70.6 -23.5
 -70.6 -23.2
 -70.6 -23.1
 -70.5 -23.0
 -70.5 -23.1
 -70.4 -23.1
 -70.3 -23.0
 -70.3 -22.9
 -70.2 -22.4
 -70.2 -21.9
 -70.1 -21.4
 -70.1 -21.3
 -70.2 -21.0
 -70.1 -20.9
 -70.2 -20.7
 -70.2 -20.5
 -70.1 -20.3
 -70.2 -20.2
 -70.2 -19.7
 -70.2 -19.6
 -70.2 -19.4
 -70.3 -18.9
 -70.3 -18.4
 -70.4 -18.3
 -70.8 -18.1
 -70.9 -17.9
 -71.1 -17.9
 -71.2 -17.8
 -71.4 -17.7
 -71.4 -17.6
 -71.4 -17.4
 -71.5 -17.3
 -71.8 -17.2
 -72.0 -17.0
 -72.2 -17.0
 -72.4 -16.8
 -72.5 -16.7
 -72.7 -16.7
 -73.2 -16.4
 -73.3 -16.4
 -73.3 -16.3
 -73.6 -16.3
 -73.7 -16.2
 -73.9 -16.1
 -74.1 -16.0
 -74.4 -15.8
 -74.5 -15.7
 -74.8 -15.6
 -75.2 -15.4
 -75.2 -15.3
 -75.3 -15.3
 -75.2 -15.2
 -75.3 -15.2
 -75.4 -15.1
 -75.5 -15.0
 -75.5 -14.9
 -75.9 -14.7
 -76.0 -14.5
 -76.2 -14.3
 -76.1 -14.3
 -76.2 -14.2
 -76.3 -14.2
 -76.3 -14.1
 -76.3 -13.9
 -76.4 -13.9
 -76.4 -13.8
 -76.3 -13.8
 -76.3 -13.9
 -76.2 -13.6
 -76.2 -13.4
 -76.5 -13.0
 -76.5 -12.8
 -76.6 -12.8
 -76.6 -12.7
 -76.8 -12.5
 -76.8 -12.4
 -76.9 -12.3
 -77.0 -12.2
 -77.1 -12.1
 -77.2 -12.1
 -77.1 -11.9
 -77.2 -11.8
 -77.3 -11.5
 -77.7 -11.3
 -77.7 -11.2
 -77.6 -11.2
 -77.7 -10.9
 -77.9 -10.5
 -78.2 -10.1
 -78.2 -10.0
 -78.2 -9.8
 -78.4 -9.6
 -78.4 -9.4
 -78.5 -9.3
 -78.5 -9.2
 -78.6 -9.2
 -78.6 -9.1
 -78.7 -8.9
 -78.8 -8.8
 -78.8 -8.7
 -78.8 -8.6
 -78.9 -8.4
 -79.0 -8.3
 -79.1 -8.1
 -79.2 -8.0
 -79.4 -7.8
 -79.6 -7.3
 -79.7 -7.2
 -79.7 -7.1
 -79.9 -6.9
 -80.0 -6.8
 -80.1 -6.6
 -80.4 -6.5
 -81.2 -6.1
 -81.2 -5.9
 -81.1 -5.8
 -81.0 -5.9
 -80.9 -5.9
 -80.9 -5.8
 -80.9 -5.6
 -80.9 -5.5
 -81.2 -5.2
 -81.2 -5.1
 -81.1 -5.1
 -81.1 -5.0
 -81.4 -4.7
 -81.3 -4.6
 -81.3 -4.5
 -81.3 -4.3
 -81.2 -4.2
 -81.0 -4.0
 -80.9 -3.9
 -80.8 -3.7
 -80.6 -3.6
 -80.5 -3.5
 -80.4 -3.5
 -80.3 -3.4
 -80.1 -3.3
 -80.1 -3.2
 -80.0 -3.2
 -80.0 -3.3
 -79.9 -3.0
 -79.7 -2.6
 -79.7 -2.5
 -79.8 -2.5
 -79.9 -2.2
 -79.8 -2.0
 -79.9 -2.1
 -79.9 -2.2
 -79.9 -2.3
 -79.9 -2.4
 -79.9 -2.6
 -80.0 -2.6
 -80.1 -2.6
 -80.0 -2.5
 -79.9 -2.5
 -80.0 -2.5
 -80.0 -2.4
 -80.0 -2.3
 -80.1 -2.5
 -80.2 -2.6
 -80.3 -2.6
 -80.2 -2.7
 -80.3 -2.7
 -80.7 -2.4
 -80.9 -2.3
 -81.0 -2.2
 -80.9 -2.2
 -80.8 -2.1
 -80.7 -1.9
 -80.8 -1.7
 -80.9 -1.6
 -80.8 -1.5
 -80.8 -1.3
 -80.9 -1.1
 -80.9 -1.0
 -80.8 -0.9
 -80.6 -0.9
 -80.4 -0.6
 -80.3 -0.6
 -80.4 -0.6
 -80.5 -0.4
 -80.4 -0.3
 -80.4 -0.2
 -80.3 -0.2
 -80.1 0.0
 -80.0 0.2
 -80.0 0.6
 -80.1 0.7
 -80.1 0.8
 -80.0 0.8
 -79.7 1.0
 -79.7 0.9
 -79.6 0.8
 -79.6 1.0
 -79.2 1.1
 -79.1 1.2
 -79.0 1.2
 -79.0 1.1
 -79.0 1.2
 -78.9 1.2
 -78.9 1.3
 -78.8 1.4
 -78.9 1.6
 -79.0 1.6
 -79.1 1.6
 -79.0 1.8
 -78.9 1.8
 -78.6 1.8
 -78.5 1.9
 -78.6 1.9
 -78.6 2.0
 -78.7 2.0
 -78.7 2.2
 -78.5 2.4
 -78.5 2.5
 -78.4 2.5
 -78.4 2.4
 -78.2 2.5
 -78.1 2.5
 -78.1 2.6
 -78.0 2.5
 -77.9 2.6
 -78.0 2.6
 -77.9 2.6
 -77.8 2.6
 -77.7 2.6
 -77.8 2.7
 -77.8 2.8
 -77.6 2.8
 -77.6 2.9
 -77.7 2.9
 -77.6 2.9
 -77.6 3.0
 -77.7 3.0
 -77.6 3.1
 -77.5 3.1
 -77.5 3.2
 -77.4 3.3
 -77.5 3.3
 -77.4 3.4
 -77.4 3.3
 -77.3 3.5
 -77.3 3.6
 -77.2 3.6
 -77.1 3.7
 -77.2 3.7
 -77.2 3.8
 -77.1 3.8
 -77.2 3.8
 -77.1 3.8
 -77.0 3.9
 -77.1 3.9
 -77.3 3.8
 -77.3 3.9
 -77.3 4.0
 -77.2 4.0
 -77.2 4.1
 -77.3 4.1
 -77.3 4.0
 -77.3 3.9
 -77.4 3.9
 -77.4 4.1
 -77.4 4.2
 -77.3 4.2
 -77.2 4.3
 -77.4 4.3
 -77.3 4.4
 -77.3 4.6
 -77.3 4.7
 -77.4 5.0
 -77.4 5.4
 -77.5 5.5
 -77.5 5.6
 -77.4 5.6
 -77.3 5.6
 -77.3 5.7
 -77.2 5.8
 -77.5 6.2
 -77.5 6.3
 -77.4 6.2
 -77.4 6.3
 -77.4 6.4
 -77.4 6.5
 -77.3 6.6
 -77.5 6.7
 -77.6 6.8
 -77.7 6.9
 -77.7 6.8
 -77.7 6.9
 -77.7 7.0
 -77.7 7.1
 -77.8 7.2
 -77.9 7.2
 -77.8 7.5
 -77.7 7.5
 -77.8 7.6
 -77.8 7.7
 -77.7 7.7
 -77.6 7.5
 -77.4 7.6
 -77.3 7.7
 -77.4 7.8
 -77.3 7.9
 -77.1 7.9
 -77.2 8.1
 -77.4 8.3
 -77.4 8.4
 -77.4 8.5
 -77.5 8.5
 -77.4 8.7
 -77.2 8.5
 -77.1 8.4
 -77.0 8.3
 -76.9 8.2
 -76.9 8.1
 -76.8 8.1
 -76.9 8.0
 -76.9 7.9
 -76.8 7.9
 -76.7 8.0
 -76.8 8.2
 -76.8 8.5
 -76.9 8.5
 -76.9 8.6
 -76.6 8.7
 -76.4 8.9
 -76.3 9.0
 -76.3 9.1
 -76.2 9.1
 -76.2 9.2
 -76.1 9.3
 -75.9 9.4
 -75.7 9.4
 -75.6 9.5
 -75.6 9.6
 -75.6 9.7
 -75.7 9.7
 -75.6 9.8
 -75.5 10.2
 -75.6 10.2
 -75.7 10.2
 -75.5 10.3
 -75.5 10.4
 -75.5 10.5
 -75.5 10.6
 -75.3 10.7
 -75.2 10.7
 -75.3 10.8
 -75.0 11.0
 -74.9 11.1
 -74.3 11.0
 -74.4 11.0
 -74.5 11.0
 -74.5 10.9
 -74.6 10.9
 -74.6 10.8
 -74.5 10.8
 -74.5 10.7
 -74.4 10.7
 -74.3 10.9
 -74.2 11.2
 -74.2 11.3
 -74.0 11.4
 -73.7 11.3
 -73.3 11.3
 -73.2 11.3
 -73.0 11.5
 -72.6 11.8
 -72.4 11.8
 -72.2 11.9
 -72.1 12.1
 -72.2 12.2
 -72.1 12.2
 -72.0 12.3
 -72.0 12.2
 -71.9 12.2
 -71.9 12.3
 -72.0 12.3
 -71.8 12.4
 -71.8 12.3
 -71.7 12.4
 -71.7 12.5
 -71.5 12.4
 -71.2 12.3
 -71.1 12.1
 -71.1 12.0
 -71.3 11.9
 -71.4 11.8
 -71.9 11.6
 -72.0 11.6
 -72.0 11.5
 -71.9 11.3
 -71.8 11.1
 -71.6 11.0
 -71.7 11.0
 -71.8 11.0
 -71.6 10.7
 -71.6 10.5
 -71.8 10.4
 -72.0 10.0
 -72.1 9.8
 -72.0 9.6
 -72.0 9.5
 -71.9 9.5
 -71.8 9.4
 -71.9 9.4
 -71.8 9.4
 -71.7 9.3
 -71.8 9.2
 -71.7 9.2
 -71.8 9.1
 -71.6 9.0
 -71.5 9.0
 -71.3 9.1
 -71.2 9.3
 -71.1 9.3
 -71.1 9.5
 -71.0 9.7
 -71.1 9.9
 -71.4 10.3
 -71.5 10.6
 -71.5 10.7
 -71.6 10.8
 -71.4 10.8
 -71.4 10.9
 -71.5 11.0
 -71.1 11.1
 -70.8 11.2
 -70.4 11.3
 -70.1 11.4
 -70.2 11.5
 -70.0 11.4
 -70.0 11.5
 -69.9 11.4
 -69.8 11.4
 -69.7 11.5
 -69.8 11.7
 -70.2 11.6
 -70.2 11.8
 -70.3 11.9
 -70.2 12.1
 

-70.2 12.1
 -70.1 12.1
 -70.0 12.2
 -69.9 12.2
 -69.8 12.0
 -69.7 11.6
 -69.7 11.5
 -69.6 11.5
 -69.5 11.5
 -69.4 11.5
 -69.3 11.5
 -68.8 11.4
 -68.4 11.2
 -68.3 10.9
 -68.4 10.9
 -68.3 10.9
 -68.2 10.9
 -68.3 10.9
 -68.3 10.8
 -68.3 10.6
 -68.2 10.5
 -67.8 10.5
 -67.3 10.5
 -66.7 10.6
 -66.2 10.6
 -66.0 10.6
 -66.1 10.5
 -65.8 10.2
 -65.7 10.2
 -65.5 10.2
 -65.1 10.1
 -65.0 10.1
 -64.9 10.1
 -64.8 10.1
 -64.7 10.1
 -64.7 10.2
 -64.6 10.3
 -64.4 10.3
 -64.4 10.4
 -64.2 10.4
 -64.2 10.5
 -63.8 10.4
 -63.7 10.5
 -63.8 10.5
 -64.0 10.6
 -64.2 10.6
 -64.2 10.5
 -64.3 10.6
 -64.3 10.7
 -64.2 10.6
 -63.9 10.6
 -63.8 10.7
 -63.7 10.6
 -63.4 10.7
 -63.0 10.7
 -62.8 10.7
 -62.6 10.7
 -62.1 10.7
 -61.9 10.7
 -62.2 10.6
 -62.3 10.5
 -62.9 10.5
 -62.8 10.5
 -62.8 10.4
 -62.9 10.4
 -63.0 10.4
 -63.0 10.3
 -62.9 10.3
 -63.0 10.4
 -62.9 10.4
 -62.8 10.4
 -62.7 10.3
 -62.6 10.1
 -62.7 10.1
 -62.9 10.1
 -63.0 10.1
 -62.9 10.0
 -62.9 10.1
 -62.8 10.0
 -62.7 10.0
 -62.7 10.1
 -62.6 10.1
 -62.6 10.2
 -62.5 10.2
 -62.4 10.0
 -62.3 9.7
 -62.2 9.9
 -62.3 10.0
 -62.2 9.9
 -62.2 9.6
 -62.2 9.7
 -62.2 9.9
 -62.0 9.9
 -62.2 9.9
 -62.2 10.0
 -62.1 10.0
 -61.8 9.8
 -61.8 9.7
 -61.7 9.7
 -61.8 9.8
 -61.6 9.8
 -61.7 9.9
 -61.6 9.9
 -61.5 9.8
 -61.3 9.6
 -61.2 9.6
 -61.0 9.5
 -60.9 9.5
 -60.8 9.4
 -60.8 9.3
 -61.0 9.1
 -61.1 9.0
 -61.0 9.2
 -60.9 9.2
 -61.1 8.9
 -61.2 8.7
 -61.2 8.6
 -61.5 8.6
 -61.6 8.6
 -61.7 8.6
 -61.2 8.4
 -61.2 8.5
 -61.0 8.5
 -61.1 8.5
 -61.0 8.5
 -61.0 8.6
 -60.7 8.6
 -60.5 8.5
 -60.4 8.6
 -60.2 8.6
 -60.0 8.6
 -60.0 8.5
 -59.9 8.4
 -59.4 8.1
 -59.5 8.2
 -59.8 8.3
 -59.8 8.4
 -59.3 8.2
 -59.0 7.9
 -58.7 7.6
 -58.5 7.3
 -58.5 7.0
 -58.6 6.9
 -58.6 6.5
 -58.6 6.4
 -58.7 6.4
 -58.6 6.4
 -58.5 6.8
 -58.4 6.9
 -58.3 6.9
 -58.0 6.8
 -57.6 6.5
 -57.5 6.3
 -57.4 6.3
 -57.2 6.2
 -57.2 6.0
 -57.2 5.6
 -57.2 5.5
 -57.1 5.9
 -57.0 6.0
 -56.5 5.9
 -56.0 5.8
 -55.9 5.7
 -55.9 5.9
 -55.8 6.0
 -55.7 6.0
 -55.3 5.9
 -55.1 5.9
 -55.0 5.9
 -55.1 5.9
 -55.2 6.0
 -55.1 6.0
 -55.0 6.0
 -54.4 5.9
 -54.0 5.8
 -54.0 5.7
 -54.0 5.6
 -54.2 5.3
 -54.1 5.4
 -54.0 5.7
 -53.9 5.8
 -53.7 5.7
 -53.5 5.6
 -52.9 5.5
 -52.6 5.1
 -52.4 5.0
 -52.4 4.9
 -52.3 4.9
 -52.3 4.8
 -52.3 4.7
 -52.3 4.8
 -52.2 4.9
 -52.1 4.7
 -52.0 4.6
 -52.0 4.4
 -52.0 4.3
 -52.0 4.4
 -51.9 4.4
 -51.9 4.6
 -51.9 4.7
 -51.8 4.5
 -51.7 4.3
 -51.7 4.2
 -51.6 4.2
 -51.7 4.0
 -51.6 4.2
 -51.6 4.4
 -51.5 4.4
 -51.3 4.2
 -51.2 4.0
 -51.2 3.8
 -51.1 3.9
 -51.1 3.3
 -50.9 2.9
 -50.9 2.8
 -50.8 2.6
 -50.8 2.5
 -50.7 2.4
 -50.7 2.2
 -50.7 2.1
 -50.8 2.2
 -50.8 2.1
 -50.7 2.0
 -50.7 2.1
 -50.6 2.1
 -50.6 2.0
 -50.4 1.8
 -50.1 1.8
 -49.9 1.7
 -49.9 1.5
 -49.9 1.3
 -50.1 1.2
 -49.9 1.3
 -49.9 1.2
 -50.1 0.9
 -50.3 0.9
 -50.3 0.8
 -50.3 0.7
 -50.6 0.3
 -50.8 0.2
 -50.9 0.2
 -51.0 0.1
 -51.1 -0.1
 -51.2 -0.1
 -51.3 -0.2
 -51.4 -0.4
 -51.5 -0.6
 -51.7 -0.8
 -51.7 -1.0
 -51.8 -1.1
 -51.9 -1.2
 -51.9 -1.3
 -52.1 -1.4
 -52.2 -1.3
 -52.7 -1.6
 -52.3 -1.5
 -52.2 -1.6
 -52.2 -1.7
 -52.1 -1.6
 -52.0 -1.6
 -51.7 -1.4
 -51.4 -1.3
 -51.4 -1.2
 -51.3 -1.2
 -51.0 -1.0
 -51.0 -0.9
 -50.9 -0.9
 -50.8 -0.9
 -50.8 -1.2
 -50.8 -1.3
 -50.8 -1.4
 -50.7 -1.6
 -50.7 -1.8
 -50.8 -1.9
 -51.0 -1.8
 -51.1 -1.8
 -51.1 -1.7
 -51.2 -1.8
 -51.2 -1.7
 -51.3 -1.8
 -51.3 -1.7
 -51.3 -1.6
 -51.4 -1.8
 -51.5 -1.8
 -51.4 -1.8
 -51.5 -2.0
 -51.5 -2.2
 -51.4 -2.3
 -51.5 -2.2
 -51.4 -2.0
 -51.3 -1.8
 -51.2 -1.9
 -51.0 -2.0
 -51.0 -2.2
 -51.0 -2.4
 -50.8 -2.5
 -51.0 -2.4
 -51.0 -2.2
 -50.9 -2.0
 -50.8 -2.0
 -50.8 -2.1
 -50.8 -2.0
 -50.7 -1.9
 -50.7 -2.0
 -50.7 -1.9
 -50.7 -1.8
 -50.6 -1.8
 -50.4 -1.9
 -50.5 -1.9
 -50.4 -1.9
 -50.3 -1.9
 -50.2 -1.9
 -50.0 -1.8
 -49.9 -1.9
 -49.9 -2.0
 -49.9 -2.1
 -49.8 -2.1
 -49.8 -1.9
 -49.6 -1.9
 -49.5 -1.8
 -49.3 -1.7
 -49.3 -1.8
 -49.4 -2.0
 -49.4 -2.1
 -49.5 -2.3
 -49.5 -2.5
 -49.3 -2.1
 -49.2 -1.9
 -49.0 -1.8
 -48.7 -1.5
 -48.6 -1.5
 -48.5 -1.6
 -48.4 -1.6
 -48.5 -1.5
 -48.4 -1.5
 -48.2 -1.5
 -48.3 -1.4
 -48.5 -1.5
 -48.5 -1.3
 -48.4 -1.3
 -48.3 -1.3
 -48.3 -1.1
 -48.3 -1.0
 -48.3 -0.9
 -48.2 -0.9
 -48.1 -0.8
 -48.0 -0.7
 -48.0 -0.8
 -47.8 -0.6
 -47.7 -0.6
 -47.7 -0.7
 -47.7 -0.8
 -47.7 -0.7
 -47.6 -0.6
 -47.5 -0.6
 -47.5 -0.8
 -47.4 -0.8
 -47.4 -0.7
 -47.5 -0.6
 -47.4 -0.6
 -47.4 -0.7
 -47.3 -0.6
 -47.2 -0.6
 -47.2 -0.7
 -47.2 -0.8
 -47.1 -0.8
 -47.1 -0.7
 -47.1 -0.8
 -47.0 -0.7
 -46.9 -0.8
 -46.8 -0.7
 -46.8 -0.8
 -46.8 -0.9
 -46.8 -0.8
 -46.7 -0.9
 -46.7 -0.8
 -46.6 -0.8
 -46.6 -0.9
 -46.7 -0.9
 -46.7 -1.0
 -46.6 -1.0
 -46.5 -1.0
 -46.4 -1.0
 -46.4 -1.1
 -46.3 -1.0
 -46.3 -1.1
 -46.3 -1.0
 -46.2 -1.0
 -46.2 -0.9
 -46.3 -1.2
 -46.2 -1.1
 -46.1 -1.1
 -46.1 -1.2
 -46.0 -1.1
 -46.0 -1.2
 -45.9 -1.2
 -45.9 -1.3
 -45.8 -1.2
 -45.8 -1.3
 -45.7 -1.1
 -45.7 -1.3
 -45.7 -1.4
 -45.6 -1.4
 -45.6 -1.3
 -45.5 -1.3
 -45.5 -1.4
 -45.5 -1.3
 -45.4 -1.3
 -45.5 -1.5
 -45.4 -1.5
 -45.3 -1.3
 -45.3 -1.4
 -45.4 -1.5
 -45.3 -1.6
 -45.4 -1.7
 -45.3 -1.7
 -45.2 -1.7
 -45.3 -1.6
 -45.2 -1.6
 -45.2 -1.5
 -45.1 -1.5
 -45.1 -1.4
 -45.0 -1.6
 -44.9 -1.4
 -44.8 -1.5
 -44.9 -1.6
 -44.9 -1.7
 -44.9 -1.6
 -44.8 -1.6
 -44.8 -1.7
 -44.7 -1.7
 -44.8 -1.8
 -44.7 -1.8
 -44.7 -1.7
 -44.6 -1.7
 -44.7 -1.8
 -44.5 -1.8
 -44.6 -1.9
 -44.5 -1.9
 -44.5 -2.0
 -44.5 -2.1
 -44.6 -2.1
 -44.6 -2.2
 -44.7 -2.3
 -44.7 -2.4
 -44.6 -2.3
 -44.5 -2.1
 -44.4 -2.2
 -44.4 -2.3
 -44.4 -2.4
 -44.5 -2.4
 -44.7 -2.6
 -44.6 -2.5
 -44.5 -2.6
 -44.6 -2.7
 -44.6 -2.8
 -44.7 -2.9
 -44.7 -3.0
 -44.6 -3.0
 -44.6 -3.1
 -44.8 -3.2
 -44.8 -3.3
 -44.8 -3.2
 -44.6 -3.2
 -44.6 -3.1
 -44.4 -2.9
 -44.4 -2.5
 -44.3 -2.5
 -44.1 -2.4
 -44.0 -2.4
 -44.1 -2.5
 -44.1 -2.7
 -44.2 -2.7
 -44.3 -2.8
 -44.2 -2.8
 -44.1 -2.8
 -44.1 -2.7
 -44.0 -2.6
 -43.9 -2.6
 -43.7 -2.5
 -43.7 -2.6
 -43.7 -2.5
 -43.6 -2.5
 -43.5 -2.5
 -43.5 -2.6
 -43.5 -2.5
 -43.4 -2.5
 -43.5 -2.4
 -43.3 -2.4
 -42.9 -2.5
 -42.5 -2.7
 -42.4 -2.8
 -42.3 -2.8
 -42.2 -2.8
 -41.9 -2.8
 -42.0 -2.7
 -41.9 -2.7
 -41.6 -2.9
 -41.4 -2.9
 -41.3 -2.9
 -41.2 -3.0
 -41.3 -2.9
 -41.1 -2.9
 -40.8 -2.9
 -40.5 -2.8
 -40.0 -2.8
 -39.8 -3.0
 -39.7 -3.0
 -39.5 -3.2
 -39.4 -3.2
 -39.1 -3.4
 -39.0 -3.4
 -38.8 -3.6
 -38.5 -3.7
 -38.2 -4.0
 -37.9 -4.4
 -37.8 -4.4
 -37.7 -4.5
 -37.5 -4.6
 -37.3 -4.7
 -37.2 -4.9
 -36.9 -4.9
 -36.8 -5.0
 -36.5 -5.1
 -36.2 -5.1
 -36.0 -5.1
 -35.6 -5.1
 -35.5 -5.2
 -35.3 -5.5
 -35.2 -5.9
 -35.1 -6.0
 -35.1 -6.2
 -35.0 -6.2
 -34.9 -6.9
 -34.8 -7.0
 -34.8 -7.3
 -34.8 -7.6
 -34.8 -7.7
 -34.9 -7.8
 -34.8 -7.8
 -34.8 -7.9
 -34.9 -8.1
 -34.9 -8.0
 -34.9 -8.1
 -35.0 -8.4
 -35.2 -8.9
 -35.3 -9.2
 -35.4 -9.3
 -35.7 -9.7
 -35.8 -9.6
 -35.8 -9.7
 -35.9 -9.7
 -35.9 -9.6
 -36.0 -9.6
 -35.9 -9.8
 -36.0 -10.0
 -36.2 -10.2
 -36.4 -10.5
 -36.5 -10.5
 -36.9 -10.7
 -37.0 -10.9
 -37.0 -10.8
 -37.1 -10.7
 -37.2 -10.8
 -37.0 -10.8
 -37.1 -10.9
 -37.2 -11.1
 -37.2 -11.0
 -37.3 -11.0
 -37.3 -11.1
 -37.2 -11.1
 -37.2 -11.2
 -37.3 -11.4
 -37.4 -11.4
 -37.3 -11.2
 -37.4 -11.4
 -37.5 -11.4
 -37.4 -11.4
 -37.4 -11.5
 -37.5 -11.7
 -37.7 -12.1
 -38.0 -12.5
 -38.3 -12.9
 -38.5 -13.0
 -38.5 -12.8
 -38.5 -12.7
 -38.7 -12.6
 -38.7 -12.7
 -38.8 -12.8
 -38.9 -12.8
 -38.9 -12.7
 -38.8 -12.9
 -38.7 -12.9
 -38.8 -13.0
 -38.9 -13.1
 -38.8 -13.2
 -38.9 -13.3
 -39.0 -13.4
 -39.0 -13.3
 -39.1 -13.6
 -39.0 -13.5
 -39.0 -13.8
 -39.1 -13.8
 -39.1 -13.7
 -39.1 -13.8
 -39.0 -13.9
 -39.1 -13.9
 -39.0 -14.0
 -39.0 -14.1
 -39.1 -14.1
 -39.0 -14.1
 -39.0 -13.9
 -38.9 -13.9
 -38.9 -14.0
 -39.0 -14.6
 -39.0 -15.0
 -38.9 -15.6
 -38.9 -15.8
 -38.9 -16.0
 -38.9 -16.1
 -39.1 -16.6
 -39.2 -17.1
 -39.2 -17.5
 -39.1 -17.7
 -39.2 -17.8
 -39.4 -17.9
 -39.6 -18.2
 -39.7 -18.7
 -39.7 -19.1
 -39.7 -19.4
 -39.8 -19.6
 -40.0 -19.7
 -40.1 -19.9
 -40.2 -20.0
 -40.2 -20.1
 -40.2 -20.3
 -40.3 -20.2
 -40.4 -20.2
 -40.4 -20.3
 -40.3 -20.3
 -40.3 -20.5
 -40.6 -20.8
 -40.7 -20.8
 -40.8 -20.9
 -40.8 -21.1
 -40.9 -21.2
 -41.0 -21.3
 -41.1 -21.5
 -41.0 -21.6
 -41.0 -22.0
 -41.3 -22.1
 -41.7 -22.3
 -42.0 -22.6
 -42.0 -22.7
 -41.9 -22.8
 -42.0 -22.9
 -42.4 -22.9
 -43.0 -23.0
 -43.1 -22.9
 -43.0 -22.7
 -43.1 -22.7
 -43.3 -22.7
 -43.3 -22.8
 -43.2 -22.9
 -43.1 -23.0
 -43.2 -23.0
 -43.6 -23.0
 -44.0 -23.1
 -44.0 -23.0
 -43.8 -23.1
 -43.6 -23.0
 -43.9 -22.9
 -44.0 -23.0
 -44.1 -22.9
 -44.1 -23.0
 -44.2 -23.1
 -44.2 -23.0
 -44.3 -23.0
 -44.4 -23.0
 -44.3 -23.0
 -44.3 -22.9
 -44.4 -23.0
 -44.4 -22.9
 -44.4 -23.0
 -44.7 -23.0
 -44.7 -23.1
 -44.7 -23.2
 -44.6 -23.2
 -44.6 -23.3
 -44.5 -23.3
 -44.7 -23.4
 -44.8 -23.4
 -44.9 -23.3
 -45.0 -23.4
 -45.0 -23.5
 -45.2 -23.5
 -45.2 -23.6
 -45.3 -23.6
 -45.4 -23.6
 -45.4 -23.7
 -45.4 -23.8
 -45.5 -23.8
 -45.6 -23.8
 -45.8 -23.8
 -46.1 -23.8
 -46.1 -23.9
 -46.3 -24.0
 -46.3 -23.9
 -46.4 -23.9
 -46.4 -24.0
 -46.8 -24.2
 -47.0 -24.3
 -47.0 -24.4
 -47.2 -24.6
 -47.5 -24.7
 -47.8 -24.9
 -47.9 -25.0
 -48.0 -25.1
 -48.0 -25.0
 -48.0 -25.1
 -47.9 -25.1
 -48.0 -25.2
 -48.2 -25.4
 -48.2 -25.5
 -48.2 -25.4
 -48.2 -25.3
 -48.3 -25.3
 -48.3 -25.4
 -48.3 -25.2
 -48.4 -25.3
 -48.4 -25.2
 -48.4 -25.3
 -48.5 -25.3
 -48.4 -25.4
 -48.6 -25.5
 -48.7 -25.4
 -48.7 -25.5
 -48.6 -25.5
 -48.5 -25.5
 -48.4 -25.6
 -48.6 -25.9
 -48.7 -25.9
 -48.8 -25.9
 -48.6 -25.9
 -48.6 -26.2
 -48.7 -26.2
 -48.8 -26.2
 -48.8 -26.3
 -48.6 -26.4
 -48.6 -26.5
 -48.7 -26.7
 -48.6 -26.8
 -48.6 -26.9
 -48.6 -27.0
 -48.6 -27.1
 -48.6 -27.2
 -48.5 -27.1
 -48.5 -27.2
 -48.6 -27.2
 -48.6 -27.3
 -48.6 -27.4
 -48.6 -27.5
 -48.6 -27.6
 -48.6 -27.7
 -48.6 -27.8
 -48.6 -28.0
 -48.7 -28.4
 -48.8 -28.5
 -48.8 -28.4
 -48.8 -28.3
 -48.9 -28.3
 -48.9 -28.5
 -48.8 -28.5
 -49.1 -28.8
 -49.4 -29.0
 -49.8 -29.4
 -50.0 -29.7
 -50.2 -30.2
 -50.4 -30.6
 -50.7 -31.0
 -51.0 -31.4
 -51.4 -31.7
 -51.9 -32.0
 -52.1 -32.2
 -52.1 -32.1
 -52.0 -31.9
 -52.1 -31.9
 -52.1 -31.8
 -52.0 -31.8
 -51.9 -31.9
 -51.8 -31.8
 -51.7 -31.8
 -51.6 -31.8
 -51.5 -31.6
 -51.4 -31.5
 -51.3 -31.5
 -51.2 -31.4
 -51.2 -31.1
 -51.1 -31.1
 -51.0 -31.1
 -50.9 -31.1
 -51.0 -31.0
 -51.0 -30.9
 -50.9 -30.9
 -50.7 -30.8
 -50.7 -30.7
 -50.7 -30.6
 -50.7 -30.4
 -50.6 -30.5
 -50.5 -30.3
 -50.6 -30.3
 -50.6 -30.2
 -50.7 -30.2
 -50.7 -30.3
 -50.8 -30.3
 -50.9 -30.3
 -50.9 -30.4
 -51.0 -30.4
 -51.0 -30.3
 -51.2 -30.2
 -51.2 -30.1
 -51.3 -30.0
 -51.3 -30.2
 -51.2 -30.4
 -51.1 -30.3
 -51.1 -30.4
 -51.2 -30.4
 -51.2 -30.5
 -51.3 -30.6
 -51.3 -30.8
 -51.3 -30.6
 -51.4 -30.6
 -51.4 -30.7
 -51.4 -30.9
 -51.5 -30.9
 -51.5 -31.0
 -51.4 -31.1
 -51.5 -31.1
 -51.6 -31.2
 -51.6 -31.3
 -51.9 -31.3
 -52.0 -31.4
 -52.0 -31.6
 -52.1 -31.6
 -52.0 -31.6
 -52.1 -31.7
 -52.2 -31.7
 -52.2 -31.8
 -52.2 -31.9
 -52.1 -31.9
 -52.2 -32.0
 -52.3 -32.1
 -52.2 -32.1
 -52.1 -32.0
 -52.2 -32.1
 -52.1 -32.1
 -52.1 -32.2
 -52.2 -32.2
 -52.3 -32.4
 -52.5 -32.8
 -52.7 -33.2
 -52.9 -33.4
 -53.4 -33.7
 -53.5 -33.8
 -53.5 -34.1
 -53.8 -34.3
 -53.8 -34.4
 -53.9 -34.5
 -54.1 -34.6
 -54.1 -34.7
 -54.3 -34.7
 -54.3 -34.6
 -54.3 -34.7
 -54.4 -34.8
 -55.0 -35.0
 -55.0 -34.9
 -55.1 -34.9
 -55.3 -34.9
 -55.4 -34.8
 -55.7 -34.8
 -56.0 -34.9
 -56.3 -34.9
 -56.4 -34.8
 -56.9 -34.7
 -57.1 -34.5
 -57.4 -34.4
 -57.8 -34.5
 -58.1 -34.2
 -58.2 -34.2
 -58.4 -33.9
 -58.4 -33.6
 -58.3 -33.3
 -58.4 -33.2
 -58.3 -33.1
 -58.2 -33.1
 -58.1 -33.1
 -58.0 -32.9
 -58.1 -32.9
 -58.1 -32.8
 -58.2 -32.5
 -58.2 -32.7
 -58.1 -32.9
 -58.2 -33.1
 -58.4 -33.1
 -58.4 -33.3
 -58.5 -33.4
 -58.5 -33.5
 -58.5 -33.8
 -58.5 -33.9
 -58.5 -34.0
 -58.4 -34.0
 -58.4 -34.2
 -58.4 -34.3
 -58.5 -34.3
 -58.6 -34.3
 -58.5 -34.4
 -58.4 -34.6
 -58.3 -34.7
 -57.8 -34.9
 -57.3 -35.2
 -57.1 -35.4
 -57.1 -35.5
 -57.2 -35.6
 -57.4 -35.8
 -57.4 -35.9
 -57.3 -36.1
 -57.1 -36.3
 -56.9 -36.3
 -56.9 -36.4
 -56.8 -36.3
 -56.7 -36.3
 -56.7 -36.4
 -56.7 -36.8
 -56.7 -36.9
 -56.8 -37.0
 -57.1 -37.5
 -57.5 -37.8
 -57.5 -37.9
 -57.5 -38.1
 -57.6 -38.2
 -58.0 -38.4
 -58.5 -38.5
 -59.1 -38.7
 -59.8 -38.8
 -60.4 -38.9
 -61.1 -39.0
 -61.8 -39.0
 -62.0 -38.9
 -62.2 -38.8
 -62.4 -38.8
 -62.3 -38.9
 -62.3 -39.0
 -62.3 -39.2
 -62.1 -39.3
 -62.0 -39.4
 -62.1 -39.4
 -62.2 -39.3
 -62.3 -39.3
 -62.1 -39.5
 -62.1 -39.8
 -62.3 -39.8
 -62.4 -40.1
 -62.3 -40.1
 -62.4 -40.2
 -62.5 -40.3
 -62.4 -40.5
 -62.3 -40.5
 -62.3 -40.6
 -62.2 -40.6
 -62.3 -40.6
 -62.3 -40.7
 -62.2 -40.6
 -62.3 -40.9
 -62.4 -40.9
 -62.9 -41.1
 -63.4 -41.2
 -63.8 -41.2
 -64.0 -41.1
 -64.1 -41.0
 -64.7 -40.8
 -64.9 -40.8
 -64.8 -40.8
 -64.7 -40.8
 -64.8 -40.7
 -64.9 -40.7
 -64.9 -40.8
 -65.0 -40.8
 -65.1 -40.8
 -65.2 -41.0
 -65.1 -41.3
 -65.0 -41.5
 -65.0 -41.7
 -65.0 -41.8
 -65.1 -42.0
 -64.9 -42.2
 -64.7 -42.2
 -64.5 -42.2
 -64.5 -42.3
 -64.6 -42.4
 -64.1 -42.4
 -64.0 -42.4
 -64.0 -42.3
 -64.1 -42.3
 -64.3 -42.2
 -64.2 -42.2
 -63.9 -42.1
 -63.7 -42.1
 -63.6 -42.3
 -63.6 -42.8
 -63.7 -42.8
 -64.1 -42.9
 -64.3 -42.8
 -64.2 -42.6
 -64.3 -42.5
 -64.5 -42.5
 -64.6 -42.5
 -65.0 -42.7
 -65.0 -42.8
 -64.4 -43.0
 -64.3 -42.9
 -64.3 -43.0
 -64.4 -43.1
 -64.8 -43.2
 -65.0 -43.3
 -65.0 -43.4
 -65.1 -43.5
 -65.3 -43.7
 -65.3 -44.0
 -65.2 -44.0
 -65.3 -44.2
 -65.2 -44.3
 -65.3 -44.4
 -65.3 -44.5
 -65.5 -44.6
 -65.7 -44.8
 -65.5 -44.9
 -65.6 -44.9
 -65.6 -45.0
 -65.7 -45.0
 -65.9 -45.0
 -66.0 -45.0
 -66.2 -45.0
 -66.5 -45.1
 -66.6 -45.1
 -66.5 -45.2
 -66.8 -45.2
 -67.0 -45.3
 -67.1 -45.5
 -67.3 -45.6
 -67.3 -45.7
 -67.3 -45.8
 -67.4 -45.8
 -67.6 -46.0
 -67.6 -46.1
 -67.6 -46.2
 -67.5 -46.5
 -67.2 -46.7
 -66.7 -47.0
 -66.0 -47.1
 -65.8 -47.2
 -65.7 -47.3
 -65.8 -47.5
 -65.9 -47.8
 -66.0 -47.8
 -65.9 -47.8
 -65.9 -47.9
 -65.8 -47.9
 -65.8 -48.0
 -66.0 -48.0
 -65.9 -48.1
 -66.1 -48.1
 -66.2 -48.2
 -66.3 -48.3
 -66.7 -48.4
 -66.8 -48.6
 -67.0 -48.6
 -67.1 -48.7
 -67.2 -48.8
 -67.5 -49.0
 -67.6 -49.1
 -67.6 -49.2
 -67.7 -49.2
 -67.8 -49.3
 -67.8 -49.4
 -67.7 -49.4
 -67.6 -49.3
 -67.7 -49.8
 -67.8 -49.9
 -68.1 -50.1
 -68.2 -50.1
 -68.3 -50.1
 -68.4 -50.1
 -68.5 -49.9
 -68.6 -49.9
 -68.6 -50.0
 -68.5 -50.1
 -68.4 -50.1
 -68.4 -50.2
 -68.8 -50.3
 -69.0 -50.4
 -69.1 -50.6
 -69.1 -50.9
 -69.2 -51.0
 -69.0 -51.5
 -69.0 -51.6
 -69.1 -51.6
 -69.4 -51.6
 -69.6 -51.6
 -69.3 -51.6
 -69.2 -51.7
 -69.0 -51.6
 -68.8 -51.9
 -68.4 -52.2
 -68.4 -52.3
 -68.4 -52.4
 -68.5 -52.3
 -68.8 -52.3
 -69.1 -52.2
 -69.3 -52.2
 -69.4 -52.3
 -69.5 -52.3
 -69.5 -52.4
 -69.6 -52.4
 -69.6 -52.5
 -69.7 -52.5
 -69.8 -52.5
 -70.2 -52.6
 -70.3 -52.6
 -70.5 -52.7
 -70.5 -52.6
 -70.6 -52.7
 -70.8 -52.7
 -70.9 -52.7
 -70.8 -52.8
 -70.7 -52.8
 -70.9 -52.9
 -70.8 -52.9
 -70.8 -53.0
 -70.9 -53.1
 -71.0 -53.4
 -70.9 -53.6
 -71.0 -53.8
 -71.1 -53.8
 -71.3 -53.9
 -71.7 -53.8
 -71.9 -53.7
 -72.0 -53.7
 -72.1 -53.7
 -72.4 -53.5
 -72.5 -53.4
 -72.4 -53.4
 -72.4 -53.3
 -72.3 -53.2
 -72.1 -53.3
 -72.1 -53.4
 -72.2 -53.4
 -72.0 -53.4
 -72.0 -53.3
 -72.0 -53.2
 -71.9 -53.2
 -71.8 -53.2
 -71.8 -53.4
 -71.8 -53.5
 -72.0 -53.5
 -72.0 -53.6
 -71.8 -53.5
 -71.7 -53.2
 -71.6 -53.2
 -71.4 -53.1
 -71.3 -53.1
 -71.1 -52.9
 -71.2 -52.8
 -71.4 -52.8
 -71.4 -52.7
 -71.4 -52.8
 -71.8 -53.0
 -72.0 -53.1
 -72.1 -53.1
 -72.2 -53.0
 -72.5 -53.1
 -72.6 -53.1
 -72.4 -53.1
 -72.3 -53.1
 -72.2 -53.2
 -72.3 -53.2
 -72.5 -53.2
 -72.4 -53.2
 -72.4 -53.3
 -72.5 -53.3
 -72.5 -53.4
 -72.6 -53.4
 -72.5 -53.4
 -72.4 -53.5
 -72.6 -53.5
 -72.8 -53.4
 -73.1 -53.3
 -73.3 -53.2
 -72.9 -53.2
 -72.8 -53.2
 -72.8 -53.3
 -72.7 -53.3
 -72.8 -53.2
 -72.7 -53.2
 -72.8 -53.1
 -72.7 -53.2
 -72.7 -53.1
 -72.9 -53.1
 -72.9 -53.0
 -73.0 -52.8
 -72.7 -52.7
 -72.6 -52.8
 -72.7 -52.9
 -72.6 -52.8
 -72.5 -52.8
 -72.4 -52.9
 -72.2 -52.7
 -72.0 -52.6
 -71.9 -52.7
 -71.7 -52.7
 -71.5 -52.6
 -72.1 -52.5
 -72.3 -52.5
 -72.4 -52.6
 -72.4 -52.7
 -72.5 -52.6
 -72.5 -52.5
 -72.4 -52.5
 -72.6 -52.6
 -72.9 -52.5
 -72.9 -52.6
 -73.0 -52.7
 -72.8 -52.6
 -72.7 -52.6
 -72.7 -52.7
 -72.8 -52.7
 -72.9 -52.8
 -73.0 -52.8
 -72.9 -53.0
 -73.0 -53.1
 -73.1 -53.1
 -73.2 -53.1
 -73.2 -53.0
 -73.2 -53.1
 -73.5 -53.0
 -73.4 -53.0
 -73.2 -53.0
 -73.2 -52.9
 -73.5 -52.8
 -73.6 -52.8
 -73.4 -52.8
 -73.2 -52.8
 -73.3 -52.8
 -73.3 -52.7
 -73.2 -52.7
 -73.2 -52.6
 -73.1 -52.5
 -73.2 -52.4
 -73.2 -52.5
 -73.2 -52.6
 -73.3 -52.7
 -73.3 -52.6
 -73.4 -52.5
 -73.4 -52.6
 -73.5 -52.7
 -73.6 -52.7
 -73.7 -52.7
 -73.6 -52.6
 -73.7 -52.6
 -73.5 -52.5
 -73.6 -52.5
 -73.5 -52.5
 -73.6 -52.4
 -73.7 -52.4
 -73.6 -52.4
 -73.6 -52.2
 -73.7 -52.1
 -73.7 -52.0
 -73.5 -52.2
 -73.5 -52.1
 -73.3 -52.2
 -73.2 -52.2
 -73.2 -52.1
 -73.1 -52.1
 -73.0 -52.1
 -73.0 -52.2
 -73.1 -52.2
 -73.0 -52.2
 -72.9 -52.3
 -72.8 -52.2
 -72.7 -52.1
 -72.8 -52.1
 -72.9 -52.2
 -72.9 -52.1
 -72.9 -52.0
 -72.8 -51.9
 -72.7 -52.0
 -72.7 -52.1
 -72.6 -52.1
 -72.5 -52.2
 -72.6 -52.3
 -72.9 -52.4
 -72.9 -52.5
 -72.7 -52.4
 -72.5 -52.5
 -72.5 -52.4
 -72.6 -52.4
 -72.5 -52.3
 -72.5 -52.2
 -72.7 -52.0
 -72.7 -51.9
 -72.5 -51.9
 -72.5 -51.8
 -72.7 -51.6
 -72.8 -51.6
 -73.1 -51.5
 -73.1 -51.4
 -73.2 -51.5
 -73.3 -51.5
 -73.0 -51.5
 -73.1 -51.6
 -73.0 -51.5
 -72.8 -51.6
 -72.7 -51.7
 -72.6 -51.7
 -72.6 -51.8
 -73.0 -51.8
 -73.0 -51.7
 -73.2 -51.7
 -73.2 -51.6
 -73.3 -51.6
 -73.2 -51.7
 -73.1 -51.7
 -73.0 -51.7
 -73.0 -51.8
 -73.1 -51.8
 -73.0 -51.8
 -73.1 -51.8
 -73.2 -51.9
 -73.0 -51.8
 -72.9 -51.8
 -72.9 -51.9
 -73.1 -51.9
 -73.2 -52.1
 -73.3 -51.7
 -73.4 -51.7
 -73.3 -52.0
 -73.3 -52.2
 -73.6 -52.0
 -73.6 -51.9
 -73.6 -51.8
 -73.4 -52.0
 -73.5 -51.9
 -73.6 -51.8
 -73.6 -51.7
 -73.5 -51.7
 -73.7 -51.7
 -73.7 -51.8
 -73.8 -51.7
 -73.7 -51.7
 -73.9 -51.6
 -73.8 -51.5
 -73.9 -51.5
 -73.9 -51.4
 -73.8 -51.4
 -73.6 -51.6
 -73.7 -51.4
 -73.7 -51.3
 -73.8 -51.2
 -73.7 -51.2
 -73.7 -51.3
 -73.7 -51.2
 -73.7 -51.1
 -73.8 -51.1
 -73.8 -51.2
 -73.9 -51.2
 -74.0 -51.1
 -74.0 -51.2
 -74.1 -51.2
 -74.2 -51.1
 -74.1 -51.0
 -74.2 -51.0
 -74.3 -50.9
 -74.2 -50.9
 -73.9 -50.9
 -73.8 -51.0
 -73.8 -50.9
 -73.9 -50.8
 -73.8 -50.8
 -73.7 -50.8
 -73.8 -50.7
 -73.7 -50.7
 -73.6 -50.6
 -73.5 -50.7
 -73.7 -50.6
 -73.7 -50.5
 -73.6 -50.5
 -73.6 -50.4
 -73.6 -50.5
 -73.7 -50.5
 -73.8 -50.5
 -73.8 -50.8
 -73.9 -50.8
 -74.0 -50.8
 -74.1 -50.8
 -74.1 -50.7
 -74.2 -50.6
 -74.3 -50.5
 -74.2 -50.5
 -74.1 -50.6
 -74.1 -50.5
 -74.0 -50.5
 -73.9 -50.5
 -74.0 -50.5
 -74.1 -50.5
 -74.1 -50.4
 -74.0 -50.4
 -74.1 -50.4
 -74.3 -50.4
 -74.3 -50.3
 -74.4 -50.4
 -74.5 -50.3
 -74.5 -50.2
 -74.7 -50.2
 -74.6 -50.1
 -74.5 -50.1
 -74.3 -50.1
 -74.3 -50.2
 -74.2 -50.3
 -74.1 -50.2
 -74.0 -50.3
 -73.9 -50.3
 -74.0 -50.2
 -74.2 -50.2
 -74.2 -50.1
 -74.3 -50.1
 -74.4 -50.0
 -74.3 -49.9
 -74.2 -50.0
 -73.9 -50.0
 -74.0 -50.0
 -73.9 -49.9
 -74.0 -50.0
 -74.1 -50.0
 -74.2 -49.9
 -74.3 -49.9
 -74.3 -49.8
 -74.1 -49.7
 -74.3 -49.7
 -74.3 -49.6
 -74.1 -49.5
 -74.0 -49.6
 -73.9 -49.6
 -73.7 -49.8
 -73.7 -49.7
 -73.8 -49.6
 -73.9 -49.5
 -74.1 -49.5
 -74.1 -49.3
 -74.0 -49.3
 -73.9 -49.3
 -74.0 -49.2
 -74.0 -49.1
 -73.9 -49.0
 -73.8 -49.1
 -73.8 -49.0
 -73.9 -49.0
 -74.1 -49.0
 -74.0 -49.2
 -74.1 -49.2
 -74.2 -49.2
 -74.2 -49.3
 -74.2 -49.5
 -74.4 -49.4
 -74.4 -49.3
 -74.4 -49.1
 -74.5 -49.1
 -74.5 -49.0
 -74.4 -49.0
 -74.4 -48.9
 -74.4 -48.8
 -74.4 -48.7
 -74.1 -48.7
 -74.2 -48.7
 -74.3 -48.7
 -74.4 -48.7
 -74.4 -48.6
 -74.2 -48.5
 -74.1 -48.5
 -74.0 -48.6
 -74.0 -48.5
 -74.0 -48.4
 -73.9 -48.4
 -74.0 -48.4
 -74.2 -48.3
 -74.1 -48.3
 -74.3 -48.3
 -74.3 -48.2
 -74.4 -48.2
 -74.5 -48.1
 -74.5 -48.0
 -74.6 -48.1
 -74.7 -48.0
 -74.6 -48.0
 -74.5 -48.0
 -74.3 -48.0
 -74.2 -48.2
 -74.3 -48.1
 -74.3 -48.0
 -73.9 -48.0
 -73.9 -48.1
 -73.8 -48.1
 -73.8 -48.0
 -73.8 -48.1
 -73.7 -48.1
 -73.6 -48.1
 -73.6 -48.2
 -73.5 -48.2
 -73.4 -48.2
 -73.3 -48.2
 -73.3 -48.1
 -73.4 -48.2
 -73.5 -48.1
 -73.6 -48.0
 -73.6 -47.9
 -73.5 -48.0
 -73.2 -48.0
 -73.3 -48.0
 -73.5 -48.0
 -73.5 -47.9
 -73.6 -47.9
 -73.6 -47.8
 -73.7 -47.8
 -73.7 -47.7
 -73.7 -47.6
 -73.7 -47.5
 -73.7 -47.6
 -73.8 -47.7
 -73.8 -47.8
 -73.9 -47.8
 -74.0 -47.8
 -74.1 -47.8
 -74.4 -47.8
 -74.4 -47.7
 -74.5 -47.8
 -74.7 -47.7
 -74.6 -47.6
 -74.6 -47.7
 -74.6 -47.6
 -74.5 -47.6
 -74.4 -47.6
 -74.4 -47.7
 -74.5 -47.7
 -74.3 -47.7
 -74.3 -47.6
 -74.2 -47.6
 -74.1 -47.6
 -74.0 -47.6
 -74.1 -47.6
 -74.3 -47.6
 -74.4 -47.5
 -74.5 -47.5
 -74.4 -47.5
 -74.5 -47.4
 -74.5 -47.5
 -74.5 -47.4
 -74.3 -47.2
 -74.2 -47.2
 -74.1 -47.3
 -74.1 -47.2
 -74.0 -47.2
 -74.0 -47.3
 -74.0 -47.2
 -74.1 -47.2
 -73.9 -47.0
 -74.1 -47.0
 -74.2 -46.9
 -74.1 -46.8
 -74.2 -46.9
 -74.3 -46.8
 -74.6 -46.7
 -74.5 -46.8
 -74.7 -46.8
 -74.7 -46.9
 -74.4 -46.9
 -74.5 -46.9
 -74.7 -46.9
 -74.7 -46.8
 -74.9 -46.8
 -75.1 -46.7
 -75.1 -46.6
 -74.9 -46.5
 -75.0 -46.4
 -75.1 -46.6
 -75.3 -46.6
 -75.4 -46.6
 -75.5 -46.7
 -75.7 -46.8
 -75.6 -46.8
 -75.5 -46.7
 -75.4 -46.7
 -75.5 -46.8
 -75.4 -46.8
 -75.4 -46.9
 -75.3 -46.9
 -75.4 -46.9
 -75.5 -47.0
 -75.6 -46.9
 -75.7 -46.8
 -75.7 -46.7
 -75.6 -46.6
 -75.5 -46.5
 -75.4 -46.5
 -75.4 -46.4
 -75.3 -46.4
 -75.2 -46.4
 -75.2 -46.3
 -75.1 -46.4
 -75.1 -46.3
 -75.1 -46.2
 -75.0 -46.2
 -74.9 -46.3
 -75.0 -46.2
 -74.9 -46.1
 -74.8 -46.2
 -74.8 -46.1
 -74.8 -46.0
 -74.7 -46.0
 -74.7 -45.9
 -74.7 -45.8
 -74.6 -45.8
 -74.5 -45.9
 -74.5 -46.0
 -74.4 -46.0
 -74.5 -45.8
 -74.3 -45.8
 -74.2 -45.8
 -74.1 -45.8
 -74.1 -45.9
 -74.2 -45.9
 -74.1 -45.9
 -74.1 -46.0
 -74.2 -46.0
 -74.1 -46.0
 -74.1 -46.1
 -74.2 -46.1
 -74.1 -46.1
 -74.1 -46.0
 -74.0 -46.0
 -74.0 -46.1
 -74.1 -46.2
 -74.3 -46.3
 -74.4 -46.2
 -74.5 -46.2
 -74.3 -46.3
 -74.0 -46.2
 -74.1 -46.2
 -74.0 -46.3
 -73.9 -46.3
 -74.0 -46.2
 -74.0 -46.1
 -73.9 -46.1
 -73.8 -46.2
 -73.8 -46.4
 -74.0 -46.6
 -73.9 -46.6
 -73.8 -46.6
 -73.8 -46.5
 -73.7 -46.4
 -73.6 -46.3
 -73.5 -46.3
 -73.6 -46.3
 -73.5 -46.2
 -73.3 -46.0
 -73.4 -46.0
 -73.6 -46.2
 -73.6 -46.3
 -73.7 -46.3
 -73.6 -46.1
 -73.7 -46.0
 -73.6 -45.9
 -73.5 -45.9
 -73.6 -45.8
 -73.5 -45.8
 -73.4 -45.7
 -73.2 -45.7
 -73.3 -45.6
 -73.6 -45.8
 -73.5 -45.5
 -73.4 -45.4
 -73.4 -45.5
 -73.4 -45.4
 -73.3 -45.4
 -73.3 -45.3
 -73.2 -45.3
 -73.0 -45.5
 -72.9 -45.5
 -72.8 -45.4
 -73.0 -45.4
 -73.1 -45.3
 -73.3 -45.2
 -73.3 -45.3
 -73.4 -45.3
 -73.5 -45.3
 -73.4 -45.2
 -73.3 -45.2
 -73.3 -45.1
 -73.4 -45.1
 -73.4 -45.0
 -73.2 -45.0
 -72.8 -44.8
 -72.7 -44.8
 -72.7 -44.5
 -72.6 -44.5
 -72.6 -44.3
 -72.7 -44.5
 -72.8 -44.4
 -72.9 -44.3
 -73.2 -44.3
 -73.2 -44.2
 -73.1 -44.2
 -73.1 -44.1
 -73.2 -44.2
 -73.3 -44.2
 -73.3 -44.1
 -73.2 -44.1
 -73.1 -44.1
 -73.1 -44.0
 -73.0 -43.8
 -72.8 -43.8
 -72.9 -43.7
 -72.9 -43.8
 -73.0 -43.7
 -73.1 -43.7
 -73.0 -43.6
 -72.9 -43.6
 -73.0 -43.6
 -73.1 -43.4
 -73.1 -43.3
 -72.9 -43.2
 -72.9 -43.1
 -72.8 -43.0
 -72.8 -43.1
 -72.7 -43.1
 -72.7 -42.9
 -72.8 -42.9
 -72.9 -42.8
 -72.9 -42.6
 -72.8 -42.5
 -72.7 -42.5
 -72.6 -42.6
 -72.5 -42.5
 -72.7 -42.5
 -72.8 -42.3
 -72.6 -42.2
 -72.5 -42.5
 -72.4 -42.4
 -72.5 -42.3
 -72.4 -42.2
 -72.5 -42.1
 -72.5 -42.0
 -72.6 -42.0
 -72.7 -42.0
 -72.9 -41.9
 -72.7 -41.7
 -72.6 -41.7
 -72.4 -41.7
 -72.3 -41.6
 -72.3 -41.4
 -72.4 -41.5
 -72.4 -41.7
 -72.6 -41.7
 -72.7 -41.7
 -72.8 -41.5
 -72.9 -41.5
 -73.0 -41.5
 -73.1 -41.6
 -73.1 -41.7
 -73.2 -41.8
 -73.3 -41.8
 -73.4 -41.8
 -73.8 -41.8
 -73.7 -41.7
 -73.6 -41.6
 -73.5 -41.5
 -73.6 -41.6
 -73.8 -41.6
 -73.9 -41.3
 -74.0 -41.2
 -74.0 -41.0
 -73.9 -40.9
 -73.9 -40.8
 -73.9 -40.7
 -73.9 -40.6
 -73.8 -40.6
 -73.7 -40.5
 -73.7 -40.3
 -73.7 -40.1
 -73.7 -40.0
 -73.7 -39.9
 -73.6 -39.9
 -73.5 -39.8
 -73.4 -39.8
 -73.4 -39.9
 -73.4 -39.7
 -73.3 -39.6
 -73.2 -39.3
 -73.3 -39.2
 -73.4 -38.7
 -73.5 -38.5
 -73.5 -38.3
 -73.5 -38.2
 -73.5 -38.1
 -73.5 -38.0
 -73.7 -37.7
 -73.7 -37.6
 -73.6 -37.5
 -73.6 -37.4
 -73.7 -37.3
 -73.6 -37.2
 -73.6 -37.1
 -73.5 -37.2
 -73.3 -37.2
 -73.2 -37.2
 -73.2 -37.1
 -73.1 -36.8
 -73.2 -36.8
 -73.1 -36.7
 -73.1 -36.6
 -73.1 -36.7
 -73.0 -36.7
 -73.0 -36.6
 -73.0 -36.5
 -72.9 -36.5
 -72.9 -36.4
 -72.8 -36.0
 -72.6 -35.8
 -72.6 -35.7
 -72.7 -35.6
 -72.6 -35.6
 -72.5 -35.5
 -72.4 -35.2
 -72.2 -35.1
 -72.2 -34.9
 -72.2 -34.8
 -72.1 -34.6
 -72.1 -34.4
 -72.0 -34.4
 -72.0 -34.1
 -71.8 -33.8
 -71.7 -33.7
 -71.6 -33.5
 -71.7 -33.4
 -71.7 -33.3
 -71.8 -33.1
 -71.6 -33.0
 -71.5 -32.8
 -71.5 -32.7
 -71.4 -32.6
 -71.5 -32.5
 -71.4 -32.4
 -71.5 -32.2
 -71.5 -31.8
 -71.6 -31.6
 -71.6 -31.2
 -71.7 -31.1
 -71.7 -30.9
 -71.7 -30.5
 -71.6 -30.2
 -71.5 -30.3
 -71.4 -30.2
 -71.4 -30.1
 -71.4 -30.0
 -71.3 -29.9
 -71.3 -29.8
 -71.3 -29.6
 -71.3 -29.4
 -71.4 -29.3
 -71.5 -29.2
 -71.5 -29.0
 -71.5 -28.9
 -71.3 -28.7
 -71.3 -28.6
 -71.2 -28.4
 -71.2 -28.2
 -71.0 -27.7
 -70.9 -27.6
 -70.9 -27.5
 -71.0 -27.4
 -70.9 -27.3
 -71.0 -27.2
 -70.9 -27.1
 -70.8 -27.0
 -70.8 -26.9
 -70.7 -26.6
 -70.7 -26.5
 -70.6 -26.3
 -70.7 -26.3
 -70.6 -26.0
 -70.7 -25.8
 -70.6 -25.6
 -70.6 -25.5
 -70.5 -25.5
 -70.5 -25.4
 -70.4 -25.4
 -70.4 -25.2
 -70.5 -25.1
 -70.5 -25.0
 -70.5 -24.8
 -70.6 -24.7
 -70.6 -24.5
 -70.5 -24.2
 -70.5 -23.9
 -70.5 -23.8
 -70.4 -23.7
 -70.4 -23.6
 -70.4 -23.5
 -70.5 -23.5
 -70.6 -23.5
 -70.6 -23.2
 -70.6 -23.1
 -70.5 -23.0
 -70.5 -23.1
 -70.4 -23.1
 -70.3 -23.0
 -70.3 -22.9
 -70.2 -22.4
 -70.2 -21.9
 -70.1 -21.4
 -70.1 -21.3
 -70.2 -21.0
 -70.1 -20.9
 -70.2 -20.7
 -70.2 -20.5
 -70.1 -20.3
 -70.2 -20.2
 -70.2 -19.7
 -70.2 -19.6
 -70.2 -19.4
 -70.3 -18.9
 -70.3 -18.4
 -70.4 -18.3
 -70.8 -18.1
 -70.9 -17.9
 -71.1 -17.9
 -71.2 -17.8
 -71.4 -17.7
 -71.4 -17.6
 -71.4 -17.4
 -71.5 -17.3
 -71.8 -17.2
 -72.0 -17.0
 -72.2 -17.0
 -72.4 -16.8
 -72.5 -16.7
 -72.7 -16.7
 -73.2 -16.4
 -73.3 -16.4
 -73.3 -16.3
 -73.6 -16.3
 -73.7 -16.2
 -73.9 -16.1
 -74.1 -16.0
 -74.4 -15.8
 -74.5 -15.7
 -74.8 -15.6
 -75.2 -15.4
 -75.2 -15.3
 -75.3 -15.3
 -75.2 -15.2
 -75.3 -15.2
 -75.4 -15.1
 -75.5 -15.0
 -75.5 -14.9
 -75.9 -14.7
 -76.0 -14.5
 -76.2 -14.3
 -76.1 -14.3
 -76.2 -14.2
 -76.3 -14.2
 -76.3 -14.1
 -76.3 -13.9
 -76.4 -13.9
 -76.4 -13.8
 -76.3 -13.8
 -76.3 -13.9
 -76.2 -13.6
 -76.2 -13.4
 -76.5 -13.0
 -76.5 -12.8
 -76.6 -12.8
 -76.6 -12.7
 -76.8 -12.5
 -76.8 -12.4
 -76.9 -12.3
 -77.0 -12.2
 -77.1 -12.1
 -77.2 -12.1
 -77.1 -11.9
 -77.2 -11.8
 -77.3 -11.5
 -77.7 -11.3
 -77.7 -11.2
 -77.6 -11.2
 -77.7 -10.9
 -77.9 -10.5
 -78.2 -10.1
 -78.2 -10.0
 -78.2 -9.8
 -78.4 -9.6
 -78.4 -9.4
 -78.5 -9.3
 -78.5 -9.2
 -78.6 -9.2
 -78.6 -9.1
 -78.7 -8.9
 -78.8 -8.8
 -78.8 -8.7
 -78.8 -8.6
 -78.9 -8.4
 -79.0 -8.3
 -79.1 -8.1
 -79.2 -8.0
 -79.4 -7.8
 -79.6 -7.3
 -79.7 -7.2
 -79.7 -7.1
 -79.9 -6.9
 -80.0 -6.8
 -80.1 -6.6
 -80.4 -6.5
 -81.2 -6.1
 -81.2 -5.9
 -81.1 -5.8
 -81.0 -5.9
 -80.9 -5.9
 -80.9 -5.8
 -80.9 -5.6
 -80.9 -5.5
 -81.2 -5.2
 -81.2 -5.1
 -81.1 -5.1
 -81.1 -5.0
 -81.4 -4.7
 -81.3 -4.6
 -81.3 -4.5
 -81.3 -4.3
 -81.2 -4.2
 -81.0 -4.0
 -80.9 -3.9
 -80.8 -3.7
 -80.6 -3.6
 -80.5 -3.5
 -80.4 -3.5
 -80.3 -3.4
 -80.1 -3.3
 -80.1 -3.2
 -80.0 -3.2
 -80.0 -3.3
 -79.9 -3.0
 -79.7 -2.6
 -79.7 -2.5
 -79.8 -2.5
 -79.9 -2.2
 -79.8 -2.0
 -79.9 -2.1
 -79.9 -2.2
 -79.9 -2.3
 -79.9 -2.4
 -79.9 -2.6
 -80.0 -2.6
 -80.1 -2.6
 -80.0 -2.5
 -79.9 -2.5
 -80.0 -2.5
 -80.0 -2.4
 -80.0 -2.3
 -80.1 -2.5
 -80.2 -2.6
 -80.3 -2.6
 -80.2 -2.7
 -80.3 -2.7
 -80.7 -2.4
 -80.9 -2.3
 -81.0 -2.2
 -80.9 -2.2
 -80.8 -2.1
 -80.7 -1.9
 -80.8 -1.7
 -80.9 -1.6
 -80.8 -1.5
 -80.8 -1.3
 -80.9 -1.1
 -80.9 -1.0
 -80.8 -0.9
 -80.6 -0.9
 -80.4 -0.6
 -80.3 -0.6
 -80.4 -0.6
 -80.5 -0.4
 -80.4 -0.3
 -80.4 -0.2
 -80.3 -0.2
 -80.1 0.0
 -80.0 0.2
 -80.0 0.6
 -80.1 0.7
 -80.1 0.8
 -80.0 0.8
 -79.7 1.0
 -79.7 0.9
 -79.6 0.8
 -79.6 1.0
 -79.2 1.1
 -79.1 1.2
 -79.0 1.2
 -79.0 1.1
 -79.0 1.2
 -78.9 1.2
 -78.9 1.3
 -78.8 1.4
 -78.9 1.6
 -79.0 1.6
 -79.1 1.6
 -79.0 1.8
 -78.9 1.8
 -78.6 1.8
 -78.5 1.9
 -78.6 1.9
 -78.6 2.0
 -78.7 2.0
 -78.7 2.2
 -78.5 2.4
 -78.5 2.5
 -78.4 2.5
 -78.4 2.4
 -78.2 2.5
 -78.1 2.5
 -78.1 2.6
 -78.0 2.5
 -77.9 2.6
 -78.0 2.6
 -77.9 2.6
 -77.8 2.6
 -77.7 2.6
 -77.8 2.7
 -77.8 2.8
 -77.6 2.8
 -77.6 2.9
 -77.7 2.9
 -77.6 2.9
 -77.6 3.0
 -77.7 3.0
 -77.6 3.1
 -77.5 3.1
 -77.5 3.2
 -77.4 3.3
 -77.5 3.3
 -77.4 3.4
 -77.4 3.3
 -77.3 3.5
 -77.3 3.6
 -77.2 3.6
 -77.1 3.7
 -77.2 3.7
 -77.2 3.8
 -77.1 3.8
 -77.2 3.8
 -77.1 3.8
 -77.0 3.9
 -77.1 3.9
 -77.3 3.8
 -77.3 3.9
 -77.3 4.0
 -77.2 4.0
 -77.2 4.1
 -77.3 4.1
 -77.3 4.0
 -77.3 3.9
 -77.4 3.9
 -77.4 4.1
 -77.4 4.2
 -77.3 4.2
 -77.2 4.3
 -77.4 4.3
 -77.3 4.4
 -77.3 4.6
 -77.3 4.7
 -77.4 5.0
 -77.4 5.4
 -77.5 5.5
 -77.5 5.6
 -77.4 5.6
 -77.3 5.6
 -77.3 5.7
 -77.2 5.8
 -77.5 6.2
 -77.5 6.3
 -77.4 6.2
 -77.4 6.3
 -77.4 6.4
 -77.4 6.5
 -77.3 6.6
 -77.5 6.7
 -77.6 6.8
 -77.7 6.9
 -77.7 6.8
 -77.7 6.9
 -77.7 7.0
 -77.7 7.1
 -77.8 7.2
 -77.9 7.2
 -77.8 7.5
 -77.7 7.5
 -77.8 7.6
 -77.8 7.7
 -77.7 7.7
 -77.6 7.5
 -77.4 7.6
 -77.3 7.7
 -77.4 7.8
 -77.3 7.9
 -77.1 7.9
 -77.2 8.1
 -77.4 8.3
 -77.4 8.4
 -77.4 8.5
 -77.5 8.5
 -77.4 8.7
 -77.2 8.5
 -77.1 8.4
 -77.0 8.3
 -76.9 8.2
 -76.9 8.1
 -76.8 8.1
 -76.9 8.0
 -76.9 7.9
 -76.8 7.9
 -76.7 8.0
 -76.8 8.2
 -76.8 8.5
 -76.9 8.5
 -76.9 8.6
 -76.6 8.7
 -76.4 8.9
 -76.3 9.0
 -76.3 9.1
 -76.2 9.1
 -76.2 9.2
 -76.1 9.3
 -75.9 9.4
 -75.7 9.4
 -75.6 9.5
 -75.6 9.6
 -75.6 9.7
 -75.7 9.7
 -75.6 9.8
 -75.5 10.2
 -75.6 10.2
 -75.7 10.2
 -75.5 10.3
 -75.5 10.4
 -75.5 10.5
 -75.5 10.6
 -75.3 10.7
 -75.2 10.7
 -75.3 10.8
 -75.0 11.0
 -74.9 11.1
 -74.3 11.0
 -74.4 11.0
 -74.5 11.0
 -74.5 10.9
 -74.6 10.9
 -74.6 10.8
 -74.5 10.8
 -74.5 10.7
 -74.4 10.7
 -74.3 10.9
 -74.2 11.2
 -74.2 11.3
 -74.0 11.4
 -73.7 11.3
 -73.3 11.3
 -73.2 11.3
 -73.0 11.5
 -72.6 11.8
 -72.4 11.8
 -72.2 11.9
 -72.1 12.1
 -72.2 12.2
 -72.1 12.2
 -72.0 12.3
 -72.0 12.2
 -71.9 12.2
 -71.9 12.3
 -72.0 12.3
 -71.8 12.4
 -71.8 12.3
 -71.7 12.4
 -71.7 12.5
 -71.5 12.4
 -71.2 12.3
 -71.1 12.1
 -71.1 12.0
 -71.3 11.9
 -71.4 11.8
 -71.9 11.6
 -72.0 11.6
 -72.0 11.5
 -71.9 11.3
 -71.8 11.1
 -71.6 11.0
 -71.7 11.0
 -71.8 11.0
 -71.6 10.7
 -71.6 10.5
 -71.8 10.4
 -72.0 10.0
 -72.1 9.8
 -72.0 9.6
 -72.0 9.5
 -71.9 9.5
 -71.8 9.4
 -71.9 9.4
 -71.8 9.4
 -71.7 9.3
 -71.8 9.2
 -71.7 9.2
 -71.8 9.1
 -71.6 9.0
 -71.5 9.0
 -71.3 9.1
 -71.2 9.3
 -71.1 9.3
 -71.1 9.5
 -71.0 9.7
 -71.1 9.9
 -71.4 10.3
 -71.5 10.6
 -71.5 10.7
 -71.6 10.8
 -71.4 10.8
 -71.4 10.9
 -71.5 11.0
 -71.1 11.1
 -70.8 11.2
 -70.4 11.3
 -70.1 11.4
 -70.2 11.5
 -70.0 11.4
 -70.0 11.5
 -69.9 11.4
 -69.8 11.4
 -69.7 11.5
 -69.8 11.7
 -70.2 11.6
 -70.2 11.8
 -70.3 11.9
 -70.2 12.1
 

